timestamp,x_km,y_km,z_km,vx_km_s,vy_km_s,vz_km_s,name
2025-06-23T19:03:39.679181,9608.61391367714,-4046.1241581032955,-0.006223397214268658,1.4037730782379036,3.958271459957508,3.6290694811210775,28265U
2025-06-23T19:04:39.679181,9686.71309943926,-3806.139261465017,217.75803827267532,1.1995051120844118,4.041394096245053,3.626754005787226,28265U
2025-06-23T19:05:39.679181,9752.480056460825,-3561.3087479555206,435.2434737538663,0.9926961624479828,4.119769548032948,3.6197871871763136,28265U
2025-06-23T19:06:39.679181,9805.76500970519,-3311.9200944708305,652.1695740954073,0.7834345331364557,4.1933033940466675,3.6081233255261425,28265U
2025-06-23T19:07:39.679181,9846.42351855155,-3058.2666439724553,868.252943326948,0.5718102763684398,4.261894442499825,3.5917119174075096,28265U
2025-06-23T19:08:39.679181,9874.316603626969,-2800.648023546375,1083.207008908941,0.3579159357968813,4.325434390661174,3.570497634246719,28265U
2025-06-23T19:09:39.679181,9889.310919596212,-2539.3705830101853,1296.74173128684,0.14184733033026498,4.383807482681515,3.5444203132786103,28265U
2025-06-23T19:10:39.679181,9891.27897653288,-2274.747854143417,1508.5633133804176,-0.0762956156700962,4.436890166390482,3.5134149633779845,28265U
2025-06-23T19:11:39.679181,9880.09941283952,-2007.1010305592565,1718.3739110011459,-0.2964079899084857,4.484550750240065,3.4774117887016454,28265U
2025-06-23T19:12:39.679181,9855.657323048592,-1736.7594681465587,1925.8713453846133,-0.518378951142998,4.526649062107666,3.436336233615466,28265U
2025-06-23T19:13:39.679181,9817.844644220537,-1464.061205889121,2130.7488192518736,-0.7420907230542676,4.563036112288915,3.3901090529901134,28265U
2025-06-23T19:14:39.679181,9766.560605059653,-1189.353506704237,2332.6946380816225,-0.9674175160690844,4.5935537637253,3.338646412633601,28265U
2025-06-23T19:15:39.679181,9701.71224229212,-912.9934177346621,2531.3919385840627,-1.1942243698893067,4.618034413338915,3.2818600253991073,28265U
2025-06-23T19:16:39.679181,9623.214989292439,-635.3483492628561,2726.518426727893,-1.422365909185205,4.636300689306492,3.2196573293715196,28265U
2025-06-23T19:17:39.679181,9530.993342401605,-356.79667109139984,2917.7461280854823,-1.6516850046673466,4.648165170216621,3.1519417155069314,28265U
2025-06-23T19:18:39.679181,9424.9816108494,-77.72832483450988,3104.741153737635,-1.8820113315793843,4.653430133341161,3.078612813185447,28265U
2025-06-23T19:19:39.679181,9305.12475666877,201.45454991471053,3287.1634855231573,-2.113159817582797,4.651887340738896,2.999566843349459,28265U
2025-06-23T19:20:39.679181,9171.37933146483,480.3369781553056,3464.6667850399035,-2.344928972074049,4.64331787362321,2.91469705024503,28265U
2025-06-23T19:21:39.679181,9023.71451736496,758.4905040888801,3636.898231508584,-2.5770990892281214,4.627492027394413,2.8238942242710885,28265U
2025-06-23T19:22:39.679181,8862.113279917021,1035.4725418846388,3803.4983944086853,-2.809430317558714,4.6041692819909485,2.7270473300735603,28265U
2025-06-23T19:23:39.679181,8686.573641102634,1310.8257276728784,3964.101147694901,-3.0416605895937403,4.5730983647811625,2.624044255799634,28265U
2025-06-23T19:24:39.679181,8497.110080971086,1584.077278962485,4118.333633411562,-3.273503406468988,4.534017426127981,2.5147727013454655,28265U
2025-06-23T19:25:39.679181,8293.755076649928,1854.7383689839698,4265.816283648076,-3.504645473943475,4.486654351036979,2.39912122547521,28265U
2025-06-23T19:26:39.679181,8076.560787616937,2122.303524973168,4406.162911028709,-3.7347441886584694,4.430727233964851,2.276980473835055,28265U
2025-06-23T19:27:39.679181,7845.600896084485,2386.2500611534992,4538.980879308082,-3.963424976538108,4.365945047929626,2.1482446120939884,28265U
2025-06-23T19:28:39.679181,7600.972611101265,2646.037559170624,4663.871367151878,-4.190278489227823,4.292008543523223,2.0128129906550956,28265U
2025-06-23T19:29:39.679181,7342.798844457087,2901.1074110053446,4780.429739817927,-4.414857669576266,4.208611418256889,1.8705920695142686,28265U
2025-06-23T19:30:39.679181,7071.2305656125545,3150.8824419569723,4888.24604520754,-4.636674703598507,4.115441801819342,1.7214976337843102,28265U
2025-06-23T19:31:39.679181,6786.449341580888,3394.7666341686345,4986.905652614221,-4.855197884349387,4.012184108204916,1.5654573320004257,28265U
2025-06-23T19:32:39.679181,6488.670065865558,3632.144974363237,5075.990054430609,-5.069848422937529,3.898521311136484,1.4024135703801128,28265U
2025-06-23T19:33:39.679181,6178.143878087852,3862.383452977585,5155.077853044807,-5.279997253788723,3.77413770455743,1.232326796473434,28265U
2025-06-23T19:34:39.679181,5855.161272696645,4084.8292457011667,5223.745957107154,-5.48496189547948,3.638722214914108,1.055179204791639,28265U
2025-06-23T19:35:39.679181,5520.055390989636,4298.811112514779,5281.5710132016075,-5.68400344524956,3.491972336103205,0.8709788946504107,28265U
2025-06-23T19:36:39.679181,5173.205485437932,4503.64005361654,5328.131100608671,-5.876323804850834,3.3335987608074102,0.6797645061374029,28265U
2025-06-23T19:37:39.679181,4815.040538826467,4698.610266024551,5363.007718167338,-6.061063257798356,3.163330782830468,0.48161035325394974,28265U
2025-06-23T19:38:39.679181,4446.04301283463,4883.000449016654,5385.788093063762,-6.237298543313739,2.9809225431489033,0.27663206324720513,28265U
2025-06-23T19:39:39.679181,4066.75269122724,5056.075510714902,5396.067841487093,-6.4040416000377185,2.7861601867238033,0.06499271722862598,28265U
2025-06-23T19:40:39.679181,3677.7705716672267,5217.088731790537,5393.454010247879,-6.5602391823957555,2.578869986477809,-0.153090531395341,28265U
2025-06-23T19:41:39.679181,3279.7627472069344,5365.2844451219,5377.568526356145,-6.704773583394252,2.3589274738858,-0.3773394081419571,28265U
2025-06-23T19:42:39.679181,2873.464203738126,5499.901291869659,5348.052077865373,-6.836464728174347,2.126267590859877,-0.6074071158956801,28265U
2025-06-23T19:43:39.679181,2459.6824431548785,5620.176114336823,5304.56844362886,-6.954073930810178,1.8808958434729874,-0.8428706949464054,28265U
2025-06-23T19:44:39.679181,2039.3008239256599,5725.348543558889,5246.80928158318,-7.056309629838195,1.6229003930592738,-1.0832233027323,28265U
2025-06-23T19:45:39.679181,1613.2814915745284,5814.666334145373,5174.4993743631685,-7.141835432271307,1.3524649630763108,-1.3278666218943327,28265U
2025-06-23T19:46:39.679181,1182.6677518701108,5887.391489723037,5087.4023170839855,-7.209280796977706,1.0698823700199258,-1.5761036616519324,28265U
2025-06-23T19:47:39.679181,748.5857202226,5942.807208642642,4985.326614689833,-7.257254671112257,0.7755684036390093,-1.827132278070934,28265U
2025-06-23T19:48:39.679181,312.24506312883284,5980.2256606587525,4868.1321351881,-7.284362352029194,0.47007568688275514,-2.080039800632907,28265U
2025-06-23T19:49:39.679181,-125.06136693741372,5998.996580438107,4735.736840386406,-7.289225775838005,0.15410704220861843,-2.333799211395788,28265U
2025-06-23T19:50:39.679181,-561.9592110854907,5998.51663256931,4588.123687740514,-7.270507326967895,-0.17147221708520624,-2.587267373231847,28265U
2025-06-23T19:51:39.679181,-996.9958078267213,5978.2394651526965,4425.347566290949,-7.226937116535649,-0.5056237567397512,-2.839185837929042,28265U
2025-06-23T19:52:39.679181,-1428.6451230494972,5937.686325452475,4247.542097566953,-7.157343489108139,-0.8471282308847904,-3.088184774867631,28265U
2025-06-23T19:53:39.679181,-1855.3145878403614,5876.457062550699,4054.926100446891,-7.060686289425772,-1.1945806759722173,-3.3327905373271056,28265U
2025-06-23T19:54:39.679181,-2275.3539910773493,5794.241290297728,3847.8094895188506,-6.9360921596170515,-1.5463901619079834,-3.5714373171921805,28265U
2025-06-23T19:55:39.679181,-2687.0665226824467,5690.829431833462,3626.5983522403867,-6.782890856335976,-1.9007845461526183,-3.8024832223062033,28265U
2025-06-23T19:56:39.679181,-3088.721995326523,5566.123318181374,3391.798934306578,-6.600651295818365,-2.255821081345385,-4.024230939422376,28265U
2025-06-23T19:57:39.679181,-3478.57218779163,5420.145972311482,3144.0202584355147,-6.389215779367205,-2.609403452667321,-4.234952919922353,28265U
2025-06-23T19:58:39.679181,-3854.8681544081487,5253.050181582132,2883.975112445625,-6.148730653661758,-2.95930556292671,-4.432920752026621,28265U
2025-06-23T19:59:39.679181,-4215.879236279096,5065.125450669098,2612.4791706216724,-5.879671553252591,-3.303202045118205,-4.61643807663177,28265U
2025-06-23T20:00:39.679181,-4559.913397706763,4856.80293856677,2330.4480594703073,-5.582861388412425,-3.6387050786390893,-4.78387608665008,28265U
2025-06-23T20:01:39.679181,-4885.338403503526,4628.658020419874,2038.8922450204893,-5.259479404662339,-3.9634066427867802,-4.933710351154948,28265U
2025-06-23T20:02:39.679181,-5190.603259080348,4381.410179355025,1738.909701884265,-4.911059962484789,-4.274924896677243,-5.064557459350572,28265U
2025-06-23T20:03:39.679181,-5474.259265083728,4115.92002417304,1431.6764203102823,-4.539480161104684,-4.570952973008304,-5.17520981913708,28265U
2025-06-23T20:04:39.679181,-5734.980000805258,3833.1833418776387,1118.434910346309,-4.14693603258332,-4.849308161259674,-5.264666899641258,28265U
2025-06-23T20:05:39.679181,-5971.57955221605,3534.3222230240976,800.4809645424203,-3.735907716048621,-5.1079792765182015,-5.332161295045154,28265U
2025-06-23T20:06:39.679181,-6183.028345133897,3220.5734332891825,479.1490335113763,-3.309114724367333,-5.345169994742994,-5.377178212538626,28265U
2025-06-23T20:07:39.679181,-6368.466030372153,2893.2743365701613,155.7966446623934,-2.869463067898437,-5.559336096790851,-5.399467337139391,28265U
2025-06-23T20:08:39.679181,-6527.21099149622,2553.846791633326,-168.21165433449403,-2.419986532650172,-5.749214895099102,-5.399046471486069,28265U
2025-06-23T20:09:39.679181,-6658.7661973677705,2203.779536563379,-491.52032345406235,-1.963784767490862,-5.913845588970789,-5.37619684698847,28265U
2025-06-23T20:10:39.679181,-6762.821289112274,1844.6096355627126,-812.7983341737122,-1.5039609812716304,-6.052579860440785,-5.331450504639581,28265U
2025-06-23T20:11:39.679181,-6839.250961165608,1477.9035862713563,-1130.7536924482415,-1.043561975264559,-6.165082625481091,-5.265570600025827,28265U
2025-06-23T20:12:39.679181,-6888.109854863024,1105.2386731056272,-1444.146587692423,-0.5855229572303873,-6.251323434534091,-5.179525855520944,28265U
2025-06-23T20:13:39.679181,-6909.62431942929,728.1851056062803,-1751.8008577925352,-0.13261913961900004,-6.311559518981341,-5.074460634075801,28265U
2025-06-23T20:14:39.679181,-6904.181500481668,348.28940699549713,-2052.613554535215,0.3125744281196603,-6.346311865699011,-4.951662230045978,28265U
2025-06-23T20:15:39.679181,-6872.31628557482,-32.9405749658521,-2345.562491512385,0.7477139426665541,-6.356335947603132,-4.812526965874522,28265U
2025-06-23T20:16:39.679181,-6814.696668959495,-414.048766176856,-2629.711750064476,1.170708582139767,-6.342588839488599,-4.658526565628904,28265U
2025-06-23T20:17:39.679181,-6732.108096096346,-793.6419099509002,-2904.215202113716,1.5797331557906529,-6.3061944171592295,-4.49117607340344,28265U
2025-06-23T20:18:39.679181,-6625.437317669496,-1170.398492184447,-3168.3181775758558,1.9732323592568397,-6.2484081974693515,-4.312004327133504,28265U
2025-06-23T20:19:39.679181,-6495.656229604857,-1543.0755716570793,-3421.357456131749,2.3499176402717223,-6.170583157936211,-4.12252771712545,28265U
2025-06-23T20:20:39.679181,-6343.806107249419,-1910.5136118208065,-3662.7597980023234,2.708757874637237,-6.07413760931821,-3.9242276806100147,28265U
2025-06-23T20:21:39.679181,-6170.982565507944,-2271.639466092954,-3892.039246984227,3.048965136924796,-5.960525912911173,-3.7185321298900575,28265U
2025-06-23T20:22:39.679181,-5978.321498587836,-2625.4677072667396,-4108.793443412403,3.369976841724109,-5.831212561035337,-3.5068007962098524,28265U
2025-06-23T20:23:39.679181,-5766.986178057916,-2971.1005144120236,-4312.699177570714,3.6714354506761198,-5.687649892410697,-3.2903143015832668,28265U
2025-06-23T20:24:39.679181,-5538.1556197814,-3307.7263396480244,-4503.507398255077,3.9531668103931947,-5.531259505185356,-3.0702666479574643,28265U
2025-06-23T20:25:39.679181,-5293.014271196746,-3634.6175749790837,-4681.037869500574,4.215158027514622,-5.363417264512451,-2.8477607343733515,28265U
2025-06-23T20:26:39.679181,-5032.7430214767755,-3951.1274286712555,-4845.17364341657,4.457535617218191,-5.185441679075269,-2.623806472480145,28265U
2025-06-23T20:27:39.679181,-4758.51149844251,-4256.68620396202,-4995.855490715288,4.680544494209856,-4.998585338632322,-2.399321061664131,28265U
2025-06-23T20:28:39.679181,-4471.471587197738,-4550.797152503241,-5133.076404492936,4.884528220210759,-4.804029057114023,-2.175130999586057,28265U
2025-06-23T20:29:39.679181,-4172.752085297876,-4833.032052717124,-5256.876268294095,5.069910785241088,-4.602878346647686,-1.9519754349407845,28265U
2025-06-23T20:30:39.679181,-3863.4543966277924,-5103.026640686425,-5367.336757228617,5.237180084516887,-4.396161850548994,-1.73051051050743,28265U
2025-06-23T20:31:39.679181,-3544.6491597234117,-5360.475999388196,-5464.57652133708,5.3868731591373535,-4.184831381677217,-1.5113143909519857,28265U
2025-06-23T20:32:39.679181,-3217.3737047291024,-5605.12999177279,-5548.74668368141,5.519563195934267,-3.9697632412686454,-1.2948927174540914,28265U
2025-06-23T20:33:39.679181,-2882.6302353544193,-5836.788804840028,-5620.026671733338,5.6358482278327555,-3.751760528057265,-1.0816842772489934,28265U
2025-06-23T20:34:39.679181,-2541.3846370343003,-6055.298655706298,-5678.620389379395,5.736341438253105,-3.5315561847424504,-0.8720667187460622,28265U
2025-06-23T20:35:39.679181,-2194.5658191290754,-6260.547696748287,-5724.752728006689,5.821662948708738,-3.3098165661472683,-0.6663621809254742,28265U
2025-06-23T20:36:39.679181,-1843.0655067150844,-6452.462145183704,-5758.666408386032,5.89243295514298,-3.087145348981878,-0.46484273873909293,28265U
2025-06-23T20:37:39.679181,-1487.7384057528136,-6631.0026527637965,-5780.619140124502,5.949266073245598,-2.8640876358702836,-0.2677355941908685,28265U
2025-06-23T20:38:39.679181,-1129.4026737563818,-6796.160923411605,-5790.88108202043,5.992766753861042,-2.6411341355995646,-0.0752279658795436,28265U
2025-06-23T20:39:39.679181,-768.8406362221757,-6947.956580427186,-5789.732584444909,6.023525634847106,-2.418725327162918,0.11252835153612498,28265U
2025-06-23T20:40:39.679181,-406.79969679257135,-7086.434280075945,-5777.46219364739,6.042116703908126,-2.1972555371033993,0.2954127717371598,28265U
2025-06-23T20:41:39.679181,-43.993396301821726,-7211.661064764174,-5754.364897423091,6.049095156861412,-1.9770768781136068,0.47333204742991114,28265U
2025-06-23T20:42:39.679181,318.89741760206164,-7323.723946388991,-5720.74059170319,6.044995846623355,-1.758503012098282,0.6462167412268451,28265U
2025-06-23T20:43:39.679181,681.2233426704915,-7422.727708647701,-5676.892748181609,6.0303322292753565,-1.541812713310937,0.8140180244784323,28265U
2025-06-23T20:44:39.679181,1042.3651232750528,-7508.792915949094,-5623.12726394945,6.005595724430111,-1.3272532170930593,0.976704787572337,28265U
2025-06-23T20:45:39.679181,1401.7323231942503,-7582.054115946836,-5559.751475169575,5.9712554174556,-1.115043347538356,1.134261042494526,28265U
2025-06-23T20:46:39.679181,1758.761988508434,-7642.658222501323,-5487.073318008919,5.927758040733448,-0.9053764234045608,1.2866835969150225,28265U
2025-06-23T20:47:39.679181,2112.9173156700044,-7690.76306597145,-5405.400621295071,5.87552817992197,-0.6984229461125222,1.433979978433481,28265U
2025-06-23T20:48:39.679181,2463.68633683802,-7726.53609806402,-5315.040516629193,5.814968659119796,-0.49433307697302065,1.576166587669181,28265U
2025-06-23T20:49:39.679181,2810.5806320342094,-7750.153238961243,-5216.298952934586,5.746461065883881,-0.29323891310034006,1.7132670594203125,28265U
2025-06-23T20:50:39.679181,3153.134075534218,-7761.797855052574,-5109.480303627281,5.670366383279748,-0.09525657301144273,1.8453108119960366,28265U
2025-06-23T20:51:39.679181,3490.9016221159422,-7761.659856277518,-4994.887055741703,5.587025701581999,0.0995118961666394,1.9723317659309076,28265U
2025-06-23T20:52:39.679181,3823.4581372926455,-7749.934902805933,-4872.81957142359,5.496760986964017,0.29097677750679507,2.094367214529201,28265U
2025-06-23T20:53:39.679181,4150.397274425218,-7726.823711519862,-4743.5759132059375,5.3998758885850195,0.4790590966420082,2.211456829991707,28265U
2025-06-23T20:54:39.679181,4471.330400602303,-7692.531453495744,-4607.451725409703,5.296656568968846,0.6636891753844427,2.3236417901985216,28265U
2025-06-23T20:55:39.679181,4785.885572359032,-7647.267234405148,-4464.740164860186,5.187372545541026,0.8448053146776207,2.43096401252029,28265U
2025-06-23T20:56:39.679181,5093.70656165405,-7591.243650446318,-4315.731874883514,5.072277533710771,1.0223525954565655,2.533465482283597,28265U
2025-06-23T20:57:39.679181,5394.451932009779,-7524.676413080847,-4160.714997248933,4.95161028401302,1.19628178657734,2.631187664705578,28265U
2025-06-23T20:58:39.679181,5687.794164324383,-7447.7840364760405,-3999.9752173559264,4.825595407615074,1.366548349615808,2.7241709902286306,28265U
2025-06-23T20:59:39.679181,5973.418831564343,-7360.787582141111,-3833.7958385348234,4.694444185991984,1.5331115309974108,2.812454404222468,28265U
2025-06-23T21:00:39.679181,6251.02382133056,-7263.910455794369,-3662.4578818397417,4.5583553618262895,1.695933532585875,2.896074972976694,28265U
2025-06-23T21:01:39.679181,6520.318605142675,-7157.378252007673,-3486.2402081691166,4.417515909230098,1.8549787525134702,2.975067538782578,28265U
2025-06-23T21:02:39.679181,6781.02355319547,-7041.418642646351,-3305.419659955549,4.27210178225298,2.010213088668295,3.0494644177014143,28265U
2025-06-23T21:03:39.679181,7032.869293298252,-6916.261305557564,-3120.271220027872,4.122278641356878,2.161603297858542,3.119295134342396,28265U
2025-06-23T21:04:39.679181,7275.596112704724,-6782.13789035981,-2931.068185568108,3.9682025581339038,2.309116404244845,3.1845861886304916,28265U
2025-06-23T21:05:39.679181,7508.953401569211,-6639.282018554116,-2738.0823553694995,3.8100206990369325,2.452719151166736,3.245360850139264,28265U
2025-06-23T21:06:39.679181,7732.699136822463,-6487.929315513259,-2541.58422885009,3.647871989303216,2.59237749098889,3.3016389761015326,28265U
2025-06-23T21:07:39.679181,7946.599405339267,-6328.317472213661,-2341.8432154950874,3.4818877585952097,2.728056108055416,3.353436849696745,28265U
2025-06-23T21:08:39.679181,8150.427965368464,-6160.686334855793,-2139.127853592374,3.3121923701737224,2.8597179702686506,3.400767035654403,28265U
2025-06-23T21:09:39.679181,8343.96584531115,-5985.27802077587,-1933.7060372909139,3.138903835667357,2.9873239052041445,3.4436382506129384,28265U
2025-06-23T21:10:39.679181,8527.000979062763,-5802.337059284925,-1725.8452511538412,2.962134417719132,3.1108321970390485,3.4820552460388847,28265U
2025-06-23T21:11:39.679181,8699.327877271666,-5612.110556289489,-1515.8128115056556,2.781991222990572,3.2301982009048094,3.5160187018453612,28265U
2025-06-23T21:12:39.679181,8860.747334035897,-5414.8483817252345,-1303.8761139561288,2.5985767881664437,3.345373971598831,3.545525129162792,28265U
2025-06-23T21:13:39.679181,9011.066168692203,-5210.803379043584,-1090.302886605735,2.411989661804939,3.4563079038594418,3.5705667809986483,28265U
2025-06-23T21:14:39.679181,9150.097002564295,-5000.231596109072,-875.3614484580725,2.222324985004624,3.5629443817091575,3.591131569806184,28265U
2025-06-23T21:15:39.679181,9277.658070690539,-4783.392537040694,-659.3209726532466,2.02967507405787,3.6652234346095014,3.6072029912398995,28265U
2025-06-23T21:16:39.679181,9393.573068760297,-4560.549434643592,-442.4517541548088,1.8341300084183156,3.7630803984303576,3.618760053636654,28265U
2025-06-23T21:17:39.679181,9497.67103570043,-4331.969543169191,-225.0254815240561,1.6357782274728094,3.8564455794881947,3.6257772130175288,28265U
2025-06-23T21:18:39.679181,9589.786272521746,-4097.924451342184,-7.315512517592456,1.4347071398888291,3.945243920107587,3.6282243136609256,28265U
2025-06-23T21:19:39.679181,9669.758298369405,-3858.690415455143,210.4028469789762,1.2310037493218375,4.029394664499405,3.6260665345726,28265U
2025-06-23T21:20:39.679181,9737.43184482381,-3614.5487126866633,427.8520609205398,1.0247553007388406,4.1088110238830335,3.619264342446056,28265U
2025-06-23T21:21:39.679181,9792.65688986782,-3365.7860146153203,644.7520784865724,0.8160499516475189,4.183399840149251,3.607773452012836,28265U
2025-06-23T21:22:39.679181,9835.288733147727,-3112.6947810572356,860.8200473391562,0.6049774728825887,4.253061247600096,3.591544794997006,28265U
2025-06-23T21:23:39.679181,9865.188114458455,-2855.5736743361635,1075.770025332626,0.3916299838456891,4.317688332635804,3.5705244992378855,28265U
2025-06-23T21:24:39.679181,9882.221377683823,-2594.7279940971584,1289.312691353388,0.17610272739387578,4.377166791611418,3.54465387992817,28265U
2025-06-23T21:25:39.679181,9886.260682744021,-2330.470132746589,1501.1550561000172,-0.041505110118738794,4.431374587485859,3.513869445339408,28265U
2025-06-23T21:26:39.679181,9877.18426844205,-2063.12005155114,1711.0001737699986,-0.2610895278151624,4.480181606340643,3.4781029198805054,28265U
2025-06-23T21:27:39.679181,9854.876769460569,-1793.0057773442536,1918.5468558084997,-0.4825407821205753,4.523449315367035,3.4372812878648626,28265U
2025-06-23T21:28:39.679181,9819.229591139878,-1520.463919674913,2123.48938809494,-0.7057423949314812,4.561030424520536,3.391326861956827,28265U
2025-06-23T21:29:39.679181,9770.14134606733,-1245.8402080772366,2325.51725320339,-0.930570091285659,4.592768554735862,3.3401573809365908,28265U
2025-06-23T21:30:39.679181,9707.518356927447,-969.4900489404805,2524.3148596743717,-1.156890659364485,4.618497916399348,3.2836861421743753,28265U
2025-06-23T21:31:39.679181,9631.275230499123,-691.7791012063971,2719.5612805857863,-1.384560725361822,4.638043002707576,3.221822175049245,28265U
2025-06-23T21:32:39.679181,9541.335508139253,-413.0838698080012,2910.9300041141178,-1.6134254355003717,4.651218303621127,3.154470462495382,28265U
2025-06-23T21:33:39.679181,9437.632398557738,-133.79231538114462,3098.088699240936,-1.8433170372900785,4.657828047372855,3.0815322189191696,28265U
2025-06-23T21:34:39.679181,9320.109599162068,145.69552168364868,3280.699000289737,-2.0740533520320152,4.657665977935422,3.0029052339139537,28265U
2025-06-23T21:35:39.679181,9188.722212723173,424.9668853386184,3458.416314583938,-2.305436130611485,4.650515178519717,2.9184842925143037,28265U
2025-06-23T21:36:39.679181,9043.437766579347,703.595659280421,3630.8896582042,-2.5372492848400356,4.6361479530919105,2.8281616841857553,28265U
2025-06-23T21:37:39.679181,8884.237342039592,981.1417175969666,3797.7615256012996,-2.769256987050693,4.614325780091891,2.731827814344073,28265U
2025-06-23T21:38:39.679181,8711.116822054588,1257.1502755303527,3958.667799699163,-3.0012016313945087,4.584799355039424,2.6293719339403903,28265U
2025-06-23T21:39:39.679181,8524.088265574332,1531.1512463132904,4113.237710107234,-3.2328016514058158,4.5473087415550735,2.5206830045314237,28265U
2025-06-23T21:40:39.679181,8323.181417279266,1802.6586113045487,4261.093848161824,-3.4637491899989197,4.501583653527644,2.4056507182645337,28265U
2025-06-23T21:41:39.679181,8108.445361525031,2071.1698121197037,4401.852248738704,-3.693707620245323,4.447343894748948,2.28416669432301,28265U
2025-06-23T21:42:39.679181,7879.950329340771,2336.1651751486106,4535.122550128211,-3.922308918193702,4.384299986323649,2.156125875561349,28265U
2025-06-23T21:43:39.679181,7637.789667119272,2597.1073807952753,4660.508244742042,-4.149150892794754,4.312154016545783,2.021428151259238,28265U
2025-06-23T21:44:39.679181,7382.081975174973,2853.440991991586,4777.6070350264845,-4.373794282863163,4.230600752695728,1.8799802340577314,28265U
2025-06-23T21:45:39.679181,7112.973423554983,3104.5920590435676,4886.011310681808,-4.595759737155486,4.139329059306172,1.731697821105847,28265U
2025-06-23T21:46:39.679181,6830.640251285336,3349.967820685082,4985.308765117625,-4.814524701296901,4.038023672791769,1.5765080710965078,28265U
2025-06-23T21:47:39.679181,6535.291453523387,3588.956524349535,5075.083170985162,-5.029520244700849,3.9263673878056276,1.4143524300191912,28265U
2025-06-23T21:48:39.679181,6227.171658756371,3820.9273921265485,5154.91533658144,-5.240127872055029,3.8040437160856864,1.245189838861968,28265U
2025-06-23T21:49:39.679181,5906.564195109182,4045.230762634313,5224.384266865402,-5.445676377656624,3.67074008361651,1.0690003558530305,28265U
2025-06-23T21:50:39.679181,5573.794340859639,4261.198443079483,5283.068554687601,-5.645438817113318,3.526151636289469,0.8857892237661226,28265U
2025-06-23T21:51:39.679181,5229.23274925177,4468.144310038788,5330.548029517387,-5.838629689884458,3.3699857274112945,0.695591408868791,28265U
2025-06-23T21:52:39.679181,4873.299031485628,4665.365201889266,5366.4056923263515,-6.0244024479355245,3.201967161763008,0.4984766317296193,28265U
2025-06-23T21:53:39.679181,4506.4654741748645,4852.142150211052,5390.22996619539,-6.201847470410009,3.0218442696597716,0.29455490069481455,28265U
2025-06-23T21:54:39.679181,4129.260858444544,5027.74200170215,5401.617292454546,-6.369990671477171,2.8293958796475427,0.08398254570042922,28265U
2025-06-23T21:55:39.679181,3742.2743370457188,5191.41948594015,5400.175101499575,-6.5277929379166535,2.6244392489445567,-0.13303126754992953,28265U
2025-06-23T21:56:39.679181,3346.159313288528,5342.419787383628,5385.525185569862,-6.674150623703796,2.406838995172625,-0.3562175859071995,28265U
2025-06-23T21:57:39.679181,2941.637251203548,5479.981681929068,5357.307497389643,-6.807897359540654,2.1765170498558413,-0.5852403513379454,28265U
2025-06-23T21:58:39.679181,2529.501330175366,5603.341298644186,5315.184393298539,-6.927807464028275,1.933463622035424,-0.8196888249071405,28265U
2025-06-23T21:59:39.679181,2110.6198395480487,5711.736565403569,5258.84533193169,-7.032601267377037,1.6777491176369412,-1.0590699016991785,28265U
2025-06-23T22:00:39.679181,1685.9391897241435,5804.412392398651,5188.012029247266,-7.120952674804932,1.409536905583905,-1.3028005153304358,28265U
2025-06-23T22:01:39.679181,1256.4863966529813,5880.62663914544,5102.444057354111,-7.191499300839506,1.1290967541633377,-1.5502003859310227,28265U
2025-06-23T22:02:39.679181,823.3708771808336,5939.65689789906,5001.944857841249,-7.242855492592662,0.8368186806182752,-1.8004854252244675,28265U
2025-06-23T22:03:39.679181,387.78537467449405,5980.808108548172,4886.368119947684,-7.273628524070648,0.5332268642668557,-2.052762173967317,28265U
2025-06-23T22:04:39.679181,-48.994180853550404,6003.420996433699,4755.624449918555,-7.282438178782075,0.21899317105325586,-2.3060237065631255,28265U
2025-06-23T22:05:39.679181,-485.61008434214375,6006.8812946352355,4609.68823052311,-7.267939838661445,-0.10505027030019244,-2.5591474897131326,28265U
2025-06-23T22:06:39.679181,-920.6257487635808,5990.629675929472,4448.60453957384,-7.228851059064409,-0.43790010672411733,-2.8108957195807878,28265U
2025-06-23T22:07:39.679181,-1352.5302836782582,5954.172277143267,4272.495964440051,-7.1639814298895415,-0.778373175682333,-3.0599186768870736,28265U
2025-06-23T22:08:39.679181,-1779.7449456709828,5897.09165091298,4081.569117569514,-7.072265302714788,-1.1251011315507098,-3.3047616225141776,28265U
2025-06-23T22:09:39.679181,-2200.631615383416,5819.05792859567,3876.120628043004,-6.952796708913259,-1.4765291553471849,-3.5438756984457473,28265U
2025-06-23T22:10:39.679181,-2613.5034081825956,5719.839925802853,3656.542358850812,-6.8048655156720645,-1.8309196051155583,-3.7756331922444444,28265U
2025-06-23T22:11:39.679181,-3016.6374608620654,5599.315872191986,3423.3255819831456,-6.627993584014219,-2.1863613839600964,-3.9983473625313115,28265U
2025-06-23T22:12:39.679181,-3408.2898554174444,5457.483404032513,3177.0638368837904,-6.421969430332051,-2.540785645014783,-4.210296807342124,28265U
2025-06-23T22:13:39.679181,-3786.7125447946746,5294.46842654265,2918.4542055588277,-6.186879681117296,-2.891988211286633,-4.40975409226502,28265U
2025-06-23T22:14:39.679181,-4150.172038451845,5110.532438160931,2648.296762387256,-5.923135483022777,-3.2376587652643622,-4.595018053908327,28265U
2025-06-23T22:15:39.679181,-4496.969493519534,4906.077915525386,2367.4920002105396,-5.631492019616907,-3.575416470780453,-4.764448877478331,28265U
2025-06-23T22:16:39.679181,-4825.461748117256,4681.651389703552,2077.036096869641,-5.313059418555478,-3.9028512518565694,-4.916504743234485,28265U
2025-06-23T22:17:39.679181,-5134.082736169396,4437.943903131751,1778.013966450729,-4.969303623056043,-4.217569505236102,-5.049778578351337,28265U
2025-06-23T22:18:39.679181,-5421.364647602772,4175.788622368927,1471.5901334381213,-4.602036247451948,-4.517242608566689,-5.163033272303296,28265U
2025-06-23T22:19:39.679181,-5685.958153233613,3896.1554909184692,1158.9975700620898,-4.213393016238365,-4.799656251894006,-5.255233645410316,28265U
2025-06-23T22:20:39.679181,-5926.651007231849,3600.142932891787,841.5247400115163,-3.8058010572100525,-5.0627584105018535,-5.3255735225055005,28265U
2025-06-23T22:21:39.679181,-6142.384375968684,3288.9667535146523,520.5011870328736,-3.381936022979339,-5.304703726307099,-5.373496463837232,28265U
2025-06-23T22:22:39.679181,-6332.266320518272,2963.9465160001014,197.28208640389525,-2.944670682306386,-5.52389219058207,-5.398709033709277,28265U
2025-06-23T22:23:39.679181,-6495.581976885497,2626.489795205386,-126.76776639918265,-2.4970171838168587,-5.719000319516742,-5.401185917660147,28265U
2025-06-23T22:24:39.679181,-6631.800124909376,2278.074806500042,-450.29002766578134,-2.0420655901253073,-5.889003461292069,-5.381166691003258,28265U
2025-06-23T22:25:39.679181,-6740.576002067112,1920.2319755626581,-771.9484387337995,-1.5829214699891625,-6.033188425224176,-5.339144546694763,28265U
2025-06-23T22:26:39.679181,-6821.750388879279,1554.5250461476146,-1090.443554529817,-1.122645304247261,-6.151156224352567,-5.275847758886378,28265U
2025-06-23T22:27:39.679181,-6875.345154544164,1182.53231741016,-1404.526160898643,-0.664196220236471,-6.2428153121998955,-5.1922150461815155,28265U
2025-06-23T22:28:39.679181,-6901.555592956112,805.8285622938861,-1713.0090544395941,-0.2103821544457188,-6.30836621704892,-5.089366273527496,28265U
2025-06-23T22:29:39.679181,-6900.73999109543,425.96810957420666,-2014.7769515581738,0.23618199236923074,-6.348278889433001,-4.968570077346212,28265U
2025-06-23T22:30:39.679181,-6873.40694841575,44.46948216468062,-2308.7943911976354,0.6731072382651729,-6.363264354093374,-4.831210014735028,28265U
2025-06-23T22:31:39.679181,-6820.201005625537,-337.1981178824026,-2594.11159059638,1.098254065785888,-6.354242388215186,-4.678750738513162,28265U
2025-06-23T22:32:39.679181,-6741.8871460410155,-717.6262928057716,-2869.868299056125,1.5097467954485613,-6.322306941946937,-4.512705510164394,28265U
2025-06-23T22:33:39.679181,-6639.3347071439375,-1095.476817287862,-3135.295766512528,1.9059794022280958,-6.268690896651294,-4.334606112560248,28265U
2025-06-23T22:34:39.679181,-6513.501190591874,-1469.4888982790733,-3389.716999011651,2.2856137274403925,-6.194731550573403,-4.145975944808588,28265U
2025-06-23T22:35:39.679181,-6365.416392985266,-1838.484409465255,-3632.5455112151226,2.6475712564739755,-6.101837962971336,-3.948306800645115,28265U
2025-06-23T22:36:39.679181,-6196.167204396667,-2201.371242579942,-3863.282807520589,2.991019738130309,-5.991461006947248,-3.7430395717716136,28265U
2025-06-23T22:37:39.679181,-6006.883343444723,-2557.1449598208737,-4081.5148301821905,3.3153559295165334,-5.865066704234053,-3.5315488938318826,28265U
2025-06-23T22:38:39.679181,-5798.724221799075,-2904.888957497131,-4286.907607518823,3.620185682262721,-5.724113161593999,-3.315131573798004,28265U
2025-06-23T22:39:39.679181,-5572.8670613061095,-3243.7733626622726,-4479.202320781,3.9053024637336637,-5.570031210980825,-3.0949985058754015,28265U
2025-06-23T22:40:39.679181,-5330.496325941093,-3573.0528843687302,-4658.209987348177,4.170665252171601,-5.404208680597212,-2.87226969642974,28265U
2025-06-23T22:41:39.679181,-5072.794479821769,-3892.0638319829704,-4823.805933219057,4.4163765757065905,-5.22797809264815,-2.6479719715640075,28265U
2025-06-23T22:42:39.679181,-4800.934041869753,-4200.2204973277985,-4975.924201411828,4.642661296422161,-5.042607493343169,-2.423038926780615,28265U
2025-06-23T22:43:39.679181,-4516.070876953567,-4497.0110775988505,-5114.552016620521,4.8498465826114145,-4.849294066496307,-2.19831268905263,28265U
2025-06-23T22:44:39.679181,-4219.338641570464,-4781.993294003401,-5239.724401529151,5.038343371681546,-4.649160157629165,-1.9745470903034008,28265U
2025-06-23T22:45:39.679181,-3911.844288120981,-5054.789838457306,-5351.519017404874,5.208629506355462,-4.443251334203716,-1.7524118912953779,28265U
2025-06-23T22:46:39.679181,-3594.6645242822037,-5315.083758621592,-5450.051281457158,5.361234628898692,-4.232536123240458,-1.5324977409190499,28265U
2025-06-23T22:47:39.679181,-3268.8431215888018,-5562.613870878122,-5535.469796166347,5.496726841317538,-4.017907094595846,-1.3153216037055453,28265U
2025-06-23T22:48:39.679181,-2935.3889688673826,-5797.170272051574,-5607.952111347787,5.615701081946684,-3.800182991989759,-1.101332435046506,28265U
2025-06-23T22:49:39.679181,-2595.2747705704314,-6018.590004051888,-5667.700827977201,5.71876912805798,-3.580111650874758,-0.8909169270707378,28265U
2025-06-23T22:50:39.679181,-2249.4362964045254,-6226.752911231928,-5714.940043521396,5.8065511073312654,-3.3583734797202007,-0.6844051871822826,28265U
2025-06-23T22:51:39.679181,-1898.772096207891,-6421.5777180795485,-5749.912131404917,5.879668385515547,-3.1355853173538284,-0.4820762453318877,28265U
2025-06-23T22:52:39.679181,-1544.1436022093721,-6603.018344765298,-5772.8748419944295,5.938737690870832,-2.9123045124242526,-0.28416331504389275,28265U
2025-06-23T22:53:39.679181,-1186.3755491528746,-6771.060469856928,-5784.098708796332,5.98436633580959,-2.6890331011154336,-0.09085875724841692,28265U
2025-06-23T22:54:39.679181,-826.2566509703382,-6925.718342976688,-5783.864741158298,6.017148400688271,-2.4662219856447143,0.09768128453796411,28265U
2025-06-23T22:55:39.679181,-464.5404805032592,-7067.031845096958,-5772.462383387981,6.037661752409631,-2.2442750387765336,0.28133259368478275,28265U
2025-06-23T22:56:39.679181,-101.94650606411129,-7195.063790325129,-5750.187719629527,6.046465780178102,-2.023553078745194,0.45999893861671026,28265U
2025-06-23T22:57:39.679181,260.83875469583273,-7309.897460220733,-5717.341903880568,6.044099741476135,-1.8043776748747613,0.6336084747256862,28265U
2025-06-23T22:58:39.679181,623.1604971178994,-7411.63435972914,-5674.2297950299335,6.031081622410613,-1.587034757155887,0.8021104785275771,28265U
2025-06-23T22:59:39.679181,984.394336204947,-7500.392182549445,-5621.158777618856,6.007907427521287,-1.3717780134462665,0.9654723980171663,28265U
2025-06-23T23:00:39.679181,1343.9449810299704,-7576.302973033712,-5558.437750070947,5.975050824612109,-1.158832066170794,1.123677200216539,28265U
2025-06-23T23:01:39.679181,1701.2448961562193,-7639.5114714256115,-5486.376263314986,5.93296307994564,-0.9483954267447484,1.2767209952015524,28265U
2025-06-23T23:02:39.679181,2055.7529657607793,-7690.1736292847845,-5405.283793976057,5.882073228108955,-0.7406432307471665,1.4246109151332829,28265U
2025-06-23T23:03:39.679181,2406.9531730849376,-7728.455282228369,-5315.4691375846505,5.822788428961986,-0.5357297604027726,1.5673632267807212,28265U
2025-06-23T23:04:39.679181,2754.3533052153307,-7754.530967584527,-5217.239908515166,5.75549447131022,-0.33379076343805086,1.7050016564991488,28265U
2025-06-23T23:05:39.679181,3097.4836909882747,-7768.582875139697,-5110.902134587236,5.680556389330947,-0.13494557906104165,1.8375559074726797,28265U
2025-06-23T23:06:39.679181,3435.895977949603,-7770.79991983,-4996.759935429494,5.598319163374204,0.060700917144857,1.965060350115129,28265U
2025-06-23T23:07:39.679181,3769.161952755797,-7761.376925941917,-4875.115274802135,5.50910848161773,0.2530565370852721,2.087552867757711,28265U
2025-06-23T23:08:39.679181,4096.872408120611,-7740.51391312368,-4746.267778097481,5.413231543248055,0.4420401602908983,2.2050738410612185,28265U
2025-06-23T23:09:39.679181,4418.636058364211,-7708.415475246358,-4610.514607181973,5.310977887435593,0.6275802579661893,2.3176652559228015,28265U
2025-06-23T23:10:39.679181,4734.078504770738,-7665.2902438775245,-4468.150385609639,5.202620235439514,0.8096135489243875,2.4253699209626784,28265U
2025-06-23T23:11:39.679181,5042.8412512789355,-7611.350428831454,-4319.467168026903,5.08841533578205,0.988083775859922,2.5282307819481042,28265U
2025-06-23T23:12:39.679181,5344.580770491424,-7546.811428929186,-4164.7544483056545,4.968604804632486,1.1629405909821184,2.626290321721414,28265U
2025-06-23T23:13:39.679181,5638.9676195714865,-7471.891506736476,-4004.2992015883715,4.8434159553921745,1.3341385406653488,2.7195900353357945,28265U
2025-06-23T23:14:39.679181,5925.68560527898,-7386.81152164411,-3838.3859560119818,4.713062613024432,1.501636139430107,2.808169971159191,28265U
2025-06-23T23:15:39.679181,6204.430997166841,-7291.794716212224,-3667.296890399219,4.577745909969266,1.665395024237098,2.8920683296822793,28265U
2025-06-23T23:16:39.679181,6474.911787799797,-7187.066551218518,-3491.311954672633,4.437655061562567,1.8253791807351887,2.971321112661188,28265U
2025-06-23T23:17:39.679181,6736.8469987562075,-7072.854585329918,-3310.709010162989,4.292968119776426,1.9815542337427745,3.045961816041383,28265U
2025-06-23T23:18:39.679181,6989.966031122469,-6949.388395760255,-3125.763987353198,4.143852704841071,2.133886794853297,3.1160211608510284,28265U
2025-06-23T23:19:39.679181,7234.00805918009,-6816.899536683483,-2936.751058926519,3.990466714924796,2.2823438606349034,3.1815268569243393,28265U
2025-06-23T23:20:39.679181,7468.721466007967,-6675.621532546937,-2743.9428262775255,3.832959014559815,2.426892255437023,3.2425033949233715,28265U
2025-06-23T23:21:39.679181,7693.863319775435,-6525.789903771107,-2547.6105178992443,3.6714701029262757,2.567498113324282,3.2989718626762587,28265U
2025-06-23T23:22:39.679181,7909.1988895763625,-6367.642222637428,-2348.024198283986,3.5061327634621593,2.7041263941284495,3.3509497823466514,28265U
2025-06-23T23:23:39.679181,8114.501199750365,-6201.418197451827,-2145.4529861707233,3.337072696565799,2.836740429045035,3.3984509653988333,28265U
2025-06-23T23:24:39.679181,8309.550621749995,-6027.3597833334425,-1940.1652811417011,3.164409137413103,2.965301491603694,3.441485382731299,28265U
2025-06-23T23:25:39.679181,8494.134502738842,-5845.711318217239,-1732.428997717264,2.988255461133826,3.089768390212642,3.4800590477235853,28265U
2025-06-23T23:26:39.679181,8668.046830239431,-5656.719682883098,-1522.5118062310057,2.8087197777953485,3.2100970788161134,3.5141739102811607,28265U
2025-06-23T23:27:39.679181,8831.087932326738,-5460.634483994814,-1310.6813798419305,2.6259055197970773,3.3262402825395334,3.543827760283761,28265U
2025-06-23T23:28:39.679181,8983.064212970854,-5257.708259367799,-1097.2056471909186,2.439912024502736,3.4381471354558353,3.5690141391258794,28265U
2025-06-23T23:29:39.679181,9123.787922372434,-5048.196704776705,-882.3530501997046,2.2508351150361596,3.5457628279301687,3.589722258329943,28265U
2025-06-23T23:30:39.679181,9253.076962262754,-4832.358921815625,-666.3928066270112,2.058767682385088,3.6490282612260017,3.605936924467972,28265U
2025-06-23T23:31:39.679181,9370.754726358513,-4610.457686428374,-449.5951770047099,1.8638002721022704,3.7478797073249557,3.6176384698919937,28265U
2025-06-23T23:32:39.679181,9476.649976364833,-4382.759737832915,-232.23173559194169,1.6660216790636164,3.8422484721597874,3.6248026890290754,28265U
2025-06-23T23:33:39.679181,9570.596754102566,-4149.5360877307785,-14.57564505480248,1.465519553988701,3.932060560675028,3.6274007802528176,28265U
2025-06-23T23:34:39.679181,9652.434330631253,-3911.0623496366375,203.0980655663057,1.262381025507065,4.017236342435726,3.625399293613853,28265U
2025-06-23T23:35:39.679181,9722.00719338696,-3667.6190884177463,420.5122198881583,1.05669334193106,4.0976902166793385,3.6187600849809374,28265U
2025-06-23T23:36:39.679181,9779.165072680265,-3419.492190039214,637.3872106883857,0.8485445369998569,4.17333027603634,3.6074402774433714,28265U
2025-06-23T23:37:39.679181,9823.763009128712,-3166.973251624859,853.4407143426133,0.6380241241774747,4.244057968398858,3.5913922311372097,28265U
2025-06-23T23:38:39.679181,9855.661463891129,-2910.3599919430753,1068.3874037578269,0.42522382434001,4.309767756738577,3.570563523001056,28265U
2025-06-23T23:39:39.679181,9874.726473868694,-2649.956682429494,1281.9386604652382,0.21023833197806047,4.370346777021286,3.5448969383430433,28265U
2025-06-23T23:40:39.679181,9880.829854354426,-2386.074598838299,1493.802286660472,-0.006833874652019892,4.425674494755226,3.5143304765170016,28265U
2025-06-23T23:41:39.679181,9873.849451948243,-2119.032493564967,1703.682218134122,-0.22588967367548554,4.4756223611541675,3.478797373468915,28265U
2025-06-23T23:42:39.679181,9853.669450909501,-1849.1570886100383,1911.2782392151498,-0.4468203839580009,4.520053470402582,3.4382261444333357,28265U
2025-06-23T23:43:39.679181,9820.180736493476,-1576.7835890430927,2116.285701067461,-0.6695107872525067,4.558822220094724,3.3925406506402607,28265U
2025-06-23T23:44:39.679181,9773.281319213032,-1302.256216680827,2318.3952449305652,-0.8938380813722736,4.5917739775932,3.341660194546093,28265U
2025-06-23T23:45:39.679181,9712.87682438073,-1025.928763501978,2517.292532190129,-1.1196707573030857,4.618744755833748,3.2854996488358963,28265U
2025-06-23T23:46:39.679181,9638.881051719045,-748.165164081466,2712.6579835045313,-1.3468673928647523,4.639560903007857,3.22396962526859,28265U
2025-06-23T23:47:39.679181,9551.21661027532,-469.3400860254676,2904.1665296065657,-1.5752753552710377,4.6540388116039315,3.1569766903616565,28265U
2025-06-23T23:48:39.679181,9449.81563433987,-189.83953702131313,3091.487376851327,-1.804729404737783,4.661984653502742,3.084423635947319,28265U
2025-06-23T23:49:39.679181,9334.620586536295,89.93851333057995,3274.283791098133,-2.035050191178803,4.663194149227683,3.006209813788098,28265U
2025-06-23T23:50:39.679181,9205.58515472551,369.5834992732261,3452.2129041044777,-2.2660426360427928,4.657452381071334,2.9222315447246276,28265U
2025-06-23T23:51:39.679181,9062.675249830743,648.6716152502329,3624.9255472803434,-2.4974941915236233,4.644533661684528,2.8323826142507103,28265U
2025-06-23T23:52:39.679181,8905.870112138293,926.7651666384347,3792.066118411039,-2.729172969774603,4.624201471851787,2.7365548679742613,28265U
2025-06-23T23:53:39.679181,8735.163534042627,1203.4119195283408,3953.2724878127688,-2.960825735436532,4.596208483617563,2.6346389221304647,28265U
2025-06-23T23:54:39.679181,8550.565207566136,1478.1444552801247,4108.175951347505,-3.192175755830153,4.560296687699961,2.5265250061608473,28265U
2025-06-23T23:55:39.679181,8352.102205267316,1750.479536812918,4256.401238799038,-3.422920504657616,4.51619764726023,2.4121039563484,28265U
2025-06-23T23:56:39.679181,8139.820603328273,2019.9174950140425,4397.566587307367,-3.6527292171175225,4.463632903608656,2.291268381584,28265U
2025-06-23T23:57:39.679181,7913.787255643947,2285.941645302556,4531.283890878715,-3.881240297094565,4.40231456333694,2.163914024499452,28265U
2025-06-23T23:58:39.679181,7674.0917275742395,2548.0177462772203,4657.15893843781,-4.108058580696184,4.331946100674452,2.029941343385262,28265U
2025-06-23T23:59:39.679181,7420.8483976148555,2805.5935145361277,4774.791754462855,-4.3327524650454405,4.252223413558607,1.8892573424466585,28265U
2025-06-24T00:00:39.679181,7154.198734518714,3058.098212206885,4883.777057940588,-4.554850917113274,4.162836176946066,1.741777679934021,28265U
2025-06-24T00:01:39.679181,6874.313756286197,3304.9423264781767,4983.704857180424,-4.773840384699948,4.06346954220086,1.5874290853826878,28265U
2025-06-24T00:02:39.679181,6581.396675838084,3545.5173634980188,5074.161199914841,-4.989161640708541,3.9538062368573024,1.4261521184287347,28265U
2025-06-24T00:03:39.679181,6275.6857359874375,3779.19578239754,5154.729100050023,-5.200206602846421,3.8335291244943277,1.257904302204912,28265U
2025-06-24T00:04:39.679181,5957.457233408803,4005.331098905877,5224.9896643684115,-5.406315184109052,3.7023242896207846,1.0826636638710787,28265U
2025-06-24T00:05:39.679181,5627.028727528734,4223.258192014014,5284.523444353061,-5.606772245091202,3.559884717012377,0.9004327130367168,28265U
2025-06-24T00:06:39.679181,5284.762425477611,4432.293851372237,5332.912040010673,-5.80080473754459,3.405914638401114,0.7112428852497428,28265U
2025-06-24T00:07:39.679181,4931.068728289747,4631.737607485504,5369.739983994995,-5.987579149793773,3.2401346212012743,0.5151594718357898,28265U
2025-06-24T00:08:39.679181,4566.409916243573,4820.872891185995,5394.596935322287,-6.166199388655806,3.0622874733072534,0.31228704856601963,28265U
2025-06-24T00:09:39.679181,4191.303942446509,4998.968573134689,5407.080212332952,-6.335705259214845,2.8721450339970294,0.10277540323449201,28265U
2025-06-24T00:10:39.679181,3806.328293325642,5165.280938015732,5406.797694058159,-6.495071732773435,2.6695159125013515,-0.11317405451242284,28265U
2025-06-24T00:11:39.679181,3412.1238624917396,5319.056151327209,5393.371117517528,-6.643209223763122,2.4542542215715466,-0.3353014395856965,28265U
2025-06-24T00:12:39.679181,3009.3987704324363,5459.533278868167,5366.439795385267,-6.778965127138822,2.226269331946275,-0.5632811602605844,28265U
2025-06-24T00:13:39.679181,2598.932046693614,5585.947919703488,5325.664773554715,-6.901126897018571,1.9855366434357826,-0.7967144096535624,28265U
2025-06-24T00:14:39.679181,2181.5770737878725,5697.536511993418,5270.733441014418,-7.008426972597888,1.7321093278688624,-1.0351215210812905,28265U
2025-06-24T00:15:39.679181,1758.2646733284869,5793.541366961725,5201.364594717293,-7.099549875435154,1.4661309469783121,-1.2779343762815107,28265U
2025-06-24T00:16:39.679181,1330.005695374106,5873.2164787167085,5117.313949387981,-7.173141809001297,1.187848783415467,-1.5244891094804696,28265U
2025-06-24T00:17:39.679181,897.8929524612355,5935.834145870477,5018.380066134733,-7.227823082049965,0.8976276451023125,-1.7740194091570392,28265U
2025-06-24T00:18:39.679181,463.10232140426575,5980.692424154109,4904.410654080487,-7.262203646354909,0.5959638126997305,-2.025650780653085,28265U
2025-06-24T00:19:39.679181,26.89282008962347,6007.123406804937,4775.309175945949,-7.274901980780363,0.2834986991668031,-2.2783961928228686,28265U
2025-06-24T00:20:39.679181,-409.3945450264924,6014.502300877345,4631.041661802001,-7.264567461743146,-0.038968316837197925,-2.5311535855677527,28265U
2025-06-24T00:21:39.679181,-844.3393700777153,6002.257232558434,4471.643605596019,-7.22990623004209,-0.3704685293793977,-2.7827057557353005,28265U
2025-06-24T00:22:39.679181,-1276.446089215728,5969.879673243149,4297.226787515217,-7.169710392831562,-0.7098547600278898,-3.0317231584710593,28265U
2025-06-24T00:23:39.679181,-1704.150044874462,5916.935331315227,4107.985833249267,-7.08289018739727,-1.0557952524318555,-3.276770150736078,28265U
2025-06-24T00:24:39.679181,-2125.8255547227222,5843.075303800928,3904.2042907757755,-6.968508485013383,-1.4067714756467813,-3.5163151541601696,28265U
2025-06-24T00:25:39.679181,-2539.7960928014436,5748.0472296770295,3686.2599789737733,-6.825816738885642,-1.7610807022990642,-3.7487451174267368,28265U
2025-06-24T00:26:39.679181,-2944.3466411440786,5631.70613589442,3454.629343187802,-6.654291196966448,-2.1168441618086224,-3.972384508120012,28265U
2025-06-24T00:27:39.679181,-3337.7381901261488,5494.024622248964,3209.8905440999497,-6.453667931964858,-2.4720214275571073,-4.18551885870151,28265U
2025-06-24T00:28:39.679181,-3718.2242724294897,5335.101996886567,2952.72501119581,-6.22397501672445,-2.824431472522363,-4.386422635190925,28265U
2025-06-24T00:29:39.679181,-4084.069310329737,5155.1719555594045,2683.9172135714125,-5.965560026437564,-3.1717805205705654,-4.573390901715277,28265U
2025-06-24T00:30:39.679181,-4433.568444506435,4954.608399641372,2404.3524408098083,-5.6791110129522195,-3.5116964403749362,-4.744773938798271,28265U
2025-06-24T00:31:39.679181,-4765.068402222023,4733.929014352956,2115.01244574362,-5.365669198691082,-3.841768997453675,-4.899013664997168,28265U
2025-06-24T00:32:39.679181,-5076.988862469509,4493.796282041232,1816.9688779291469,-5.026631895852176,-4.159594830080273,-5.034680442554167,28265U
2025-06-24T00:33:39.679181,-5367.843695260627,4235.01568582404,1511.3745283287155,-4.663744572189925,-4.462825589022316,-5.150508652280074,28265U
2025-06-24T00:34:39.679181,-5636.261400957836,3958.530963799801,1199.4525067075801,-4.279081539918612,-4.749217326163498,-5.245429332155272,28265U
2025-06-24T00:35:39.679181,-5881.004061177752,3665.416397783693,882.4835765146483,-3.875015400870137,-5.016678978522489,-5.318598211098576,28265U
2025-06-24T00:36:39.679181,-6100.984140183012,3356.866254951595,561.7919693343366,-3.4541760829061494,-5.263317708794939,-5.3694176439407295,28265U
2025-06-24T00:37:39.679181,-6295.278545898045,3034.1816356784507,238.73008392225955,-3.019400982017023,-5.4874789527561845,-5.397551259513948,28265U
2025-06-24T00:38:39.679181,-6463.139469365467,2698.7551053455904,-85.33746412292152,-2.5736783114486768,-5.687779288857056,-5.402930547642702,28265U
2025-06-24T00:39:39.679181,-6604.001663138067,2352.0535914133025,-409.0499426453941,-2.1200861911367093,-5.863130665669532,-5.385753094811393,28265U
2025-06-24T00:40:39.679181,-6717.485981669922,1995.6001011706717,-731.0662509697366,-1.6617302430712226,-6.012755058195667,-5.346472684868759,28265U
2025-06-24T00:41:39.679181,-6803.399177192419,1630.9548544984195,-1050.079841336357,-1.2016824702393822,-6.136189220396598,-5.285781960098874,28265U
2025-06-24T00:42:39.679181,-6861.730109101297,1259.6964279157528,-1364.8323945755815,-0.742923995208157,-6.233279798421926,-5.204588743719836,28265U
2025-06-24T00:43:39.679181,-6892.642671181141,883.403472734716,-1674.1259078635715,-0.2882938503987331,-6.3041696098562605,-5.1039874227018105,28265U
2025-06-24T00:44:39.679181,-6896.465859173495,503.6375064627171,-1976.832943722623,0.1595545039856858,-6.34927633237571,-4.985226960130566,28265U
2025-06-24T00:45:39.679181,-6873.681484980138,121.92719009090665,-2271.904887015418,0.5981878462407707,-6.369265150276874,-4.849677145965736,28265U
2025-06-24T00:46:39.679181,-6824.910090756415,-260.24559661385086,-2558.3781527127812,1.0254185537259097,-6.365017067467195,-4.6987946156660545,28265U
2025-06-24T00:47:39.679181,-6750.895627518637,-641.4576753565926,-2835.3783750623543,1.4393207224281985,-6.337594616152908,-4.534089990792456,28265U
2025-06-24T00:48:39.679181,-6652.489442848182,-1020.3543813576779,-3102.12268346978,1.8382375803225137,-6.288206590997581,-4.357097253952256,28265U
2025-06-24T00:49:39.679181,-6530.6340770253555,-1395.657256743835,-3357.9202289227496,2.220781089761763,-6.218173247341562,-4.1693461935981455,28265U
2025-06-24T00:50:39.679181,-6386.3473036699515,-1766.169694151651,-3602.17116599613,2.585824875556948,-6.12889315135245,-3.972338471109157,28265U
2025-06-24T00:51:39.679181,-6220.706776976922,-2130.78066220826,-3834.3643198691652,2.9324917419889296,-6.021812591095138,-3.767527596797734,28265U
2025-06-24T00:52:39.679181,-6034.835569542892,-2488.466690110502,-4054.0737770650053,3.2601370678171175,-5.898398177632741,-3.5563028697658323,28265U
2025-06-24T00:53:39.679181,-5829.888808082672,-2838.2923175872975,-4260.954635280462,3.5683293134767715,-5.7601130053651595,-3.3399771486267325,28265U
2025-06-24T00:54:39.679181,-5607.041543186181,-3179.409230886639,-4454.7381345573995,3.8568287614244965,-5.6083965149845625,-3.1197781795213744,28265U
2025-06-24T00:55:39.679181,-5367.477926435949,-3511.054307492051,-4635.226372030234,4.125565460699892,-5.444648018288776,-2.896843113139498,28265U
2025-06-24T00:56:39.679181,-5112.3817152209485,-3832.546784704394,-4802.286778205874,4.374617179268114,-5.270213703801669,-2.6722157887349733,28265U
2025-06-24T00:57:39.679181,-4842.928082921246,-4143.284752665524,-4955.846506457338,4.604187997918478,-5.08637684375562,-2.4468463435472003,28265U
2025-06-24T00:58:39.679181,-4560.276679510178,-4442.741153232127,-5095.886860933679,4.814588018648996,-4.894350861850458,-2.221592713021437,28265U
2025-06-24T00:59:39.679181,-4265.565864171823,-4730.459444399681,-5222.437862754713,5.006214515968002,-4.695274891185168,-1.9972236133203884,28265U
2025-06-24T01:00:39.679181,-3959.908016113203,-5006.049067357271,-5335.573031070266,5.179534735445511,-4.4902114462730465,-1.7744226361856883,28265U
2025-06-24T01:01:39.679181,-3644.385821045634,-5269.180830990242,-5435.404434871009,5.335070441612026,-4.280145845715967,-1.553793131656932,28265U
2025-06-24T01:02:39.679181,-3320.0494275102114,-5519.582307613179,-5522.078053586306,5.473384236469369,-4.065987047238743,-1.335863602115804,28265U
2025-06-24T01:03:39.679181,-2987.9143680836423,-5757.033314490923,-5595.769469525137,5.595067608745057,-3.848569589572685,-1.1210933783646915,28265U
2025-06-24T01:04:39.679181,-2648.9601444246186,-5981.361538601515,-5656.679902978358,5.700730630161006,-3.6286563723154575,-0.9098783927786072,28265U
2025-06-24T01:05:39.679181,-2304.129381160596,-6192.438347239439,-5705.032591078882,5.790993185672397,-3.4069420424973313,-0.7025569046322088,28265U
2025-06-24T01:06:39.679181,-1954.3274609947723,-6390.174814428002,-5741.0695040255905,5.866477607124399,-3.184056793099797,-0.4994150678167067,28265U
2025-06-24T01:07:39.679181,-1600.422561516382,-6574.517982589561,-5765.048386711695,5.927802571513219,-2.960570412844024,-0.3006922611289581,28265U
2025-06-24T01:08:39.679181,-1243.2460225518785,-6745.447370333519,-5777.240109854232,5.97557812375272,-2.7369964573896293,-0.10658612628345772,28265U
2025-06-24T01:09:39.679181,-883.5929811489269,-6902.971730355661,-5777.92631211179,6.010401687605915,-2.513796439272528,0.0827427208706687,28265U
2025-06-24T01:10:39.679181,-522.2232191969699,-7047.126056075914,-5767.397313141133,6.032854935649273,-2.291383957385212,0.26716632426384335,28265U
2025-06-24T01:11:39.679181,-159.86217609541168,-7177.968831556582,-5745.950276851652,6.04350139853126,-2.0701287066891876,0.44658537241620594,28265U
2025-06-24T01:12:39.679181,202.79791431713048,-7295.579516235676,-5713.887604072023,6.042884704384454,-1.8503603254022607,0.6209255304068876,28265U
2025-06-24T01:13:39.679181,565.0967971962712,-7400.056253887781,-5671.515534282031,6.031527350320292,-1.632372050460076,0.7901341083103331,28265U
2025-06-24T01:14:39.679181,926.4049096194958,-7491.513793828607,-5619.1429368463705,6.009929918949349,-1.416424162960936,0.9541770505396148,28265U
2025-06-24T01:15:39.679181,1286.122057274615,-7570.081611554792,-5557.0802732091925,5.97857066346242,-1.202747213945525,1.113036227326039,28265U
2025-06-24T01:16:39.679181,1643.6760749322445,-7635.902215642334,-5485.638712678254,5.937905394743516,-0.9915450275697163,1.266707007666885,28265U
2025-06-24T01:17:39.679181,1998.52148703932,-7689.129627704832,-5405.129385680513,5.88836761312676,-0.7829974838306638,1.4151960921770392,28265U
2025-06-24T01:18:39.679181,2350.1381816067064,-7729.928022453879,-5315.862759653172,5.830368835688724,-0.577263086780226,1.5585195841425807,28265U
2025-06-24T01:19:39.679181,2698.0301078585444,-7758.470515335354,-5218.14812400922,5.764299077373397,-0.3744813268625241,1.696701277486587,28265U
2025-06-24T01:20:39.679181,3041.724005826309,-7774.938085782197,-5112.2931718544,5.690527450799479,-0.17477484784984176,1.8297711411624187,28265U
2025-06-24T01:21:39.679181,3380.7681741429296,-7779.518624779101,-4998.603667316939,5.609402855345898,0.021748569986567944,1.9577639805531657,28265U
2025-06-24T01:22:39.679181,3714.7312806905275,-7772.40609614353,-4877.383188466643,5.52125473110981,0.2149941982049674,2.080718257684289,28265U
2025-06-24T01:23:39.679181,4043.201219423712,-7753.79980166147,-4748.9329368420695,5.426393857650584,0.4048787075262664,2.198675053368443,28265U
2025-06-24T01:24:39.679181,4365.784015601546,-7723.903740956116,-4613.551605567054,5.325113181140985,0.5913286617536451,2.311677155745072,28265U
2025-06-24T01:25:39.679181,4682.102780775703,-7682.926057695903,-4471.535298921884,5.217688656713088,0.7742791461575218,2.4197682610083837,28265U
2025-06-24T01:26:39.679181,4991.7967181682625,-7631.078564455688,-4323.177497042028,5.104380095476812,0.9536725186560777,2.522992273407123,28265U
2025-06-24T01:27:39.679181,5294.520178511636,-7568.576339221708,-4168.769060148554,4.985432007962885,1.1294572726807393,2.621392692830607,28265U
2025-06-24T01:28:39.679181,5589.941765981412,-7495.6373871741625,-4008.598267377055,4.86107443765801,1.3015870012367885,2.7150120794519723,28265U
2025-06-24T01:29:39.679181,5877.7434935208275,-7412.482361985865,-3842.950885867085,4.731523779905966,1.470019452326947,2.803891585977967,28265U
2025-06-24T01:30:39.679181,6157.619986609112,-7319.334341441679,-3672.110266308222,4.596983582791062,1.6347156665733484,2.888070549050007,28265U
2025-06-24T01:31:39.679181,6429.277734353848,-7216.418652710093,-3496.357461616703,4.457645327738865,1.7956391885355767,2.96758613225477,28265U
2025-06-24T01:32:39.679181,6692.434386677198,-7103.962743086297,-3315.971365842241,4.31368918849849,1.9527553438669982,3.042473014036549,28265U
2025-06-24T01:33:39.679181,6946.818096305664,-6982.196092477154,-3131.2288707831017,4.165284767941608,2.106030575069476,3.112763114561769,28265U
2025-06-24T01:34:39.679181,7192.166904256938,-6851.350164312874,-2942.4050381225793,4.012591812751432,2.2554318291934674,3.1784853562734305,28265U
2025-06-24T01:35:39.679181,7428.228167533896,-6711.658391952285,-2749.773285197363,3.8557609066048126,2.400925991381116,3.23966545349453,28265U
2025-06-24T01:36:39.679181,7654.758027784326,-6563.356197997536,-2553.6055827686387,3.694934142889433,2.5424793586658176,3.2963257270016477,28265U
2025-06-24T01:37:39.679181,7871.5209197559925,-6406.681044254423,-2354.172663396659,3.530245778365052,2.6800571489200187,3.348484939997233,28265U
2025-06-24T01:38:39.679181,8078.289118468806,-6241.872510367251,-2151.7442392197854,3.361822869486137,2.8136230402862865,3.3961581523685123,28265U
2025-06-24T01:39:39.679181,8274.842324135516,-6069.172399424007,-1946.5892281134206,3.1897858933656487,2.9431387368362385,3.4393565905374417,28265U
2025-06-24T01:40:39.679181,8460.967283987984,-5888.824869070234,-1738.975987352713,3.0142493555854206,3.0685635565806204,3.4780875305857375,28265U
2025-06-24T01:41:39.679181,8636.457450290702,-5701.076586904986,-1529.1725540470206,2.8353223872726496,3.1898540382941003,3.512354192683649,28265U
2025-06-24T01:42:39.679181,8801.112674017751,-5506.176909088167,-1317.4468916700466,2.6531093340000025,3.306963563972282,3.542155645180748,28265U
2025-06-24T01:43:39.679181,8954.738933739487,-5304.3780813628055,-1104.067142203195,2.467710339325989,3.4198419939777356,3.5674867169971822,28265U
2025-06-24T01:44:39.679181,9097.148099545222,-5095.935461750827,-889.301883356363,2.2792219258504383,3.528435312287729,3.588337917257163,28265U
2025-06-24T01:45:39.679181,9228.157731923577,-4881.107764415704,-673.4203904834524,2.0877375769068025,3.632685279464302,3.6046953613577535,28265U
2025-06-24T01:46:39.679181,9347.590915751689,-4660.157324280747,-456.6929028064488,1.8933483221436975,3.732529091247761,3.6165407029344077,28265U
2025-06-24T01:47:39.679181,9455.276129741147,-4433.350382108595,-239.39089358572332,1.6961433304219622,3.8278990409195632,3.6238510714400936,28265U
2025-06-24T01:48:39.679181,9551.047151878807,-4200.957389894847,-21.787343925816163,1.496210513676872,3.9187221838050186,3.6265990153110064,28265U
2025-06-24T01:49:39.679181,9634.743001669925,-3963.2533364266965,195.84298018971978,1.293637145513047,4.004920002570866,3.6247524509592983,28265U
2025-06-24T01:50:39.679181,9706.207920167522,-3720.518093049003,413.22324794988583,1.0885104986153618,4.086408072173094,3.618274618102414,28265U
2025-06-24T01:51:39.679181,9765.291389069007,-3473.0367796435057,630.074281302036,0.8809185052055782,4.163095723615476,3.607124042232205,28265U
2025-06-24T01:52:39.679181,9811.848190400033,-3221.100150917754,846.1142705308537,0.6709504450644567,4.2348857059401075,3.5912545053352924,28265U
2025-06-24T01:53:39.679181,9845.738508591085,-2965.0050031105066,1061.0584883804406,0.45869766589295374,4.301673846184351,3.5706150263133853,28265U
2025-06-24T01:54:39.679181,9866.828077046517,-2705.0546012277277,1274.6190033661626,0.24425434107252372,4.3633487073774795,3.5451498529213334,28265U
2025-06-24T01:55:39.679181,9874.98837161858,-2441.5591269055026,1486.5043930455895,0.02771827018547272,4.419791245031532,3.5147984674483843,28265U
2025-06-24T01:56:39.679181,9870.096853729689,-2174.836146956005,1696.4194581650256,-0.1908082720256664,4.470874463012598,3.479495608821834,28265U
2025-06-24T01:57:39.679181,9852.037266236639,-1905.2111025806448,1904.0649387769715,-0.4112176322540297,4.516463070172857,3.4391713143186182,28265U
2025-06-24T01:58:39.679181,9820.699985500116,-1633.017819138116,2109.1372336292766,-0.6333958144338019,4.556413139690366,3.393750984638892,28265U
2025-06-24T01:59:39.679181,9775.982433512794,-1358.5990362089656,2311.328124378077,-0.8572214480792872,4.5905717737202325,3.343155476732157,28265U
2025-06-24T02:00:39.679181,9717.789554348668,-1082.3069575259428,2510.324506455837,-1.0825646821475339,4.618776776717737,3.2873012294842288,28265U
2025-06-24T02:01:39.679181,9646.034359623449,-804.50382010082,2705.8081287641116,-1.3092859971151434,4.64085634167441,3.2261004281765913,28265U
2025-06-24T02:02:39.679181,9560.63854810148,-525.5624815976396,2897.4553447377,-1.5372349276852413,4.65662875452587,3.1594612145339656,28265U
2025-06-24T02:03:39.679181,9461.533205041569,-245.86702464369813,3084.936877771284,-1.7662486883336561,4.665902123171492,3.0872879501858006,28265U
2025-06-24T02:04:39.679181,9348.659587342936,34.186623657886045,3267.917604500936,-1.9961506937730742,4.668474138910798,3.0094815424970043,28265U
2025-06-24T02:05:39.679181,9221.970001022675,314.1900592696875,3446.056360009268,-2.226748966403543,4.664131879677977,2.92593984297851,28265U
2025-06-24T02:06:39.679181,9081.428778023006,593.7217586904673,3619.0057696760296,-2.457834422961988,4.65265166627012,2.836558129879073,28265U
2025-06-24T02:07:39.679181,8927.013359795757,872.346429967939,3786.412113138121,-2.689179032937113,4.633798984846481,2.7412296880894678,28265U
2025-06-24T02:08:39.679181,8758.715495532337,1149.6143617350338,3947.915226657453,-2.920533841934993,4.607328491354628,2.639846501163764,28265U
2025-06-24T02:09:39.679181,8576.542563278275,1425.060775774432,4103.148451135663,-3.1516268541460013,4.572984116244363,2.5323000720743005,28265U
2025-06-24T02:10:39.679181,8380.51902247036,1698.2051898095913,4251.7386340649955,-3.382160769461145,4.530499290889353,2.4184823912596003,28265U
2025-06-24T02:11:39.679181,8170.68800663367,1968.550798607212,4393.306194873025,-3.6118105727241687,4.479597320573197,2.2982870725788445,28265U
2025-06-24T02:12:39.679181,7947.113065035024,2235.5838830815874,4527.465264412464,-3.840220975215561,4.419991932727634,2.1716106799197905,28265U
2025-06-24T02:13:39.679181,7709.880061971926,2498.7732589310344,4653.823910764297,-4.067003711887956,4.351388033342181,2.038354269375414,28265U
2025-06-24T02:14:39.679181,7459.099242016525,2757.5697784472663,4771.984465070312,-4.291734702294325,4.273482709084304,1.898425174033223,28265U
2025-06-24T02:15:39.679181,7194.9074688828905,3011.405901523625,4881.543962774632,-4.513951088751648,4.185966517646605,1.7517390604229837,28265U
2025-06-24T02:16:39.679181,6917.470644549784,3259.6953545860756,4982.094717431095,-4.733148172301142,4.088525114102838,1.5982222874057144,28265U
2025-06-24T02:17:39.679181,6626.986313775187,3501.8328991770886,5073.225046094931,-4.948776275686949,3.9808412665042274,1.437814599597761,28265U
2025-06-24T02:18:39.679181,6323.6864570651,3737.194235256986,5154.520167237453,-5.160237573147867,3.8625973194134744,1.2704721880817602,28265U
2025-06-24T02:19:39.679181,6007.840472395982,3965.1360679348886,5225.563294050505,-5.366882939554908,3.7334781693228294,1.0961711508875351,28265U
2025-06-24T02:20:39.679181,5679.758342400529,4184.996370280647,5285.936947879125,-5.568008886585441,3.5931748206097898,0.9149113841831917,28265U
2025-06-24T02:21:39.679181,5339.793979157618,4396.0948790596,5335.224518249836,-5.762854671424472,3.4413885944112472,0.72672093187558,28265U
2025-06-24T02:22:39.679181,4988.348733023673,4597.73386459337,5373.012097431709,-5.950599684075467,3.277836064980041,0.5316608158776879,28265U
2025-06-24T02:23:39.679181,4625.875044939374,4789.199220371825,5398.890618531556,-6.13036124279293,3.102254798006762,0.32983036107164315,28265U
2025-06-24T02:24:39.679181,4252.880213171508,4969.761922367924,5412.458326601328,-6.3011929532996085,2.914409962150745,0.12137301730934266,28265U
2025-06-24T02:25:39.679181,3869.930235364043,5138.679912016214,5413.323611898811,-6.462083815957327,2.71410187755701,-0.09351733507405013,28265U
2025-06-24T02:26:39.679181,3477.6536749479105,5295.200460226953,5401.108233026188,-6.611958295239337,2.5011745521815247,-0.31458963056863154,28265U
2025-06-24T02:27:39.679181,3076.7454873307233,5438.563072255148,5375.450954861855,-6.749677596584465,2.2755252368886634,-0.5415284754448342,28265U
2025-06-24T02:28:39.679181,2667.9707258640183,5568.002994279554,5336.0116216468805,-6.874042425341658,2.037115001986908,-0.7739467099898745,28265U
2025-06-24T02:29:39.679181,2252.168030496129,5682.755381626926,5282.475678902878,-6.983797528719868,1.785980299576389,-1.0113778092214112,28265U
2025-06-24T02:30:39.679181,1830.2527835428345,5782.060185072489,5214.5591486409085,-7.077638341372625,1.5222454263487142,-1.253268301663513,28265U
2025-06-24T02:31:39.679181,1403.2197976278908,5865.167804848827,5132.014050176792,-7.154220064577394,1.2461357391784542,-1.4989704385276323,28265U
2025-06-24T02:32:39.679181,972.1453813023297,5931.345551138434,5034.6342434491235,-7.212169503208358,0.9579914004454975,-1.7477354035477541,28265U
2025-06-24T02:33:39.679181,538.1886091707557,5979.884934138878,4922.2616527883,-7.250099958438956,0.6582813419283697,-1.9987074145696029,28265U
2025-06-24T02:34:39.679181,102.59160690386634,6010.109785554564,4794.792806514562,-7.266629421495615,0.34761703706340924,-2.250919128355657,28265U
2025-06-24T02:35:39.679181,-333.32135098143766,6021.3851860117675,4652.18560169437,-7.260402228994054,0.026765564912091304,-2.503288815096253,28265U
2025-06-24T02:36:39.679181,-768.1461391952721,6013.127139102281,4494.466174323252,-7.230114218332672,-0.30333865894725065,-2.754619812478608,28265U
2025-06-24T02:37:39.679181,-1200.4026823954055,5984.812892623095,4321.735724011483,-7.174541258891373,-0.6415842109321349,-3.0036027931109257,28265U
2025-06-24T02:38:39.679181,-1628.540652735181,5935.991761738752,4134.177110295019,-7.092570830861372,-0.9866758578316197,-3.2488213748308943,28265U
2025-06-24T02:39:39.679181,-2050.9471326002104,5866.296258599843,3932.0610068909486,-6.9832360820749235,-1.3371314890535073,-3.4887615617586873,28265U
2025-06-24T02:40:39.679181,-2465.956369793839,5775.453280592232,3715.7513730242176,-6.845751523347126,-1.691283655001556,-3.7218254163686453,28265U
2025-06-24T02:41:39.679181,-2871.861694670915,5663.295057958033,3485.7099803014967,-6.6795492401631344,-2.0472865318901117,-3.946349222940398,28265U
2025-06-24T02:42:39.679181,-3266.9295940158217,5529.769514987145,3242.4997227439617,-6.484314225400408,-2.403129008047801,-4.160626207894303,28265U
2025-06-24T02:43:39.679181,-3649.415846014067,5374.949662018144,2986.7864398142715,-6.260017202655661,-2.756654379390978,-4.362933635657408,28265U
2025-06-24T02:44:39.679181,-4017.5835175795055,5199.041613178536,2719.339000522953,-6.006943145268462,-3.105586850572298,-4.551563809886725,28265U
2025-06-24T02:45:39.679181,-4369.722514628417,5002.390822129003,2441.0274331689616,-5.725713635684769,-3.4475646711839025,-4.724858196997593,28265U
2025-06-24T02:46:39.679181,-4704.170264771749,4785.4861492825885,2152.8189408233934,-5.417301282760774,-3.780179312593045,-4.881243577584796,28265U
2025-06-24T02:47:39.679181,-5019.33300900704,4548.9614218437555,1855.77171649249,-5.083034640915982,-4.101019641303847,-5.019268852928532,28265U
2025-06-24T02:48:39.679181,-5313.7070939833575,4293.594223172809,1551.026561119817,-4.724592459786856,-4.407719609852019,-5.137640922460769,28265U
2025-06-24T02:49:39.679181,-5585.899598766947,4020.3017483831295,1239.7964072807667,-4.343986622430338,-4.6980076126236305,-5.2352579359622515,28265U
2025-06-24T02:50:39.679181,-5834.647607923246,3730.1336837253034,923.3539547733064,-3.943533769905454,-4.96975538805722,-5.311238236292266,28265U
2025-06-24T02:51:39.679181,-6058.835461643502,3424.2622005097965,603.0177233066918,-3.5258163074112936,-5.221024229593601,-5.364943457300462,28265U
2025-06-24T02:52:39.679181,-6257.509375517432,3103.9692901382186,280.13691358890634,-3.093634176014302,-5.450106320619796,-5.395994524139873,28265U
2025-06-24T02:53:39.679181,-6429.888924812875,2770.6317944850102,-43.92446631951809,-2.649949384137651,-5.655559238977211,-5.404279699308183,28265U
2025-06-24T02:54:39.679181,-6575.375024197115,2425.704594528124,-367.8037138043372,-2.1978257595027393,-5.836232068388077,-5.3899542920130274,28265U
2025-06-24T02:55:39.679181,-6693.55419316034,2070.702500878445,-690.1552795720188,-1.740366656430232,-5.991282070652519,-5.35343215467437,28265U
2025-06-24T02:56:39.679181,-6784.199067250024,1707.1814362761313,-1009.6658688998206,-1.280653409459827,-6.120181461826675,-5.2953695782913215,28265U
2025-06-24T02:57:39.679181,-6847.265281869683,1336.7195095511424,-1325.0683651373645,-0.8216871633605392,-6.222714438077491,-5.216642620964178,28265U
2025-06-24T02:58:39.679181,-6882.88500607724,960.8985539503115,-1635.154217899903,-0.36633635847682594,-6.298965154044318,-5.118319223926606,28265U
2025-06-24T02:59:39.679181,-6891.357528087823,581.2866445882856,-1938.7840277653527,0.08270834390356281,-6.349297819109532,-5.001627664353371,28265U
2025-06-24T03:00:39.679181,-6873.137385011256,199.42202714479808,-2234.8961564226424,0.5229704897798093,-6.374330411107286,-4.867922957683015,28265U
2025-06-24T03:01:39.679181,-6828.8205835509525,-183.2012085775497,-2522.51328818402,0.9522150084225358,-6.374903696976707,-4.718652763349928,28265U
2025-06-24T03:02:39.679181,-6759.129476505254,-565.1454820361205,-2800.7469586518705,1.36846609706558,-6.352047297824271,-4.555324187908255,28265U
2025-06-24T03:03:39.679181,-6664.8968456111215,-945.039978077731,-3068.80014380709,1.770016264451528,-6.306944458719189,-4.379472647324209,28265U
2025-06-24T03:04:39.679181,-6547.049700436383,-1321.5887773589277,-3325.9680644733653,2.1554273666348918,-6.2408970083153275,-4.1926336770802655,28265U
2025-06-24T03:05:39.679181,-6406.593242739559,-1693.5769151139448,-3571.637405542384,2.5235247334131823,-6.15529175192081,-3.9963182943007,28265U
2025-06-24T03:06:39.679181,-6244.595373298302,-2059.874488664621,-3805.284176729351,2.873385632150034,-6.051569265818127,-3.7919922451194297,28265U
2025-06-24T03:07:39.679181,-6062.172040458458,-2419.4389831630824,-4026.470453486029,3.20432336001122,-5.931195778735857,-3.5810592310824263,28265U
2025-06-24T03:08:39.679181,-5860.473652322484,-2771.3160173950223,-4234.840235412733,3.515868214935366,-5.795638560737552,-3.364848011562603,28265U
2025-06-24T03:09:39.679181,-5640.672702002754,-3114.638728660247,-4430.114647897176,3.8077464921527064,-5.646345005944054,-3.1446031295589516,28265U
2025-06-24T03:10:39.679181,-5403.952690751507,-3448.62602010554,-4612.086693663372,4.079858508761885,-5.484725402321034,-2.921478905212664,28265U
2025-06-24T03:11:39.679181,-5151.498378795921,-3772.5798880608054,-4780.615737147086,4.33225649347369,-5.312139232409629,-2.696536280531512,28265U
2025-06-24T03:12:39.679181,-4884.48734902823,-4085.8820335750393,-4935.621878463171,4.56512300823142,-5.1298847421322735,-2.4707420735716084,28265U
2025-06-24T03:13:39.679181,-4604.082834158401,-4387.989943928454,-5077.080347091764,4.778750405075106,-4.939191446455617,-2.2449702031193013,28265U
2025-06-24T03:14:39.679181,-4311.427732777814,-4678.432608538162,-5205.01601970803,4.97352167344573,-4.741215204819877,-2.0200044682092178,28265U
2025-06-24T03:15:39.679181,-4007.6397228932724,-4956.806011107776,-5319.49814280076,5.149892904797297,-4.537035489274995,-1.7965425037479579,28265U
2025-06-24T03:16:39.679181,-3693.807371581519,-5222.768517430133,-5420.63531947598,5.308377494811917,-4.327654477725908,-1.5752005782780614,28265U
2025-06-24T03:17:39.679181,-3370.9871351618685,-5476.03625689144,-5508.5708014200445,5.449532118562528,-4.113997627717501,-1.3565189478988955,28265U
2025-06-24T03:18:39.679181,-3040.201144430552,-5716.37857607808,-5583.478111466238,5.573944449132079,-3.896915417791066,-1.140967528121178,28265U
2025-06-24T03:19:39.679181,-2702.4356729107976,-5943.613625317986,-5645.557009463428,5.682222543156219,-3.6771859795988755,-0.9289516905886587,28265U
2025-06-24T03:20:39.679181,-2358.64019177174,-6157.604123656428,-5695.02980397164,5.774985784811469,-3.45551838160241,-0.7208180326572026,28265U
2025-06-24T03:21:39.679181,-2009.7269222484697,-6358.253334674818,-5732.138004428342,5.8528572601659725,-3.232556362088956,-0.5168600039855628,28265U
2025-06-24T03:22:39.679181,-1656.5708044055216,-6545.501274612118,-5757.139302536565,5.916457423938344,-3.008882343930756,-0.3173233052894173,28265U
2025-06-24T03:23:39.679181,-1300.0098094282512,-6719.321165272179,-5770.304867413596,5.966398918237098,-2.7850215950737054,-0.12241100033866607,28265U
2025-06-24T03:24:39.679181,-940.8455309308453,-6879.716136991123,-5771.916936214588,6.003282405775088,-2.5614464267197103,0.06771169652821753,28265U
2025-06-24T03:25:39.679181,-579.8439987669442,-7026.716181278697,-5762.266680242566,6.027693286713669,-2.338580345419796,0.25291297816905967,28265U
2025-06-24T03:26:39.679181,-217.7366663501563,-7160.375348412307,-5741.652325738365,6.040199177358682,-2.116802095919708,0.433090355271308,28265U
2025-06-24T03:27:39.679181,144.77847057873063,-7280.769182047066,-5710.377508407748,6.041348039373016,-1.8964495488268578,0.6081669174153156,28265U
2025-06-24T03:28:39.679181,507.03565950937514,-7387.9923806137995,-5668.749841117528,6.031666859209636,-1.677823401321735,0.7780879347488894,28265U
2025-06-24T03:29:39.679181,868.400111188782,-7482.15667374254,-5617.079674935278,6.011660788539476,-1.4611906705707087,0.9428177852465414,28265U
2025-06-24T03:30:39.679181,1228.2666792742675,-7563.388901016754,-5555.679034685354,5.981812667156832,-1.2467879685837584,1.1023371890549196,28265U
2025-06-24T03:31:39.679181,1586.0585204100948,-7631.829279911812,-5484.860711353541,5.9425828599318775,-1.034824554340973,1.2566407293306594,28265U
2025-06-24T03:32:39.679181,1941.2257517261587,-7687.62984968354,-5404.9374949263065,5.894409348691511,-0.8254851644269585,1.405734637931946,28265U
2025-06-24T03:33:39.679181,2293.2441195013575,-7730.953078168194,-5316.22153253944,5.837708028366362,-0.6189326274362692,1.549634824086128,28265U
2025-06-24T03:34:39.679181,2641.6136899384,-7761.97061885187,-5219.0237980987,5.772873164322922,-0.4153102703218698,1.6883651244961995,28265U
2025-06-24T03:35:39.679181,2985.857570635367,-7780.862206111528,-5113.653660789199,5.700277974520023,-0.21474412685820288,1.8219557541097888,28265U
2025-06-24T03:36:39.679181,3325.520669347397,-7787.814677170628,-5000.418541091388,5.620275306031037,-0.017344959678058665,1.9504419378154079,28265U
2025-06-24T03:37:39.679181,3660.168494966208,-7783.021110013006,-4879.623644057483,5.533198380615782,0.17678989192736488,2.0738627045476044,28265U
2025-06-24T03:38:39.679181,3989.386004269104,-7766.680067230823,-4751.571760661336,5.439361588472916,0.3675748259565353,2.1922598265995634,28265U
2025-06-24T03:39:39.679181,4312.776496853343,-7738.994936522672,-4616.563129017423,5.3390613131273295,0.5549344409248504,2.305676888293193,28265U
2025-06-24T03:40:39.679181,4629.960559748966,-7700.173359290918,-4474.895348166697,5.232576773674264,0.738802136159904,2.4141584695033247,28265U
2025-06-24T03:41:39.679181,4940.575062462168,-7650.426739499954,-4326.863337950229,5.120170873379673,0.9191188373805689,2.517749430842057,28265U
2025-06-24T03:42:39.679181,5244.272202608029,-7589.969825641991,-4172.759339240984,5.002091045988284,1.0958318363142738,2.6164942885585982,28265U
2025-06-24T03:43:39.679181,5540.718601833329,-7519.020359307733,-4012.8729494792597,4.8785700930707865,1.2688937337210051,2.710436668389543,28265U
2025-06-24T03:44:39.679181,5829.594451375951,-7437.7987844727095,-3847.491189067304,4.74982700740493,1.4382614758441066,2.799618828692439,28265U
2025-06-24T03:45:39.679181,6110.592706346658,-7346.528012185194,-3676.898594724768,4.616067778775085,1.603895474975988,2.8840812442118806,28265U
2025-06-24T03:46:39.679181,6383.418327634733,-7245.433235876581,-3501.3773363953137,4.477486179733621,1.765758805492609,2.963862242760258,28265U
2025-06-24T03:47:39.679181,6647.787570217884,-7134.74179301162,-3321.207354729978,4.334264529830092,1.923816467360182,3.0389976879475973,28265U
2025-06-24T03:48:39.679181,6903.427316587224,-7014.6830692551,-3136.666516561456,4.186574437613829,2.0780347097415346,3.1095207018693847,28265U
2025-06-24T03:49:39.679181,7150.07445397593,-6885.488441753521,-2948.0307861251567,4.03457752037597,2.2283804079247185,3.1754614223646382,28265U
2025-06-24T03:50:39.679181,7387.475294089993,-6747.391258519667,-2755.5744100882616,3.878426102146282,2.374820487354438,3.236846790091315,28265U
2025-06-24T03:51:39.679181,7615.385034083785,-6600.626851263338,-2559.5701147142463,3.718263890913867,2.5173213890712707,3.29370036124093,28265U
2025-06-24T03:52:39.679181,7833.567257589268,-6445.432579338895,-2360.289313726119,3.554226636420505,2.6558485713493543,3.3460421422326947,28265U
2025-06-24T03:53:39.679181,8041.793474697848,-6282.047902777391,-2158.0023256363324,3.3864427701925166,2.7903660427750245,3.3938884431968557,28265U
2025-06-24T03:54:39.679181,8239.842699898461,-6110.71448264529,-1952.9785994913625,3.21503402974808,2.9208359224242897,3.4372517474816333,28265U
2025-06-24T03:55:39.679181,8427.50106710272,-5931.67630721573,-1745.4869481283254,3.0401160691450833,3.0472180231850796,3.47614059480592,28265U
2025-06-24T03:56:39.679181,8604.561480998536,-5745.179842688786,-1535.7957882002554,2.8617990582623825,3.169469454608693,3.5105594760285723,28265U
2025-06-24T03:57:39.679181,8770.823304197735,-5551.474207326862,-1324.1733862517465,2.680188273318727,3.2875442420556595,3.5405087378461633,28265U
2025-06-24T03:58:39.679181,8926.092079653403,-5350.811368205945,-1110.8881103873,2.4953846814478156,3.4013929591058645,3.565984496004022,28265U
2025-06-24T03:59:39.679181,9070.17928817016,-5143.446359774374,-896.2086869467341,2.3074855221409774,3.510962370609797,3.5869785559258034,28265U
2025-06-24T04:00:39.679181,9202.902140870012,-4929.637523701873,-680.4044618181796,2.116584888665819,3.6161950839322667,3.6034783399096972,28265U
2025-06-24T04:01:39.679181,9324.083406731044,-4709.646769573175,-463.74566598708526,1.9227743126719965,3.7170292062411994,3.6154668203146243,28265U
2025-06-24T04:02:39.679181,9433.551275500042,-4483.739856114027,-246.50368496059238,1.7261433553793075,3.8133980059327417,3.622922458413872,28265U
2025-06-24T04:03:39.679181,9531.139256478682,-4252.186692767802,-28.95133174080919,1.5267802089458644,3.9052295765177965,3.6258191488504754,28265U
2025-06-24T04:04:39.679181,9616.68611393113,-4015.2616614796802,188.63687703640858,1.324772311761338,3.992446501563283,3.624126169893281,28265U
2025-06-24T04:05:39.679181,9690.035840058123,-3773.2439586920336,405.9844421331953,1.1202069816801938,4.074965519500592,3.6178081399614626,28265U
2025-06-24T04:06:39.679181,9751.037666757496,-3526.4179575609833,622.812600339477,0.9131720713864254,4.152697187399338,3.6068249811740487,28265U
2025-06-24T04:07:39.679181,9799.546117636588,-3275.07359047791,838.8400411565531,0.7037566503488474,4.2255455430701145,3.591131890985801,28265U
2025-06-24T04:08:39.679181,9835.421102021653,-3019.506751998242,1053.7826220727882,0.49205171807932563,4.293407765165414,3.570679323302278,28265U
2025-06-24T04:09:39.679181,9858.52805299894,-2760.019722295478,1267.353083060365,0.2781509536910076,4.356173831278904,3.545412980829495,28265U
2025-06-24T04:10:39.679181,9868.73811183255,-2496.921611236743,1479.2607610468951,0.062151507043487146,4.4137261744179215,3.5152738208128143,28265U
2025-06-24T04:11:39.679181,9865.92836142896,-2230.52882315123,1689.2113052508182,-0.155845162916607,4.465939338642393,3.480198076764434,28265U
2025-06-24T04:12:39.679181,9849.98211186513,-1961.1655422880758,1896.906394449801,-0.375732396694648,4.512679635146678,3.440117299273448,28265U
2025-06-24T04:13:39.679181,9820.78924136151,-1689.1642388759171,2102.04345744668,-0.5973973833999949,4.553804800610549,3.3949584195484124,28265U
2025-06-24T04:14:39.679181,9778.246596466459,-1414.8661955570087,2304.3153982432577,-0.820720143916381,4.589163660284227,3.344643839964039,28265U
2025-06-24T04:15:39.679181,9722.258455623105,-1138.6220538026575,2503.4103277055906,-1.045572441163145,4.618595799007922,3.28909155658391,28265U
2025-06-24T04:16:39.679181,9652.737060712494,-860.7923796938225,2699.0113038301297,-1.2718166102130566,4.641931244220793,3.2282153194161913,28265U
2025-06-24T04:17:39.679181,9569.603221607564,-581.7482481771789,2890.796083091086,-1.4993043007552047,4.65899016600371,3.161924837041246,28265U
2025-06-24T04:18:39.679181,9472.786999225935,-301.8718445636753,3078.436885780743,-1.7278751241720733,4.669582600347165,3.0901260332363445,28265U
2025-06-24T04:19:39.679181,9362.228473035531,-21.557081628042216,3261.6001787418204,-1.9573551973513126,4.6735082031623945,3.0127213643263615,28265U
2025-06-24T04:20:39.679181,9237.878599435122,258.7897698378443,3439.946479455339,-2.187555575322075,4.670556044086469,2.929610207215203,28265U
2025-06-24T04:21:39.679181,9099.700167898516,538.7494397595418,3613.1301860827584,-2.418270564915777,4.660504450897383,2.840689329412757,28265U
2025-06-24T04:22:39.679181,8947.668862223478,817.8890102588355,3780.799438784918,-2.649275911961853,4.643120917381624,2.745853453869432,28265U
2025-06-24T04:23:39.679181,8781.774434651239,1095.7612641744013,3942.596018456044,-2.8803268550930317,4.618162089814878,2.644995933068908,28265U
2025-06-24T04:24:39.679181,8602.022001003108,1371.9040359123767,4098.155289928349,-3.111156040126287,4.585373849855064,2.5380095486074326,28265U
2025-06-24T04:25:39.679181,8408.433465293907,1645.8395710731793,4247.106197729236,-3.341471290291325,4.544491514634611,2.4247874543967076,28265U
2025-06-24T04:26:39.679181,8201.049082500134,1917.0739026486137,4389.071323616238,-3.5709532294024,4.495240178200255,2.305224283649719,28265U
2025-06-24T04:27:39.679181,7979.929168250492,2185.0962531413097,4523.6670163788185,-3.799252757533275,4.437335222202232,2.1792174419170736,28265U
2025-06-24T04:28:39.679181,7745.155964123181,2449.3784737533283,4650.503605786732,-4.025988382006538,4.3704830278886115,2.0466686105897,28265U
2025-06-24T04:29:39.679181,7496.835666927027,2709.37453384406,4769.1857140804705,-4.2507434107137705,4.29438192600771,1.9074854874083738,28265U
2025-06-24T04:30:39.679181,7235.100629753016,2964.5200761875317,4879.312680035091,-4.473063020130819,4.208723426134901,1.7615837925329345,28265U
2025-06-24T04:31:39.679181,6960.111741628348,3214.2320561949045,4980.479112377043,-4.692451217105309,4.1131937721591125,1.6088895704989699,28265U
2025-06-24T04:32:39.679181,6672.060991206284,3457.9084862131826,5072.275591171571,-4.9083677218003405,4.007475876092904,1.4493418197690753,28265U
2025-06-24T04:33:39.679181,6371.1742179752355,3694.9283092815267,5154.289537698557,-5.120224809338052,3.8912516878546226,1.282895482358117,28265U
2025-06-24T04:34:39.679181,6057.714051854578,3924.6514303148538,5226.106275252331,-5.327384159958535,3.764205063992938,1.109524825911364,28265U
2025-06-24T04:35:39.679181,5731.983038631363,4146.418936571266,5287.310305174333,-5.529153782147363,3.6260252031777074,0.9292272493097731,28265U
2025-06-24T04:36:39.679181,5394.326944333529,4359.553543407668,5337.486824174063,-5.724785090417864,3.4764107202536323,0.7420275399605003,28265U
2025-06-24T04:37:39.679181,5045.138226175349,4563.360305666259,5376.2235105039645,-5.9134702394296825,3.315074433207311,0.5479826059166522,28265U
2025-06-24T04:38:39.679181,4684.8596509844465,4757.127639460929,5403.112607687368,-6.094339838954209,3.141748937844936,0.3471866982885059,28265U
2025-06-24T04:39:39.679181,4313.988033860669,4940.1287034983425,5417.753335080415,-6.266461199777412,2.9561930424619076,0.1397771284078935,28265U
2025-06-24T04:40:39.679181,3933.0780600761614,5111.623193167196,5419.75465436215,-6.428837288653028,2.758199128270452,-0.07405953082338024,28265U
2025-06-24T04:41:39.679181,3542.7461417684,5270.859604194553,5408.738419834451,-6.580406600273943,2.547601489613364,-0.2940807897887802,28265U
2025-06-24T04:42:39.679181,3143.674247731656,5417.0780253485955,5384.342937870938,-6.720044184890326,2.3242856896445736,-0.5199811889473438,28265U
2025-06-24T04:43:39.679181,2736.613629563659,5549.513521034665,5346.226956638317,-6.8465641001328335,2.088198940680054,-0.7513849348240644,28265U
2025-06-24T04:44:39.679181,2322.3883506774223,5667.400164159818,5294.07410094498,-6.958723582622076,1.8393614822542201,-0.9878383506623621,28265U
2025-06-24T04:45:39.679181,1901.898506488255,5769.975776718315,5227.597758351861,-7.055229256152023,1.577878882571697,-1.228802312213216,28265U
2025-06-24T04:46:39.679181,1476.1230048746406,5856.487429478847,5146.546411113015,-7.134745704904456,1.3039551293123053,-1.4736448906150343,28265U
2025-06-24T04:47:39.679181,1046.1217564655021,5926.197742180443,5050.709393739871,-7.195906737743045,1.0179063029426443,-1.721634481207649,28265U
2025-06-24T04:48:39.679181,613.0371054000608,5978.392010989002,4939.923037730144,-7.237329647870681,0.7201745399966033,-1.9719337574174434,28265U
2025-06-24T04:49:39.679181,178.0943142317737,6012.3861698953,4814.0771431430085,-7.257632725232433,0.41134189664952503,-2.2235948493697997,28265U
2025-06-24T04:50:39.679181,-257.39909675349577,6027.535566634978,4673.121691328907,-7.255456201143432,0.09214361746410829,-2.475556203073239,28265U
2025-06-24T04:51:39.679181,-692.0553633645834,6023.2445012027,4517.073684638872,-7.229486690421136,-0.23651979429431946,-2.726641621827765,28265U
2025-06-24T04:52:39.679181,-1124.4100520379682,5998.976436112814,4346.0239681367575,-7.178485041990278,-0.5735724121741613,-2.9755620194700345,28265U
2025-06-24T04:53:39.679181,-1552.9273923454898,5954.2647427428865,4160.14385649336,-7.1013173133084795,-0.9177554240604959,-3.220920416553926,28265U
2025-06-24T04:54:39.679181,-1976.0075417301175,5888.723798582139,3959.691358159101,-6.996988349754761,-1.2676232288884532,-3.4612206764261764,28265U
2025-06-24T04:55:39.679181,-2391.9959188164835,5802.060198003595,3745.0167609453524,-6.864677185276682,-1.6215439684668553,-3.694880399683892,28265U
2025-06-24T04:56:39.679181,-2799.1946872937133,5694.083787196372,3516.5673211433946,-6.703773199329286,-1.9777053317674784,-3.92024826578347,28265U
2025-06-24T04:57:39.679181,-3195.876401045,5564.718185935056,3274.8907854715007,-6.513911688458355,-2.334126359495116,-4.135625926161664,28265U
2025-06-24T04:58:39.679181,-3580.299733789423,5414.0104194931655,3020.637474765806,-6.295007266116889,-2.6886757863320057,-4.339294315907457,28265U
2025-06-24T04:59:39.679181,-3950.727115681384,5242.1392582673325,2754.5606734667813,-6.047283323445473,-3.039097183557465,-4.529543969377516,28265U
2025-06-24T05:00:39.679181,-4305.443989770483,5049.421855624339,2477.515101948383,-5.771295700309828,-3.3830408115428376,-4.704708615571791,28265U
2025-06-24T05:01:39.679181,-4642.779289676472,4836.3182905644635,2190.453300747514,-5.467948760434853,-3.718101676786977,-4.863201015744631,28265U
2025-06-24T05:02:39.679181,-4961.126634689407,4603.433664165395,1894.41982630745,-5.138502259248168,-4.041862840234534,-5.003549719117474,28265U
2025-06-24T05:03:39.679181,-5258.965649303278,4351.5174685362945,1590.5432444645573,-4.784567746449937,-4.351942581583854,-5.124435186567893,28265U
2025-06-24T05:04:39.679181,-5534.882750507662,4081.460042709196,1280.0260060519765,-4.40809374758654,-4.646043633890301,-5.224723599644405,28265U
2025-06-24T05:05:39.679181,-5787.590716556437,3794.2860470967516,964.1323921477259,-4.011339589799059,-4.922002411070793,-5.303496659875458,28265U
2025-06-24T05:06:39.679181,-6015.946361442062,3491.145019727945,644.1748168974285,-3.5968384271483638,-5.177835999106623,-5.360075806390263,28265U
2025-06-24T05:07:39.679181,-6218.965692791879,3173.2992137139836,321.49886479571245,-3.167350716296574,-5.4117846985277325,-5.394039538471007,28265U
2025-06-24T05:08:39.679181,-6395.8360254453055,2842.1090458583403,-2.532490762278738,-2.7258100241118006,-5.62234810064317,-5.405232906740521,28265U
2025-06-24T05:09:39.679181,-6545.9246530776445,2499.016599704605,-326.55499695029204,-2.275263547761424,-5.808313041692027,-5.393768699604735,28265U
2025-06-24T05:10:39.679181,-6668.783835792822,2145.527713483307,-649.2190540854581,-1.8188100428784997,-5.968772274490087,-5.360020355612125,28265U
2025-06-24T05:11:39.679181,-6764.152030359243,1783.1932372013202,-969.2049832331809,-1.3595379553886056,-6.103133277021467,-5.304607127566333,28265U
2025-06-24T05:12:39.679181,-6831.951457991065,1413.5900601172598,-1285.2371865172495,-0.9004664334284077,-6.211117222806291,-5.228372462297923,28265U
2025-06-24T05:13:39.679181,-6872.282259229357,1038.3024902808504,-1596.0968277031322,-0.4444915793551355,-6.29274870927673,-5.132356901502547,28265U
2025-06-24T05:14:39.679181,-6885.413615545841,658.9045155209112,-1900.6327477544978,0.005660168232249337,-6.348337326072969,-5.017767028342435,28265U
2025-06-24T05:15:39.679181,-6871.772315023802,276.9433968562893,-2197.770426478411,0.4474701988755517,-6.378452507746981,-4.885942072191486,28265U
2025-06-24T05:16:39.679181,-6831.9293009120065,-106.07505081266143,-2486.5188990335964,0.8786567180740247,-6.3838933353294385,-4.738319746385843,28265U
2025-06-24T05:17:39.679181,-6766.584766843023,-488.69924070449485,-2765.975627810606,1.2971944127639907,-6.365655027241575,-4.576402750430388,28265U
2025-06-24T05:18:39.679181,-6676.552354171553,-869.5425138269952,-3035.3294103450453,1.7013251558401685,-6.32489380638532,-4.401727146582656,28265U
2025-06-24T05:19:39.679181,-6562.742970743552,-1247.2917092850944,-3293.861468748505,2.089560516679665,-6.262891672327784,-4.215833552366202,28265U
2025-06-24T05:20:39.679181,-6426.148693373156,-1620.7136437801369,-3540.9449138055,2.4606771331802952,-6.181022376620662,-4.020241805648045,28265U
2025-06-24T05:21:39.679181,-6267.8271457220535,-1988.659608694537,-3776.042807325974,2.8137061715173606,-6.080719627724871,-3.816429483329566,28265U
2025-06-24T05:22:39.679181,-6088.886666093503,-2350.0680458196425,-3998.705060870557,3.147918163265955,-5.963448269010832,-3.605814407912606,28265U
2025-06-24T05:23:39.679181,-5890.4725018591025,-2703.96559845966,-4208.564409834794,3.4628044838739926,-5.830678902574891,-3.3897410706015703,28265U
2025-06-24T05:24:39.679181,-5673.754193514542,-3049.466754775115,-4405.331691877112,3.758056643560228,-5.683866190091975,-3.1694707409064593,28265U
2025-06-24T05:25:39.679181,-5439.914245034597,-3385.77230698862,-4588.790640692668,4.03354442376221,-5.524430859809192,-2.946174921163523,28265U
2025-06-24T05:26:39.679181,-5190.138120242625,-3712.166846110773,-4758.792382960354,4.289293729592728,-5.353745290299845,-2.7209317361650283,28265U
2025-06-24T05:27:39.679181,-4925.6055582049485,-4028.0154998020166,-4915.249800327967,4.525464858227971,-5.173122426306497,-2.4947248168924814,28265U
2025-06-24T05:28:39.679181,-4647.483164180498,-4332.760103395861,-5058.131891542935,4.742331717620348,-4.983807706185581,-2.268444235682492,28265U
2025-06-24T05:29:39.679181,-4356.918205737694,-4625.914973179555,-5187.458243799834,4.940262378272247,-4.786973638451223,-2.0428890703904137,28265U
2025-06-24T05:30:39.679181,-4055.033525245863,-4907.062428563263,-5303.293698118758,5.119701208316371,-4.583716650189334,-1.8187712102203746,28265U
2025-06-24T05:31:39.679181,-3742.923468781884,-5175.848187191392,-5405.743271769695,5.281152731232475,-4.375055836122307,-1.5967200598148523,28265U
2025-06-24T05:32:39.679181,-3421.650726240519,-5431.976735387475,-5494.94738176426,5.42516725640066,-4.161933257825769,-1.3772878460915805,28265U
2025-06-24T05:33:39.679181,-3092.243976820513,-5675.206756271256,-5571.077397347589,5.552328264062743,-3.945215472843132,-1.160955280519957,28265U
2025-06-24T05:34:39.679181,-2755.6962369231205,-5905.346679853669,-5634.331536158472,5.663241475931886,-3.725696008990996,-0.9481373754760081,28265U
2025-06-24T05:35:39.679181,-2412.9638128224683,-6122.250403610227,-5684.9311080893085,5.758525508010161,-3.504098536728949,-0.7391892553458879,28265U
2025-06-24T05:36:39.679181,-2064.9657674238456,-6325.813218473002,-5723.117102592835,5.838803980369381,-3.2810805297113417,-0.5344118402656559,28265U
2025-06-24T05:37:39.679181,-1712.5838183222438,-6515.967963796762,-5749.147108950783,5.904698947078935,-3.05723723890892,-0.3340573124237629,28265U
2025-06-24T05:38:39.679181,-1356.6625926899198,-6692.681425481878,-5763.292554527671,5.956825505725666,-2.8331058379741,-0.13833430176000486,28265U
2025-06-24T05:39:39.679181,-998.010172867343,-6855.9509838739195,-5765.83624298426,5.995787447993625,-2.60916962628625,0.05258725002530381,28265U
2025-06-24T05:40:39.679181,-637.3988746027002,-7005.80151209911,-5757.070172547508,6.0221738188329,-2.3858622011470234,0.23857157054001957,28265U
2025-06-24T05:41:39.679181,-275.56620752601344,-7142.282520895676,-5737.2936134824995,6.036556260447753,-2.1635715319758315,0.41951289236442296,28265U
2025-06-24T05:42:39.679181,86.78402551351303,-7265.4655425751425,-5706.811423678486,6.0394870275938715,-1.9426438872636902,0.5953316422604717,28265U
2025-06-24T05:43:39.679181,448.9805271855341,-7375.441744274163,-5665.9325815668735,6.0314975716606565,-1.723387579819464,0.7659709750457838,28265U
2025-06-24T05:44:39.679181,810.3832336777714,-7472.31975898243,-5614.968916287457,6.013097602128127,-1.5060765078105587,0.9313936376931191,28265U
2025-06-24T05:45:39.679181,1170.3819980281864,-7556.22372178577,-5554.23401599016,5.984774544802041,-1.2909534786476624,1.0915791454688264,28265U
2025-06-24T05:46:39.679181,1528.395250378698,-7627.291498221441,-5484.04229630783,5.94699332646413,-1.0782333102351114,1.2465212496163804,28265U
2025-06-24T05:47:39.679181,1883.868652836583,-7685.6730914894615,-5404.70821228711,5.900196425053555,-0.8681057098428245,1.3962256748944406,28265U
2025-06-24T05:48:39.679181,2236.273763268823,-7731.529215407063,-5316.545598360187,5.844804133129401,-0.660737935147541,1.5407081049264133,28265U
2025-06-24T05:49:39.679181,2585.1067194735997,-7765.0300203548595,-5219.867122239542,5.781214990121216,-0.4562772451113244,1.6799923935850716,28265U
2025-06-24T05:50:39.679181,2929.8869527308066,-7786.3539599821315,-5114.983839887628,5.70980634576454,-0.25485315053643504,1.814108981347931,28265U
2025-06-24T05:51:39.679181,3270.1559376715186,-7795.68678706339,-5002.204839932897,5.630935023179797,-0.05657947555736574,1.943093496572608,28265U
2025-06-24T05:52:39.679181,3605.4759836857725,-7793.220667590778,-4881.836967056614,5.544938055340101,0.13844375783851018,2.0669855228498486,28265U
2025-06-24T05:53:39.679181,3935.429071651414,-7779.1534029146005,-4754.184614956251,5.452133473254191,0.3301286097876343,2.185827514905554,28265U
2025-06-24T05:54:39.679181,4259.615738594484,-7753.687750486033,-4619.549580490095,5.352821128130126,0.5183976545164357,2.29966384688724,28265U
2025-06-24T05:55:39.679181,4577.654011927498,-7717.030834491863,-4478.230971529328,5.247283533157137,0.7031825520029742,2.408539978229814,28265U
2025-06-24T05:56:39.679181,4889.178394137647,-7669.3936383899145,-4330.52516188459,5.135786713411826,0.8844227474373795,2.512501723623044,28265U
2025-06-24T05:57:39.679181,5193.838898178508,-7610.990572045581,-4176.725787439131,5.0185810548249945,1.06206428710519,2.611594614873308,28265U
2025-06-24T05:58:39.679181,5491.300133337637,-7542.039106828636,-4017.123778310849,4.895902145193219,1.2360587399205745,2.705863343652761,28265U
2025-06-24T05:59:39.679181,5781.240440978187,-7462.759472651698,-3852.0074224894743,4.767971601940555,1.4063622144822177,2.795351275248107,28265U
2025-06-24T06:00:39.679181,6063.351079276863,-7373.3744115152485,-3681.662456953824,4.634997882774851,1.572934462192479,2.880100024458181,28265U
2025-06-24T06:01:39.679181,6337.3354558834335,-7274.108982667761,-3506.372182773379,4.497177076582885,1.735738057648925,2.960149085742533,28265U
2025-06-24T06:02:39.679181,6602.908407292342,-7165.190414995268,-3326.4176011458453,4.354693672907521,1.8947376481702,3.035535510593103,28265U
2025-06-24T06:03:39.679181,6859.795523643746,-7046.848002720292,-3142.0775677165093,4.207721309176006,2.0498992649518146,3.1062936258943763,28265U
2025-06-24T06:04:39.679181,7107.732517634967,-6919.3130409219875,-2953.628962879537,4.056423495536261,2.2011896889458566,3.172454787754414,28265U
2025-06-24T06:05:39.679181,7346.4646362327285,-6782.8187977840535,-2761.346876070035,3.9009543177241746,2.348575865128094,3.2340471659400407,28265U
2025-06-24T06:06:39.679181,7575.746113912905,-6637.600520840213,-2565.5048023305108,3.741459118855974,2.4920243593464693,3.2910955546361027,28265U
2025-06-24T06:07:39.679181,7795.339666216479,-6483.895474820674,-2366.37484967704,3.5780751614323876,2.6315008524389456,3.343621205778675,28265U
2025-06-24T06:08:39.679181,8005.016022498065,-6321.943009006018,-2164.2279559991425,3.4109322711677,2.7669696667686456,3.391641681691869,28265U
2025-06-24T06:09:39.679181,8204.553496845423,-6151.9846522736,-1959.3341144120918,3.2401534645353394,2.898393320747318,3.4351707241913503,28265U
2025-06-24T06:10:39.679181,8393.737596271923,-5974.264234271389,-1751.9626061337399,3.06585556215581,3.0257321073124603,3.4742181377130126,28265U
2025-06-24T06:11:39.679181,8572.360665384362,-5789.028031417432,-1542.3822401311927,2.888149790392889,3.1489436926624754,3.5087896843786996,28265U
2025-06-24T06:12:39.679181,8740.221566986398,-5596.524936522528,-1330.8615987699184,2.7071423736037437,3.267982731965237,3.5388869892646695,28265U
2025-06-24T06:13:39.679181,8897.125398012973,-5397.006651242082,-1117.6692890434542,2.522935119872668,3.3828004989150258,3.5645074544010997,28265U
2025-06-24T06:14:39.679181,9042.883240625488,-5190.727900473323,-903.0741987381253,2.335626002968687,3.493344526484366,3.585644180372703,28265U
2025-06-24T06:15:39.679181,9177.311948268252,-4977.94666817185,-687.3457571792106,2.145309743625015,3.5995582563498947,3.602285894622509,28265U
2025-06-24T06:16:39.679181,9300.233966769123,-4758.924454108121,-470.7542001432023,1.9520783933122599,3.701380694795268,3.6144168858437054,28265U
2025-06-24T06:17:39.679181,9411.47719074117,-4533.926551230298,-253.5708385734107,1.7560219238673092,3.798746073128889,3.622016944097805,28265U
2025-06-24T06:18:39.679181,9510.874855744112,-4303.222343421835,-36.06833076202539,1.5572288265295349,3.8915835108938586,3.625061306554702,28265U
2025-06-24T06:19:39.679181,9598.265466898825,-4067.085623506748,181.47904237124342,1.3557867240993842,3.979816680405721,3.6235206090126284,28265U
2025-06-24T06:20:39.679181,9673.492764856772,-3825.794931477694,398.7950992502545,1.151783000176439,4.063363471383486,3.617360843624137,28265U
2025-06-24T06:21:39.679181,9736.405730287557,-3579.6339129518806,615.601477279239,0.9453054496239125,4.142135654713768,3.6065433235389306,28265U
2025-06-24T06:22:39.679181,9786.85862829462,-3328.891697929596,831.6173505934593,0.7364429546631341,4.216038544653194,3.5910246554756444,28265U
2025-06-24T06:23:39.679181,9824.711094444841,-3073.863299952017,1046.5591464522035,0.5252861912496676,4.28497065907473,3.570756721560677,28265U
2025-06-24T06:24:39.679181,9849.828264383248,-2814.850035775407,1260.1402608882029,0.31192837066365137,4.348823377687381,3.5456866721283453,28265U
2025-06-24T06:25:39.679181,9862.080949310472,-2552.159965663564,1472.0707743476796,0.09646602153343264,4.407480598524826,3.515756931568197,28265U
2025-06-24T06:26:39.679181,9861.34585992132,-2286.1083543768445,1682.0571681883641,-0.12100018217384133,4.460818393407282,3.480905219740533,28265U
2025-06-24T06:27:39.679181,9847.505881745186,-2017.0181528718508,1889.8020430747224,-0.34036454134453864,4.508704663550714,3.441064591965441,28265U
2025-06-24T06:28:39.679181,9820.450405189024,-1745.2205006421395,2095.0038405035484,-0.5615153939093525,4.550998797033352,3.396163501133399,28265U
2025-06-24T06:29:39.679181,9780.075713963575,-1471.0552485041167,2297.356568928126,-0.7843341125173171,4.587551330449244,3.3461258860933722,28265U
2025-06-24T06:30:39.679181,9726.285435973823,-1194.8715014730578,2496.549536216642,-1.008694030845922,4.618203617793645,3.2908712911580413,28265U
2025-06-24T06:31:39.679181,9658.991061172206,-917.0281811589513,2692.26709049922,-1.2344592913926054,4.642787510455357,3.230315022331863,28265U
2025-06-24T06:32:39.679181,9578.112531309605,-637.8946068529984,2884.1883718172444,-1.461483607307351,4.661125053151645,3.164368346729019,28265U
2025-06-24T06:33:39.679181,9483.578906969191,-357.85109414658746,3071.9870774086357,-1.6896089305961808,4.673028201755884,3.0929387426116297,28265U
2025-06-24T06:34:39.679181,9375.32911772982,-77.28956952678111,3255.3312439406723,-1.9186640188651063,4.678298570257538,3.0159302085555115,28265U
2025-06-24T06:35:39.679181,9253.312801773236,203.3858010889759,3433.8830505482456,-2.1484628927167,4.676727215583962,2.933243641449779,28265U
2025-06-24T06:36:39.679181,9117.491241714484,483.7579724949442,3607.2986471580957,-2.3788031759948343,4.668094470730891,2.844777294365182,28265U
2025-06-24T06:37:39.679181,8967.838403889353,763.3963723207154,3775.228013284187,-2.6094643113415645,4.652169838621209,2.7504273267914487,28265U
2025-06-24T06:38:39.679181,8804.342088762716,1041.8562492542476,3937.314853275123,-2.8402056440399472,4.628711961370335,2.6500884613490396,28265U
2025-06-24T06:39:39.679181,8627.005200508678,1318.6780224457686,4093.196534892134,-3.070764367942311,4.59746868220954,2.543654762822814,28265U
2025-06-24T06:40:39.679181,8435.847144142426,1593.386638291704,4242.504079096118,-3.300853328496977,4.558177220236348,2.431020557241659,28265U
2025-06-24T06:41:39.679181,8230.905358818107,1865.4909421115553,4384.862210042444,-3.5301586796042455,4.51056448144741,2.3120815107172836,28265U
2025-06-24T06:42:39.679181,8012.236996024794,2134.48307374196,4519.889475517396,-3.7583373933568613,4.454347533185728,2.186735889837286,28265U
2025-06-24T06:43:39.679181,7779.920751363678,2399.837897820353,4647.198449412993,-3.985014624804508,4.389234273210138,2.0548860275357494,28265U
2025-06-24T06:44:39.679181,7534.058858330717,2661.0124815290937,4766.396029322293,-4.209780937880307,4.314924329068262,1.9164400204820884,28265U
2025-06-24T06:45:39.679181,7274.779251995812,2917.4456348475273,4877.083843945393,-4.4321894037313205,4.231110228300754,1.771313686048556,28265U
2025-06-24T06:46:39.679181,7002.237909593519,3168.5575309318438,4978.858786715313,-4.651752589112232,4.137478885173316,1.6194328087246999,28265U
2025-06-24T06:47:39.679181,6716.621373735568,3413.7494271268492,5071.313693866393,-4.867939460464609,4.033713455034486,1.4607357072893592,28265U
2025-06-24T06:48:39.679181,6418.149462121693,3652.4035103221504,5154.038187048357,-5.080172239065662,3.9194956128905494,1.2951761549268228,28265U
2025-06-24T06:49:39.679181,6107.07816515448,3883.8828938900383,5226.619702493731,-5.28782325444462,3.794508318172172,1.1227266845324146,28265U
2025-06-24T06:50:39.679181,5783.70272961717,4107.5317972783905,5288.644730620051,-5.490211857396995,3.6584391326491597,0.9433823103701984,28265U
2025-06-24T06:51:39.679181,5448.360922420228,4322.675943432178,5339.70029170879,-5.686601470600593,3.5109841626462437,0.7571646946375978,28265U
2025-06-24T06:52:39.679181,5101.43646319897,4528.623213528127,5379.3756748491805,-5.876196874242499,3.3518526996096685,0.5641267828840889,28265U
2025-06-24T06:53:39.679181,4743.362608084833,4724.664602933452,5407.264468532675,-6.0581418462963175,3.1807726340127704,0.36435792506969816,28265U
2025-06-24T06:54:39.679181,4374.625859127155,4910.075526692341,5422.966911962596,-6.231517302086846,2.9974967157555925,0.1579894887092169,28265U
2025-06-24T06:55:39.679181,3995.7697644307623,5084.117527026237,5426.092596099,-6.395340105302737,2.801809728596629,-0.05479904368335613,28265U
2025-06-24T06:56:39.679181,3607.3987629891285,5246.040439033593,5416.263542438247,-6.548562752106546,2.593536635581125,-0.27377351948996553,28265U
2025-06-24T06:57:39.679181,3210.182015318929,5395.085073674608,5393.117685238942,-6.690074160527071,2.372551735528917,-0.4986381540971269,28265U
2025-06-24T06:58:39.679181,2804.8571463332246,5530.486478802283,5356.312779013301,-6.818701827464529,2.138788845926459,-0.7290282433747561,28265U
2025-06-24T06:59:39.679181,2392.2338104935643,5651.477838953032,5305.5307472347195,-6.9332156433641545,1.8922524934630263,-0.9645026685333095,28265U
2025-06-24T07:00:39.679181,1973.196971372899,5757.295072239877,5240.482479972794,-7.032333677163256,1.633030048445758,-1.2045363550059185,28265U
2025-06-24T07:01:39.679181,1548.7097687431362,5847.182177316669,5160.913077160389,-7.114730257939729,1.3613046821379826,-1.44851289718224,28265U
2025-06-24T07:02:39.679181,1119.8158267902952,5920.397374258771,5066.607520054869,-7.17904668041548,1.0773689558672548,-1.69571761663811,28265U
2025-06-24T07:03:39.679181,687.6408379791544,5976.220069552999,4957.396735888569,-7.22390484395698,0.7816387675280893,-1.9453313811440835,28265U
2025-06-24T07:04:39.679181,253.39323964907467,6013.958656458536,4833.163999550667,-7.24792409327455,0.4746672860022779,-2.1964255722662465,28265U
2025-06-24T07:05:39.679181,-181.6362137889506,6032.959137141374,4693.851591455557,-7.249741457767886,0.15715839980757518,-2.447958646506601,28265U
2025-06-24T07:06:39.679181,-616.0761892652473,6032.6145217631265,4539.4676028643025,-7.228035379940309,-0.17002090224113003,-2.6987747829289446,28265U
2025-06-24T07:07:39.679181,-1048.4780319962692,6012.3749220246755,4370.09274955669,-7.181552877322485,-0.5058299061870204,-2.947605141865846,28265U
2025-06-24T07:08:39.679181,-1477.3207408199794,5971.758212926439,4185.887023073146,-7.109139895098768,-0.8490460846302962,-3.1930722661988726,28265U
2025-06-24T07:09:39.679181,-1901.0178414713419,5910.361087755708,3987.095977463085,-7.009774379953482,-1.1982603935667915,-3.4336981297501254,28265U
2025-06-24T07:10:39.679181,-2317.9263025617693,5827.8702793859375,3774.0564208360092,-6.882601346354188,-1.5518768315654143,-3.6679162676671906,28265U
2025-06-24T07:11:39.679181,-2726.357588055285,5724.073668599835,3547.2012577750247,-6.726968927462274,-1.9081171127449468,-3.894088303981614,28265U
2025-06-24T07:12:39.679181,-3124.5908721214296,5598.870950958716,3307.0632139777504,-6.542464123730769,-2.2650312107915225,-4.110525017562315,28265U
2025-06-24T07:13:39.679181,-3510.88835795648,5452.283492170107,3054.2771716384136,-6.328946709145451,-2.6205143576472385,-4.315511860137331,28265U
2025-06-24T07:14:39.679181,-3883.5125438016794,5284.462972936882,2789.5808561945455,-6.086579559207355,-2.972330822555952,-4.507338566124634,28265U
2025-06-24T07:15:39.679181,-4240.745171225098,5095.69841300838,2513.813644641245,-5.815853559624671,-3.3181444585867106,-4.6843321885617835,28265U
2025-06-24T07:16:39.679181,-4580.90747908677,4886.421175237088,2227.913314083375,-5.517605271801533,-3.6555555990859436,-4.844892581178717,28265U
2025-06-24T07:17:39.679181,-4902.381279601369,4657.207587344731,1932.910616399087,-5.193025694880637,-3.9821434419918798,-4.98752905306605,28265U
2025-06-24T07:18:39.679181,-5203.630279891588,4408.77888341038,1629.9216487585616,-4.843658785882296,-4.295512612655931,-5.110896682931278,28265U
2025-06-24T07:19:39.679181,-5483.22100306611,4141.998257891768,1320.1380861105868,-4.4713888734771805,-4.59334219059327,-5.213830628005544,28265U
2025-06-24T07:20:39.679181,-5739.842626018113,3857.864938440946,1004.8154444324487,-4.078416701015393,-4.873435169821518,-5.295376726482,28265U
2025-06-24T07:21:39.679181,-5972.325053352736,3557.5053133641104,685.2596450727929,-3.667224515036493,-5.133766139061162,-5.354816789674611,28265U
2025-06-24T07:22:39.679181,-6179.654591954835,3242.161285748449,362.81224199412327,-3.2405313145001173,-5.372524949180299,-5.391687214178337,28265U
2025-06-24T07:23:39.679181,-6360.986677263597,2913.1761591329155,38.83474783735079,-2.8012400247643225,-5.588154294112225,-5.405789901210158,28265U
2025-06-24T07:24:39.679181,-6515.655226120285,2571.9784772953176,-285.30745636232916,-2.352378889603509,-5.779379461729641,-5.3971949203066485,28265U
2025-06-24T07:25:39.679181,-6643.178342378532,2220.0643339686003,-608.2611231607013,-1.897039728978033,-5.945228983386108,-5.366234854624867,28265U
2025-06-24T07:26:39.679181,-6743.260268504623,1858.97872948026,-928.7005588170131,-1.438315854187422,-6.0850454786422326,-5.313491265801743,28265U
2025-06-24T07:27:39.679181,-6815.789645798749,1490.296575677071,-1245.3420089316505,-0.9792423551208658,-6.198486597613873,-5.2397741684949795,28265U
2025-06-24T07:28:39.679181,-6860.834303958768,1115.6039383153095,-1556.9566228096553,-0.5227411945147212,-6.2855165467890695,-5.146095766762586,28265U
2025-06-24T07:29:39.679181,-6878.632936307099,736.4800598436906,-1862.3816944562093,-0.07157310036435124,-6.346389191474008,-5.033639947796335,28265U
2025-06-24T07:30:39.679181,-6869.584121460503,354.4806317013799,-2160.5299735018757,0.37170230423387457,-6.381624118267707,-4.903729140677832,28265U
2025-06-24T07:31:39.679181,-6834.2332208939015,-28.877308097409912,-2450.3969374641215,0.8047572929278501,-6.391977290919935,-4.757790132357252,28265U
2025-06-24T07:32:39.679181,-6773.2577138403685,-412.1285802090439,-2731.066010150397,1.2255174944875613,-6.37840803766772,-4.597320307163616,28265U
2025-06-24T07:33:39.679181,-6687.451528808821,-793.8710058691114,-3001.711793719351,1.6321742864034166,-6.342044079093971,-4.423855566430782,28265U
2025-06-24T07:34:39.679181,-6577.708899811554,-1172.7744193110577,-3261.601449816323,2.0231888196593966,-6.284146166285871,-4.238940922297786,28265U
2025-06-24T07:35:39.679181,-6445.00822189743,-1547.58757307418,-3510.0944161089556,2.397288682729612,-6.206073680157584,-4.044104475241599,28265U
2025-06-24T07:36:39.679181,-6290.396312109587,-1917.143031866805,-3746.6406780995894,2.753458406242498,-6.1092522767061475,-3.8408352053784984,28265U
2025-06-24T07:37:39.679181,-6114.973405606168,-2280.3602068913387,-3970.7778333721185,3.090925093091572,-5.995144379856615,-3.630564753824609,28265U
2025-06-24T07:38:39.679181,-5919.87913860611,-2636.2467216263167,-4182.127188564098,3.4091404490140476,-5.86522304841936,-3.414653156169641,28265U
2025-06-24T07:39:39.679181,-5706.279695008164,-2983.8983232118317,-4380.389121058664,3.7077604072014774,-5.7209494949031034,-3.194378322305228,28265U
2025-06-24T07:40:39.679181,-5475.356225564062,-3322.4975628737125,-4565.33792057762,3.9866234097229283,-5.563754323033614,-2.9709289366088476,28265U
2025-06-24T07:41:39.679181,-5228.294589599816,-3651.3114668170924,-4736.816303349204,4.24572824925808,-5.395022383178242,-2.7454003766278863,28265U
2025-06-24T07:42:39.679181,-4966.276420546728,-3969.688408400884,-4894.72976581847,4.485212204472759,-5.216081020868115,-2.5187932109687123,28265U
2025-06-24T07:43:39.679181,-4690.471478097914,-4277.054375739243,-5039.040918042244,4.705330034997925,-5.028191410076234,-2.292013830686845,28265U
2025-06-24T07:44:39.679181,-4402.0312210939865,-4572.908808445348,-5169.763910567822,4.906434247030223,-4.832542614473916,-2.0658767854063336,28265U
2025-06-24T07:45:39.679181,-4102.083515266392,-4856.820154935208,-5286.959043882709,5.088956904016287,-4.630248000120232,-1.8411084284536774,28265U
2025-06-24T07:46:39.679181,-3791.7283774972434,-5128.421279032564,-5390.727627178018,5.2533931416254624,-4.422343625342767,-1.6183515182165031,28265U
2025-06-24T07:47:39.679181,-3472.034651947733,-5387.404822685747,-5481.207133603715,5.400286452859153,-4.209788251760135,-1.3981704706216906,28265U
2025-06-24T07:48:39.679181,-3144.03751199158,-5633.518611158784,-5558.566682538274,5.53021573663155,-3.99346464911193,-1.1810570062029244,28265U
2025-06-24T07:49:39.679181,-2808.736684161214,-5866.561168577536,-5623.002865603888,5.6437840494364835,-3.7741819013603686,-0.9674359819129289,28265U
2025-06-24T07:50:39.679181,-2467.0952952359576,-6086.377395427344,-5674.735922044769,5.7416089621874695,-3.5526784589568203,-0.7576712408256848,28265U
2025-06-24T07:51:39.679181,-2120.039250305723,-6292.854445568812,-5714.006260386937,5.824314400212995,-3.329625719676363,-0.5520713511405078,28265U
2025-06-24T07:52:39.679181,-1768.4570574071195,-6485.917828509954,-5741.071316714273,5.892523831024535,-3.1056319562349075,-0.35089513899134966,28265U
2025-06-24T07:53:39.679181,-1413.20002260662,-6665.527752893238,-5756.202735112925,5.94685465939017,-2.881246441892826,-0.15435694747053916,28265U
2025-06-24T07:54:39.679181,-1055.0827477744192,-6831.675719234038,-5759.683852553536,5.987913690305415,-2.6569636547863906,0.03736842273991035,28265U
2025-06-24T07:55:39.679181,-694.8838714445133,-6984.381363668794,-5751.807468418985,6.0162935258596395,-2.4332274675556977,0.22414111723826316,28265U
2025-06-24T07:56:39.679181,-333.3470008923762,-7123.689549608525,-5732.8738777941835,6.032569770293178,-2.2104352509707352,0.4058519878374371,28265U
2025-06-24T07:57:39.679181,28.818209264195826,-7249.6677005386255,-5703.189147297241,6.03729892758267,-1.9889418388737123,0.5824187089861225,28265U
2025-06-24T07:58:39.679181,390.93487007940433,-7362.403364550552,-5663.063612464286,6.031016886804518,-1.769063317158083,0.7537822428096855,28265U
2025-06-24T07:59:39.679181,752.3575951569708,-7462.001999363575,-5612.810576349835,6.014237901666729,-1.5510806120302167,0.9199036389718489,28265U
2025-06-24T08:00:39.679181,1112.4711884035128,-7548.584965431091,-5552.745189946139,5.987453981509221,-1.3352428628199735,1.0807611515247524,28265U
2025-06-24T08:01:39.679181,1470.6893050587232,-7622.2877140879555,-5483.18349615965,5.951134621445902,-1.1217705724862403,1.236347652383115,28265U
2025-06-24T08:02:39.679181,1826.453104396339,-7683.258157472417,-5404.44162033047,5.905726808966045,-0.9108585350295155,1.386668319700764,28265U
2025-06-24T08:03:39.679181,2179.229909023877,-7731.655207044698,-5316.835091582175,5.851655253121981,-0.7026785435933905,1.5317385789555258,28265U
2025-06-24T08:04:39.679181,2528.511882736748,-7767.647467847167,-5220.678280600175,5.789322790364425,-0.4973818863807381,1.6715822747340408,28265U
2025-06-24T08:05:39.679181,2873.8147363596404,-7791.412076142591,-5116.283940721662,5.719110928148353,-0.2951016398597491,1.806230051867917,28265U
2025-06-24T08:06:39.679181,3214.6764688787594,-7803.133668674949,-5003.96284045646,5.641380493653941,-0.09595477029537812,1.9357179255577484,28265U
2025-06-24T08:07:39.679181,3550.6561493775434,-7803.003472478193,-4884.0234767321535,5.556472360404567,0.09995594441363694,2.0600860213132486,28265U
2025-06-24T08:08:39.679181,3881.332743809188,-7791.218504882924,-4756.771859254866,5.464708230277132,0.2925401601524855,2.1793774668547568,28265U
2025-06-24T08:09:39.679181,4206.303989412984,-7767.9808741116585,-4622.511357397097,5.3663914524610625,0.48171836672257823,2.2936374194903184,28265U
2025-06-24T08:10:39.679181,4525.185318580419,-7733.497171592685,-4481.542601963939,5.261807864400567,0.6674204303184473,2.4029122138567884,28265U
2025-06-24T08:11:39.679181,4837.6088331725605,-7687.977947846249,-4334.163435045995,5.15122664271547,0.8495842663471228,2.507248616259996,28265U
2025-06-24T08:12:39.679181,5143.22232963894,-7631.637264495904,-4180.668901950669,5.034901154608405,1.0281546310849257,2.6066931731377863,28265U
2025-06-24T08:13:39.679181,5441.6883747867405,-7564.692315623985,-4021.3512799078326,4.913069802382721,1.2030820212590907,2.7012916423925324,28265U
2025-06-24T08:14:39.679181,5732.683431653125,-7487.363112321472,-3856.5001388845094,4.7859568554771,1.3743216712799498,2.7910884974798322,28265U
2025-06-24T08:15:39.679181,6015.897034643413,-7399.872224873851,-3686.402430413823,4.6537732659119335,1.5418326385170629,2.87612649519847,28265U
2025-06-24T08:16:39.679181,6291.031012883778,-7302.444577578157,-3511.3426008557885,4.5167174642864305,1.705576967681212,2.9564462990990164,28265U
2025-06-24T08:17:39.679181,6557.798760595369,-7195.307291699143,-3331.6027259634648,4.374976134498788,1.8655189260339933,3.032086151318226,28265U
2025-06-24T08:18:39.679181,6815.924553209495,-7078.689572548295,-3147.462664033695,4.228724966219686,2.021624301783666,3.1030815864560557,28265U
2025-06-24T08:19:39.679181,7065.14290790435,-6952.822637106787,-2959.2002252817824,4.078129384859843,2.1738597586346673,3.16946518184647,28265U
2025-06-24T08:20:39.679181,7305.197987242317,-6817.9396790180435,-2767.0913553984133,3.9233452593611458,2.322192240032514,3.231266339237348,28265U
2025-06-24T08:21:39.679181,7535.843044620834,-6674.2758681441455,-2571.410331526393,3.7645195886270724,2.4665884171864634,3.2885110934956217,28265U
2025-06-24T08:22:39.679181,7756.8399103076035,-6522.068382220346,-2372.4299691426445,3.601791167813992,2.6070141754541165,3.3412219444951234,28265U
2025-06-24T08:23:39.679181,7967.958516912545,-6361.556468452085,-2170.4218385461336,3.435291236043201,2.7434341341387665,3.38941770883447,28265U
2025-06-24T08:24:39.679181,8168.976463250122,-6192.981533182385,-1965.6564898405961,3.2651441073790406,2.8758111951819325,3.4331133884752245,28265U
2025-06-24T08:25:39.679181,8359.678615661836,-6016.587258016351,-1758.4036854633196,3.0914677871629097,3.0041061166316587,3.4723200537928087,28265U
2025-06-24T08:26:39.679181,8539.856746000038,-5832.619741024809,-1548.9326394504578,2.9143745760055424,3.128277107135341,3.5070447388996047,28265U
2025-06-24T08:27:39.679181,8709.309205612257,-5641.327661869321,-1337.512262753652,2.7339716639352205,3.24827943804206,3.5372903474353548,28265U
2025-06-24T08:28:39.679181,8867.840634836575,-5442.962469867393,-1124.4114140009158,2.5503617173569095,3.364065070026679,3.563055567335011,28265U
2025-06-24T08:29:39.679181,9015.261707648482,-5237.778594230842,-909.8991552176777,2.363643461678581,3.475582291417204,3.58433479336909,28265U
2025-06-24T08:30:39.679181,9151.388911316773,-5026.03367582471,-694.245012035915,2.1739122625794294,3.582775365712645,3.6011180565358054,28265U
2025-06-24T08:31:39.679181,9276.044361077466,-4807.9888199726765,-477.7192380070186,1.9812607090914065,3.6855841860170226,3.61339095964316,28265U
2025-06-24T08:32:39.679181,9389.055650042754,-4583.908869950855,-260.59308265019206,1.785779201820823,3.7839439343759986,3.6211346186811975,28265U
2025-06-24T08:33:39.679181,9490.255734776174,-4354.062700901577,-43.13906286316492,1.5875565497933122,3.8777847442570037,3.624325609841756,28265U
2025-06-24T08:34:39.679181,9579.48285713377,-4118.723534098562,174.36876258140455,1.3866805796805297,3.967031364615521,3.622935922301331,28265U
2025-06-24T08:35:39.679181,9656.5805032979,-3878.1692713666744,391.65451594775504,1.1832387611848283,4.051602824326833,3.616932917155194,28265U
2025-06-24T08:36:39.679181,9721.397401042192,-3632.68284980194,608.4402211217982,0.9773188528123019,4.131412095903579,3.606279293165195,28265U
2025-06-24T08:37:39.679181,9773.787556625117,-3382.552616765576,824.4455223970884,0.7690095723042389,4.206365757784974,3.5909330602869107,28265U
2025-06-24T08:38:39.679181,9813.610332924396,-3128.0727252764436,1039.3874019483378,0.5584012963487522,4.276363654726787,3.570847522260064,28265U
2025-06-24T08:39:39.679181,9840.730570723876,-2869.543549909049,1252.979896600394,0.3455867944345711,4.341298556155641,3.5459712698966563,28265U
2025-06-24T08:40:39.679181,9855.018755363253,-2607.2721233064476,1464.933814604926,0.1306620020020258,4.4010558127046355,3.5162481870855777,28265U
2025-06-24T08:41:39.679181,9856.351231279088,-2341.572593389803,1674.9564532737227,-0.08627316165097954,4.455513011548909,3.481617471958259,28265U
2025-06-24T08:42:39.679181,9844.610467302358,-2072.766701296539,1882.7513184771158,-0.3051139249303223,4.504539631614964,3.442013676134299,28265U
2025-06-24T08:43:39.679181,9819.685375933814,-1801.1842799934132,2088.0178472111256,-0.5257497388720093,4.547996700261137,3.3973667654958506,28265U
2025-06-24T08:44:39.679181,9781.471690193503,-1527.163773400288,2290.4511346590625,-0.748063288995321,4.585736453627232,3.3476022065343756,28265U
2025-06-24T08:45:39.679181,9729.87240203606,-1251.0527757010427,2489.74166744009,-0.9719294373196808,4.617602003547875,3.2926410829799067,28265U
2025-06-24T08:46:39.679181,9664.798266736612,-973.2085903203302,2685.5750650419923,-1.1972140874661525,4.643427014729346,3.232400248172082,28265U
2025-06-24T08:47:39.679181,9586.168378083932,-693.998807792712,2877.6318317886357,-1.423772965477331,4.663035396823354,3.1667925194723394,28265U
2025-06-24T08:48:39.679181,9493.910819663412,-413.80190143577045,3065.587122101,-1.6514503087494585,4.676241017113925,3.095726921957606,28265U
2025-06-24T08:49:39.679181,9387.96339797134,-133.00783935815718,3249.1105222754736,-1.8800774552947321,4.682847440786248,3.0191089896877346,28265U
2025-06-24T08:50:39.679181,9268.274463566244,147.98128913382,3427.8658525377996,-2.1094713254765383,4.682647707195231,2.9368411340097684,28265U
2025-06-24T08:51:39.679181,9134.80382692866,428.75063522270483,3601.510993735922,-2.3394327884124695,4.675424152221518,2.8488230896617353,28265U
2025-06-24T08:52:39.679181,8987.523776155851,708.8719435178837,3769.6977437236646,-2.569744905471155,4.660948288723359,2.754952450871855,28265U
2025-06-24T08:53:39.679181,8826.420204051446,987.9029001918731,3932.071709264164,-2.8001710437492036,4.63898075929275,2.6551253112204973,28265U
2025-06-24T08:54:39.679181,8651.493852566015,1265.3864811921721,4088.2722401570436,-3.030452853172378,4.6092713780333865,2.5492370227411327,28265U
2025-06-24T08:55:39.679181,8462.761682883935,1540.8503064920462,4237.932413271329,-3.2603081019969866,4.571559280926391,2.437183091578542,28265U
2025-06-24T08:56:39.679181,8260.258379704706,1813.8060076188333,4380.679075261156,-3.489428367099472,4.525573207561818,2.3188602294799234,28265U
2025-06-24T08:57:39.679181,8044.037998410221,2083.7486171645032,4516.1329539483995,-3.7174765776336103,4.471031940614035,2.1941675824496727,28265U
2025-06-24T08:58:39.679181,7814.175763792146,2350.1559906883676,4643.908849693236,-3.9440844135606627,4.407644933436525,2.0630081600042085,28265U
2025-06-24T08:59:39.679181,7570.770028800087,2612.488273365057,4763.615919528261,-4.168849564356777,4.335113160550106,1.9252904905718553,28265U
2025-06-24T09:00:39.679181,7313.944401295924,2870.1874259521214,4874.85806841101,-4.3913328580687345,4.253130230576969,1.780930530608025,28265U
2025-06-24T09:01:39.679181,7043.850045993396,3122.676827166725,4977.234463641869,-4.611055277025401,4.161383806286189,1.629853856829956,28265U
2025-06-24T09:02:39.679181,6760.668167551812,3369.3609723796567,5070.340190280497,-4.827494884139104,4.059557381786119,1.4719981724765847,28265U
2025-06-24T09:03:39.679181,6464.612679068557,3609.6252916828566,5153.767067255004,-5.040083693107798,3.9473324723927012,1.307316159469909,28265U
2025-06-24T09:04:39.679181,6155.933057880982,3842.8361138501587,5227.104645748703,-5.248204527199928,3.824391278133774,1.1357787085598183,28265U
2025-06-24T09:05:39.679181,5834.917387508677,4068.340806488136,5289.941413319424,-5.451187924936734,3.6904198869465423,0.9573785586636604,28265U
2025-06-24T09:06:39.679181,5501.895580606546,4285.468126729888,5341.866228979625,-5.648309167116078,3.5451120880224374,0.7721343742924449,28265U
2025-06-24T09:07:39.679181,5157.242772804573,4493.528821103191,5382.470016043307,-5.838785518443184,3.3881738689660263,0.5800952857334476,28265U
2025-06-24T09:08:39.679181,4801.382871116612,4691.816517620625,5411.347740801011,-6.021773798662643,3.219328671834447,0.3813459099976121,28265U
2025-06-24T09:09:39.679181,4434.792233048827,4879.608957558552,5428.100705854579,-6.196368422502451,3.0383234819273457,0.176011860826728,28265U
2025-06-24T09:10:39.679181,4058.0034434654326,5056.169618637772,5432.339187030735,-6.361600074738854,2.844935818437789,-0.03573425739890407,28265U
2025-06-24T09:11:39.679181,3671.6091455302126,5220.749785150127,5423.685441955215,-6.516435215791416,2.6389816865999003,-0.2536663949454235,28265U
2025-06-24T09:12:39.679181,3276.2658695595774,5372.591123665895,5401.77711632192,-6.659776643603927,2.420324535463595,-0.4774981874409642,28265U
2025-06-24T09:13:39.679181,2872.697789318414,5510.928824929135,5366.271070308977,-6.790465367859036,2.1888852423952443,-0.7068757473295726,28265U
2025-06-24T09:14:39.679181,2461.700319257972,5634.995372894313,5316.84764210923,-6.907284080889218,1.9446531133054876,-0.9413702268928664,28265U
2025-06-24T09:15:39.679181,2044.1434485918783,5744.025000013128,5253.2153577677245,-7.008962533398023,1.6876978448887792,-1.180470305938983,28265U
2025-06-24T09:16:39.679181,1620.974689297385,5837.258883174136,5175.116086055182,-7.094185138906655,1.4181823404747715,-1.4235748061267919,28265U
2025-06-24T09:17:39.679181,1193.2214956993596,5913.951126391298,5082.330623582562,-7.161601134484757,1.136376203507585,-1.6699856885848883,28265U
2025-06-24T09:18:39.679181,761.9929940742946,5973.375563659883,4974.684678467542,-7.209837611831225,0.8426696519595336,-1.9189017503876105,28265U
2025-06-24T09:19:39.679181,328.480842881371,6014.833397579111,4852.055200416055,-7.237515696535533,0.5375875040435878,-2.169413395846346,28265U
2025-06-24T09:20:39.679181,-106.04097073486714,6037.6616657088525,4714.376981082091,-7.243270088505605,0.22180278279901755,-2.420498916468851,28265U
2025-06-24T09:21:39.679181,-540.2176027423147,6041.24249668731,4561.649421300468,-7.2257720774983545,-0.10385062113128245,-2.67102276336005,28265U
2025-06-24T09:22:39.679181,-972.616300241817,6025.013081717012,4393.9433318775955,-7.183756009930846,-0.4383668962564737,-2.919736330887611,28265U
2025-06-24T09:23:39.679181,-1401.7310276655728,5988.476244407588,4211.407603175142,-7.116049004308367,-0.7805596307461847,-3.1652817823839565,28265U
2025-06-24T09:24:39.679181,-1825.9889554300196,5931.211444054587,4014.275547307597,-7.021603493692847,-1.1290563450689572,-3.406199428551231,28265U
2025-06-24T09:25:39.679181,-2243.758963563114,5852.885995899277,3802.870687560701,-6.899531920362288,-1.4822971129785676,-3.640939108082144,28265U
2025-06-24T09:26:39.679181,-2653.362265201189,5753.266239301215,3577.611745273479,-6.749142631780171,-1.8385381335830397,-3.867875910121711,28265U
2025-06-24T09:27:39.679181,-3053.0851903527096,5632.228334519288,3339.016557998678,-6.569975746450484,-2.195861037885732,-4.0853304146435985,28265U
2025-06-24T09:28:39.679181,-3441.1940892399793,5489.768325230543,3087.704657545674,-6.361837498051631,-2.5521885561968927,-4.2915934092357295,28265U
2025-06-24T09:29:39.679181,-3815.952218784954,5326.011071926438,2824.3982456915455,-6.124831356762038,-2.9053069317874765,-4.484954775045041,28265U
2025-06-24T09:30:39.679181,-4175.6383692619875,5141.217646044422,2549.921331576495,-5.859384101195897,-3.2528951428394683,-4.663735934074018,28265U
2025-06-24T09:31:39.679181,-4518.566876724671,4935.790780910702,2265.196839725771,-5.566265005112936,-3.592560601358031,-4.826324935911083,28265U
2025-06-24T09:32:39.679181,-4843.108558304512,4710.278007065626,1971.241561443538,-5.246596436206092,-3.9218805581355443,-4.971212962598018,28265U
2025-06-24T09:33:39.679181,-5147.712011046841,4465.37215834159,1669.1589033028758,-4.901854454293723,-4.2384479922005704,-5.097030778644632,28265U
2025-06-24T09:34:39.679181,-5430.924640270023,4201.909020799402,1360.1294808465072,-4.533858441022498,-4.539920345100687,-5.202583482923365,28265U
2025-06-24T09:35:39.679181,-5691.412739609673,3920.862006084639,1045.3997076064468,-4.144749370753908,-4.824069122279837,-5.286881859883029,28265U
2025-06-24T09:36:39.679181,-5927.979939128455,3623.3338578266585,726.268631749721,-3.736957000640385,-5.088828170300417,-5.349168699313804,28265U
2025-06-24T09:37:39.679181,-6139.58337428098,3310.545535673195,404.0733667198928,-3.3131569581801665,-5.332338384313196,-5.388938662935449,28265U
2025-06-24T09:38:39.679181,-6325.347007284515,2983.8225559678194,80.17353987016543,-2.8762193680314043,-5.552986723045436,-5.4059506118864835,28265U
2025-06-24T09:39:39.679181,-6484.571649311245,2644.579189953293,-244.06476285075908,-2.429151217455513,-5.749437705830017,-5.400231744652985,28265U
2025-06-24T09:40:39.679181,-6616.741378625302,2294.301019376378,-567.2850527754655,-1.9750350520390327,-5.920656013347849,-5.372073389358626,28265U
2025-06-24T09:41:39.679181,-6721.526214674579,1934.5264175512573,-888.1559970457055,-1.5169667804004539,-6.0659193671793075,-5.322018798809722,28265U
2025-06-24T09:42:39.679181,-6798.781078034065,1566.827556007093,-1205.3860175960851,-1.0579953329579745,-6.1848214669961,-5.250843761470234,28265U
2025-06-24T09:43:39.679181,-6848.541227303895,1192.791531908643,-1517.7365301492832,-0.6010666778197917,-6.277265357567452,-5.159531223101351,28265U
2025-06-24T09:44:39.679181,-6871.014504784598,814.002171630093,-1824.033504648984,-0.14897428176869454,-6.3434481249472245,-5.049241380801379,28265U
2025-06-24T09:45:39.679181,-6866.570833762358,432.02299696716364,-2123.1771226816963,0.2956824307003467,-6.383838238206788,-4.921278847964325,28265U
2025-06-24T09:46:39.679181,-6835.729486091735,48.38175026830299,-2414.1494057384525,0.7305306611396281,-6.399147132863885,-4.777058495904216,28265U
2025-06-24T09:47:39.679181,-6779.144677839864,-335.4432278216628,-2696.019783030389,1.1534474968459254,-6.390296766140532,-4.618071470496607,28265U
2025-06-24T09:48:39.679181,-6697.590054964171,-718.0345804238941,-2967.9486527035083,1.5625740187704353,-6.358384870755039,-4.445852685392067,28265U
2025-06-24T09:49:39.679181,-6591.942605019673,-1098.045390518512,-3229.1890612103293,1.9563208781146515,-6.304649514648725,-4.261950837772393,28265U
2025-06-24T09:50:39.679181,-6463.166481215978,-1474.2065166204236,-3479.0866797490094,2.3333662975664895,-6.230434368470053,-4.067901709478567,28265U
2025-06-24T09:51:39.679181,-6312.297159047853,-1845.331890251074,-3717.078293385643,2.692647669555268,-6.137155823284338,-3.865205233591729,28265U
2025-06-24T09:52:39.679181,-6140.426270385385,-2210.321917242696,-3942.6890385955444,3.033348027795856,-6.026272818788603,-3.6553065462883305,28265U
2025-06-24T09:53:39.679181,-5948.687381745586,-2568.1651674645977,-4155.528630452581,3.3548786753714674,-5.899259963529636,-3.4395810211213886,28265U
2025-06-24T09:54:39.679181,-5738.242907700686,-2917.9385638263325,-4355.286814211881,3.656859183480684,-5.757584273047711,-3.2193231059439906,28265U
2025-06-24T09:55:39.679181,-5510.272280857777,-3258.8062933396386,-4541.728260484776,3.9390958521703627,-5.602685632401022,-2.9957386536066037,28265U
2025-06-24T09:56:39.679181,-5265.961439068992,-3590.017663089598,-4714.687101449138,4.201559569164834,-5.43596091270976,-2.769940353829611,28265U
2025-06-24T09:57:39.679181,-5006.493639776283,-3910.90411487898,-4874.061280159896,4.444363833642083,-5.258751538483174,-2.542945829684914,28265U
2025-06-24T09:58:39.679181,-4733.0415709632,-4220.875596663947,-5019.806858180305,4.6677435429689265,-5.072334211004475,-2.315677950684052,28265U
2025-06-24T09:59:39.679181,-4446.760697641864,-4519.416469046132,-5151.932400141102,4.872034982408249,-4.87791443791276,-2.088966927838095,28265U
2025-06-24T10:00:39.679181,-4148.78376121252,-4806.081103016039,-5270.493528687082,5.057657317300337,-4.676622494031067,-1.863553786848457,28265U
2025-06-24T10:01:39.679181,-3840.2163352031303,-5080.489302418774,-5375.587720392907,5.225095767646616,-4.469511436821424,-1.6400948573350538,28265U
2025-06-24T10:02:39.679181,-3522.1333334955334,-5342.321662435501,-5467.3493930902805,5.37488654739103,-4.257556815290887,-1.4191669633637163,28265U
2025-06-24T10:03:39.679181,-3195.5763648742522,-5591.314954558658,-5545.945317824827,5.507603574221613,-4.04165773816666,-1.2012730493877295,28265U
2025-06-24T10:04:39.679181,-2861.5518293779805,-5827.257609611455,-5611.570374330351,5.623846898500119,-3.82263900106858,-0.9868480230954285,28265U
2025-06-24T10:05:39.679181,-2521.0296564211035,-6049.98535360152,-5664.443657306598,5.724232759445037,-3.6012540095796206,-0.7762646405801514,28265U
2025-06-24T10:06:39.679181,-2174.9425910720947,-6259.377036698938,-5704.804931661038,5.809385150185785,-3.3781882728154935,-0.569839298556707,28265U
2025-06-24T10:07:39.679181,-1824.185942491275,-6455.350683345953,-5732.9114279265195,5.879928758050366,-3.154063278405585,-0.3678376325053743,28265U
2025-06-24T10:08:39.679181,-1469.617716748421,-6637.859781313655,-5749.034963982516,5.936483139938078,-2.9294405934630476,-0.17047984854286796,28265U
2025-06-24T10:09:39.679181,-1112.0590646273972,-6806.889819227076,-5753.459375680349,5.979657992653166,-2.704826066428718,0.022054259267278647,28265U
2025-06-24T10:10:39.679181,-752.2949832424134,-6962.455075478549,-5746.478236718645,6.010049382773516,-2.480674031291802,0.20962063513550222,28265U
2025-06-24T10:11:39.679181,-391.0752181236074,-7104.595656310223,-5728.392846876158,6.028236808475951,-2.257391438590105,0.3921066450207735,28265U
2025-06-24T10:12:39.679181,-29.115319730287336,-7233.374776955675,-5699.510467262428,6.034780975532733,-2.035341856928987,0.5694271193478121,28265U
2025-06-24T10:13:39.679181,332.90218497237214,-7348.876276886397,-5660.142781401577,6.030222180508621,-1.8148493048022587,0.7415207481884464,28265U
2025-06-24T10:14:39.679181,694.3265392115828,-7451.202358222374,-5610.604561561398,6.015079205337437,-1.5962018855960307,0.9083468158073392,28265U
2025-06-24T10:15:39.679181,1054.5374493501138,-7540.471535076272,-5551.212520649851,5.989848638451844,-1.3796552091718162,1.0698822571338698,28265U
2025-06-24T10:16:39.679181,1412.9437473188684,-7616.816780866531,-5482.284331118485,5.95500454814649,-1.1654355917176158,1.2261190159612874,28265U
2025-06-24T10:17:39.679181,1768.9820416576697,-7680.383860334273,-5404.137793555701,5.910998443659692,-0.9537430319741982,1.377061683140778,28265U
2025-06-24T10:18:39.679181,2122.115372710116,-7731.329833029811,-5317.090138959689,5.858259468444085,-0.7447539668031025,1.522725392438833,28265U
2025-06-24T10:19:39.679181,2471.831884463145,-7769.821715317969,-5221.457450000022,5.797194778207222,-0.5386238126343316,1.6631339518293147,28265U
2025-06-24T10:20:39.679181,2817.6435229058834,-7796.035288411471,-5117.554187878666,5.728190063538591,-0.3354893018746468,1.79831818859016,28265U
2025-06-24T10:21:39.679181,3159.084768586126,-7810.154040531551,-5005.692812653737,5.65161018332415,-0.13547062506202856,1.928314487528943,28265U
2025-06-24T10:22:39.679181,3495.711409186842,-7812.36823196404,-4886.183486082682,5.567799880738243,0.06132660938747254,2.053163502836999,28265U
2025-06-24T10:23:39.679181,3827.0993564111013,-7802.874072498387,-4759.333847158788,5.477084558453097,0.25480958544695287,2.1729090253864896,28265U
2025-06-24T10:24:39.679181,4152.84351018878,-7781.873001476541,-4625.448851554953,5.379771093891123,0.4448966471992846,2.2875969886598777,28265U
2025-06-24T10:25:39.679181,4472.556672180508,-7749.571061420669,-4484.83066714616,5.276148678931194,0.6315158115745961,2.397274597890263,28265U
2025-06-24T10:26:39.679181,4785.868509709696,-7706.178356937588,-4337.7786186588555,5.166489671538342,0.8146034139985445,2.501989568353286,28265U
2025-06-24T10:27:39.679181,5092.424570580086,-7651.908591302834,-4184.589175293532,5.051050449379986,0.9941028753237892,2.6017894600621867,28265U
2025-06-24T10:28:39.679181,5391.885348705322,-7586.978673801886,-4025.555975887931,4.9300722576816,1.1699635789924918,2.696721097360523,28265U
2025-06-24T10:29:39.679181,5683.925400062339,-7511.608391545243,-3860.969886841357,4.8037820454175275,1.3421398480096114,2.786830063068826,28265U
2025-06-24T10:30:39.679181,5968.232508173567,-7426.0201400744345,-3691.11908860354,4.672393285473982,1.5105900119723692,2.87216025792164,28265U
2025-06-24T10:31:39.679181,6244.50689809435,-7330.438707638113,-3516.2891870561316,4.536106775709595,1.6752755550708631,2.9527535170236416,28265U
2025-06-24T10:32:39.679181,6512.460497728269,-7225.0911085389525,-3336.7633465814997,4.3951114189097655,1.8361603366386174,3.0286492759626222,28265U
2025-06-24T10:33:39.679181,6771.816245197139,-7110.206461435607,-3152.8224420281026,4.249584980519478,1.9932098764752755,3.0998842800449355,28265U
2025-06-24T10:34:39.679181,7022.3074409426,-6986.0159089307335,-2964.7452271524,4.099694823777149,2.146390697777721,3.1664923308688655,28265U
2025-06-24T10:35:39.679181,7263.677143232825,-6852.752575185767,-2772.8085174404914,3.945598622479494,2.2956697211009818,3.228504065131954,28265U
2025-06-24T10:36:39.679181,7495.677605771572,-6710.651558681214,-2577.287385502114,3.787445052113514,2.441013703315869,3.2859467611810684,28265U
2025-06-24T10:37:39.679181,7718.069756162984,-6559.94995758629,-2378.455367481618,3.62537446051008,2.5823887160421255,3.3388441693682855,28265U
2025-06-24T10:38:39.679181,7930.62271406283,-6400.886925518512,-2176.584679151595,3.459519519523112,2.719759658509843,3.387216362775873,28265U
2025-06-24T10:39:39.679181,8133.113347944901,-6233.703755762549,-1971.9464405475017,3.290005859532335,2.8530898002412033,3.431079605325999,28265U
2025-06-24T10:40:39.679181,8325.325869524579,-6058.643992282138,-1764.8109081687662,3.116952688818784,2.9823403493496534,3.4704462347010843,28265U
2025-06-24T10:41:39.679181,8507.051465010576,-5875.953566098999,-1555.447713914752,2.9404734000793415,3.1074700426281527,3.5053245578744723,28265U
2025-06-24T10:42:39.679181,8678.087962490516,-5685.8809558387,-1344.1261100534207,2.760676166546528,3.228434753939505,3.535718757392697,28265U
2025-06-24T10:43:39.679181,8838.239534933915,-5488.677371415106,-1131.11521959146,2.57766453032992,3.3451871177600507,3.561628806871734,28265U
2025-06-24T10:44:39.679181,8987.316438403683,-5284.596960064206,-916.6842915644039,2.391537985817919,3.457676164987623,3.583050394454816,28265U
2025-06-24T10:45:39.679181,9125.134785309563,-5073.897034028301,-701.1029607487984,2.202392561069981,3.565846968452678,3.5999748532713807,28265U
2025-06-24T10:46:39.679181,9251.51635266457,-4856.838319395878,-484.6415114133498,2.010321400346091,3.6696402957979357,3.6123890981936086,28265U
2025-06-24T10:47:39.679181,9366.288425522751,-4633.68522570962,-267.57114473176836,1.8154153510623674,3.7689922676623717,3.620275568452088,28265U
2025-06-24T10:48:39.679181,9469.283675981362,-4404.706136060063,-50.16424948909264,1.6177635586262173,3.863834019355337,3.6236121759287494,28265U
2025-06-24T10:49:39.679181,9560.34007831301,-4170.173717549969,167.30532422096297,1.4174540728458227,3.9540913644229425,3.6223722592034266,28265U
2025-06-24T10:50:39.679181,9639.300861084188,-3930.3652519637417,384.5619887551324,1.2145744696868572,4.039684458814527,3.6165245436998625,28265U
2025-06-24T10:51:39.679181,9706.014497269187,-3685.5629867249336,601.3281404429194,1.0092124925159467,4.120527464535586,3.606033108550524,28265U
2025-06-24T10:52:39.679181,9760.334733688518,-3436.0545061364446,817.3238793643852,0.8014567170744875,4.196528212003275,3.5908573610975023,28265U
2025-06-24T10:53:39.679181,9802.120661330524,-3182.1331230113633,1032.2667278692725,0.5913972447383803,4.2675878605760476,3.5709520202611458,28265U
2025-06-24T10:54:39.679181,9831.236828405896,-2924.0982907997436,1245.8713484310615,0.37912642886405357,4.333600557052988,3.5462671103522645,28265U
2025-06-24T10:55:39.679181,9847.553398279455,-2662.2560363243783,1457.8492615296566,0.16473963931049315,4.3944530922840555,3.5167479672810833,28265U
2025-06-24T10:56:39.679181,9850.94635473846,-2396.919413213114,1667.9085643908527,-0.05166392947689833,4.4500245564253,3.4823352595330612,28265U
2025-06-24T10:57:39.679181,9841.297757388627,-2128.4089760718634,1875.7536515648376,-0.26998040111786015,4.500185993816493,3.442965026746007,28265U
2025-06-24T10:58:39.679181,9818.496050320462,-1857.0532753640937,2081.0849385148426,-0.49010030465923515,4.5448000589679625,3.3985687392410378,28265U
2025-06-24T10:59:39.679181,9782.436427559307,-1583.1893728577136,2283.5985896042102,-0.7119076002895695,4.583720675727774,3.3490733824410728,28265U
2025-06-24T11:00:39.679181,9733.02125920235,-1307.1633773492706,2482.986252129536,-0.9352786367239315,4.616792702377244,3.2944015707614183,28265U
2025-06-24T11:01:39.679181,9670.160582555174,-1029.331000189407,2678.9347983428484,-1.1600810332569969,4.643851606184627,3.2344716962888653,28265U
2025-06-24T11:02:39.679181,9593.772663006914,-750.058129888678,2871.1260777523335,-1.386172479193575,4.664723151854436,3.1691981183855034,28265U
2025-06-24T11:03:39.679181,9503.784629825686,-469.7214247846344,3059.2366823862685,-1.6133994431142051,4.679223109361081,3.0984914012727645,28265U
2025-06-24T11:04:39.679181,9400.133192510524,-188.70892238078937,3242.937728160929,-1.8415957842480797,4.68715698787325,3.0222586076777573,28265U
2025-06-24T11:05:39.679181,9282.765443799095,92.57933647737742,3421.8946560109607,-2.0705812581270218,4.688319803883453,2.9404036577689756,28265U
2025-06-24T11:06:39.679181,9151.63975589432,373.7306709630856,3595.7670570332707,-2.300159908722381,4.682495893281927,2.8528277638780057,28265U
2025-06-24T11:07:39.679181,9006.72677692829,654.3191141848629,3764.2085265673295,-2.530118339462343,4.669458778982931,2.759429952905665,28265U
2025-06-24T11:08:39.679181,8848.01053512065,933.904761436362,3926.8665528908195,-2.7602238559358607,4.648971107854546,2.660107689850553,28265U
2025-06-24T11:09:39.679181,8675.48965849028,1212.0331174610524,4083.382447065518,-2.990222473787471,4.620784673149353,2.554757617572773,28265U
2025-06-24T11:10:39.679181,8489.178718328523,1488.234448468126,4233.39132142486,-3.219836786360694,4.584640541413008,2.4432764297130314,28265U
2025-06-24T11:11:39.679181,8289.109704914303,1762.0231458678631,4376.522125261636,-3.4487636881544756,4.540269305987425,2.3255618956149644,28265U
2025-06-24T11:12:39.679181,8075.333644113918,2032.8971101271093,4512.397747459451,-3.676671952229376,4.487391492747763,2.2015140581223442,28265U
2025-06-24T11:13:39.679181,7847.922363527178,2300.3371647958993,4640.635197116319,-3.9031996624644223,4.425718147633194,2.0710366272096294,28265U
2025-06-24T11:14:39.679181,7606.970416666401,2563.8065126551664,4760.845874637857,-4.127951505180528,4.354951639852727,1.9340385944986056,28265U
2025-06-24T11:15:39.679181,7352.597173234173,2822.750248099498,4872.635947326987,-4.350495929283116,4.2747867193556575,1.7904360957421444,28265U
2025-06-24T11:16:39.679181,7084.949082832455,3076.594942321878,4975.606845159379,-4.570362189936851,4.184911872212349,1.6401545502154642,28265U
2025-06-24T11:17:39.679181,6804.20211830523,3324.748320631533,5069.355894197624,-4.78703729809623,4.085011022880975,1.4831311075040003,28265U
2025-06-24T11:18:39.679181,6510.564403308449,3566.5990543129033,5153.477106932954,-4.999962907209649,3.97476563782442,1.3193174332407849,28265U
2025-06-24T11:19:39.679181,6204.279026490851,3801.5166928424765,5227.562150722014,-5.208532179361373,3.853857290407854,1.148682865684451,28265U
2025-06-24T11:20:39.679181,5885.627041753949,4028.851765994535,5291.201517349567,-5.4120866862580215,3.721970752205078,0.971217974359106,28265U
2025-06-24T11:21:39.679181,5554.930650283881,4247.9360893763505,5343.9859185313035,-5.609913416062491,3.578797680419579,0.7869385499296415,28265U
2025-06-24T11:22:39.679181,5212.556555276288,4458.083311175546,5385.507933776464,-5.801241975322493,3.4240409746290683,0.5958900506302972,28265U
2025-06-24T11:23:39.679181,4858.919474337496,4658.589742304507,5415.363938337872,-5.9852420962732555,3.2574198778900367,0.3981525243782442,28265U
2025-06-24T11:24:39.679181,4494.485787285631,4848.7355165618,5433.156339832188,-6.161021583621406,3.078675896642292,0.19384601659236217,28265U
2025-06-24T11:25:39.679181,4119.777288322978,5027.7861317360375,5438.496152324609,-6.327624861380433,2.887579609899246,-0.016863538975622146,28265U
2025-06-24T11:26:39.679181,3735.3750011720067,5194.994426517579,5431.005936007037,-6.484032309001361,2.6839384297897775,-0.23375796612545757,28265U
2025-06-24T11:27:39.679181,3341.9230036462927,5349.603051361902,5410.323128781232,-6.629160606163604,2.4676053613350786,-0.45656007063840687,28265U
2025-06-24T11:28:39.679181,2940.132194212645,5490.847493684552,5376.103792771054,-6.761864335945113,2.2384887879488047,-0.6849265129553742,28265U
2025-06-24T11:29:39.679181,2530.7839174225523,5617.959718492467,5328.026793672615,-6.880939124901972,1.9965632789882242,-0.9184404330283814,28265U
2025-06-24T11:30:39.679181,2114.7333478086593,5730.172484208357,5265.798423523707,-6.98512662340411,1.7418813752031037,-1.1566039721794144,28265U
2025-06-24T11:31:39.679181,1692.9125132726645,5826.724389374209,5189.157467538678,-7.07312164718026,1.4745862557196088,-1.3988308843405604,28265U
2025-06-24T11:32:39.679181,1266.332819655179,5906.86569840431,5097.880702731765,-7.143581807388715,1.1949251252078825,-1.6444394825850808,28265U
2025-06-24T11:33:39.679181,836.0869188867553,5969.864982818419,4991.788799822503,-7.195139946814655,0.9032630817362657,-1.8926462249327027,28265U
2025-06-24T11:34:39.679181,403.34974493681983,6015.016597657175,4870.752580165,-7.226419668519711,0.6000971351205258,-2.1425603035586014,28265U
2025-06-24T11:35:39.679181,-30.621473840914838,6041.648990353995,4734.699556137867,-7.236054184585287,0.2860699444037383,-2.3931796599948836,28265U
2025-06-24T11:36:39.679181,-464.48842865858745,6049.133810676315,4583.620656792092,-7.222708620810181,-0.03801726462320571,-2.643388900529775,28265U
2025-06-24T11:37:39.679181,-896.8343780869837,6036.89575520037,4417.577011145484,-7.185105783557141,-0.37119324901522244,-2.8919596241421766,28265U
2025-06-24T11:38:39.679181,-1326.1684333033845,6004.423038326833,4236.706630328844,-7.12205522451031,-0.7123075121676404,-3.137553691996466,28265U
2025-06-24T11:39:39.679181,-1750.931669224529,5951.278334846019,4041.2307983260366,-7.03248522814397,-1.0600241078471766,-3.3787299538972766,28265U
2025-06-24T11:40:39.679181,-2169.505221170455,5877.109988025307,3831.459951344727,-6.9154770998841055,-1.412819357874642,-3.613954894150846,28265U
2025-06-24T11:41:39.679181,-2580.220482359096,5781.663224482053,3607.7988004784047,-6.770300860610293,-1.7689843547406596,-3.8416175589658192,28265U
2025-06-24T11:42:39.679181,-2981.371456458904,5664.791065998517,3370.7504342731054,-6.596451172169328,-2.126633055494757,-4.06004897431429,28265U
2025-06-24T11:43:39.679181,-3371.2292416010205,5526.464583074976,3120.9191303639113,-6.393682052532102,-2.4837166326194464,-4.26754605570423,28265U
2025-06-24T11:44:39.679181,-3748.058529269033,5366.782100215853,2859.011611703311,-6.162038717486361,-2.8380445235789242,-4.462399754176716,28265U
2025-06-24T11:45:39.679181,-4110.1358967908645,5185.976943835034,2585.8365058532117,-5.901884741245168,-3.187312313187722,-4.642926887893293,28265U
2025-06-24T11:46:39.679181,-4455.769561269497,4984.423325172441,2302.3018072230957,-5.613922693855328,-3.5291362018339214,-4.80750479568523,28265U
2025-06-24T11:47:39.679181,-4783.320153149065,4762.639976778008,2009.4102024885706,-5.299206516573401,-3.8610933794350166,-4.954607644954034,28265U
2025-06-24T11:48:39.679181,-5091.221968150006,4521.291214389001,1708.2521973999342,-4.959144154663314,-4.180767172789092,-5.082842963613971,28265U
2025-06-24T11:49:39.679181,-5378.004076685607,4261.185176558313,1399.9970754050046,-4.5954893818489895,-4.4857954050107,-5.190986778251458,28265U
2025-06-24T11:50:39.679181,-5642.310619382814,3983.269099569061,1085.8818195358306,-4.210322304063716,-4.77392004718981,-5.278015659056433,28265U
2025-06-24T11:51:39.679181,-5882.919603644537,3688.62160944002,767.1982316946472,-3.8060186840290444,-5.043036000086508,-5.343134018611625,28265U
2025-06-24T11:52:39.679181,-6098.75954412879,3378.442147957484,445.27857960136794,-3.385208926719487,-5.291236754797392,-5.385795195361664,28265U
2025-06-24T11:53:39.679181,-6288.923360594816,3054.0377854395565,121.48018283164835,-2.9507282415110656,-5.5168547677932835,-5.405715166283824,28265U
2025-06-24T11:54:39.679181,-6452.679056372192,2716.8077983877115,-202.8305917998923,-2.5055600800268296,-5.718494649110917,-5.402878152840778,28265U
2025-06-24T11:55:39.679181,-6589.476842274745,2368.2264946653104,-526.2944244273112,-2.0527753772376975,-5.8950576826147945,-5.37753387122174,28265U
2025-06-24T11:56:39.679181,-6698.952532996519,2009.8248438534745,-847.5747246345385,-1.5954703529109688,-6.04575673391358,-5.33018668434491,28265U
2025-06-24T11:57:39.679181,-6780.927212890227,1643.1715101044247,-1165.372431394262,-1.1367056404703857,-6.170121200565978,-5.261577388934862,28265U
2025-06-24T11:58:39.679181,-6835.403331852862,1269.8538872806514,-1478.4395170063744,-0.6794493075298772,-6.267992260135286,-5.1726587709647935,28265U
2025-06-24T11:59:39.679181,-6862.557537525459,891.4597030216096,-1785.5908603879232,-0.2265259479818814,-6.3395092169327745,-5.064566352858907,28265U
2025-06-24T12:00:39.679181,-6862.730667347032,509.5596947321281,-2085.714247636078,0.21942649020763358,-6.385088190957384,-4.938585917315544,28265U
2025-06-24T12:01:39.679181,-6836.415406967136,125.69177380178085,-2377.778356016106,0.6559910641735087,-6.405394701848243,-4.796119423102717,28265U
2025-06-24T12:02:39.679181,-6784.242167749149,-258.6530065527475,-2660.838673638773,1.0809969017603471,-6.401311864292741,-4.6386508402065605,28265U
2025-06-24T12:03:39.679181,-6706.963746848691,-642.0424706191465,-2934.0413944982806,1.492535045945022,-6.373905934473226,-4.467713248952116,28265U
2025-06-24T12:04:39.679181,-6605.439312836476,-1023.1132208361917,-3196.6254023862966,1.888965618696857,-6.324390849059585,-4.284858300187453,28265U
2025-06-24T12:05:39.679181,-6480.618214261288,-1400.5784078464226,-3447.9225145766345,2.2689172034937948,-6.254093207390899,-4.091628852822539,28265U
2025-06-24T12:06:39.679181,-6333.524045108847,-1773.2334380077625,-3687.356196082499,2.6312795854211855,-6.164418896172135,-3.8895353197908165,28265U
2025-06-24T12:07:39.679181,-6165.239327068769,-2139.959749799005,-3914.438978314048,2.9751911128212556,-6.056822275839383,-3.6800359872295965,28265U
2025-06-24T12:08:39.679181,-5976.891090472328,-2499.7268366242374,-4128.76882392163,3.300021968997235,-5.932778566130264,-3.4645213408129494,28265U
2025-06-24T12:09:39.679181,-5769.637559193124,-2851.592722986755,-4330.024675042665,3.605354586562767,-5.793759806543482,-3.244302247141236,28265U
2025-06-24T12:10:39.679181,-5544.656073831694,-3194.703115665879,-4517.961407986231,3.8909623230275905,-5.641214539586686,-3.0206017000380316,28265U
2025-06-24T12:11:39.679181,-5303.13232488436,-3528.289453799903,-4692.404396482349,4.156787365800126,-5.476551178758815,-2.7945497497620773,28265U
2025-06-24T12:12:39.679181,-5046.250914838037,-3851.6660743211646,-4853.243860636008,4.4029186669861975,-5.3011248813512735,-2.567181182374408,28265U
2025-06-24T12:13:39.679181,-4775.187225696666,-4164.226694667367,-5000.429151922444,4.629570538467482,-5.116227646482709,-2.3394354997456106,28265U
2025-06-24T12:14:39.679181,-4491.100536030653,-4465.440395503116,-5133.963097714873,4.837062376947162,-4.923081296671272,-2.112158760223241,28265U
2025-06-24T12:15:39.679181,-4195.128308392516,-4754.847264402381,-5253.896503272719,5.025799844312182,-4.722832970554494,-1.8861068682865154,28265U
2025-06-24T12:16:39.679181,-3888.381552699955,-5032.053838722703,-5360.322885720014,5.196257704810175,-4.516552748458418,-1.6619499419016077,28265U
2025-06-24T12:17:39.679181,-3571.941162640556,-5296.728463512206,-5453.373493831336,5.348964418598752,-4.30523304497587,-1.4402774331811221,28265U
2025-06-24T12:18:39.679181,-3246.8551189815626,-5548.596659127739,-5533.212649644874,5.484488510716223,-4.0897894277935505,-1.2216037269899194,28265U
2025-06-24T12:19:39.679181,-2914.1364546472873,-5787.4365738774695,-5600.033433042559,5.603426673713286,-3.871062554879874,-1.0063739901535755,28265U
2025-06-24T12:20:39.679181,-2574.7618804371564,-6013.074579773166,-5654.053718338226,5.706393518644027,-3.649820958943361,-0.7949700887505318,28265U
2025-06-24T12:21:39.679181,-2229.6709763731265,-6225.381054498891,-5695.512562348034,5.794012860094425,-3.42676444589027,-0.5877164313160922,28265U
2025-06-24T12:22:39.679181,-1879.7658611033116,-6424.266379964129,-5724.666936092809,5.866910403686783,-3.2025279107658573,-0.3848856310112069,28265U
2025-06-24T12:23:39.679181,-1525.9112599361656,-6609.677177193175,-5741.788786883716,5.925707696474452,-2.977685408981431,-0.18670390975943219,28265U
2025-06-24T12:24:39.679181,-1168.9349004651028,-6781.592788631265,-5747.162413761193,5.971017199561387,-2.752754351689879,0.006643807784864898,28265U
2025-06-24T12:25:39.679181,-809.6281730239879,-6940.0220120094245,-5741.082136800243,6.003438346211303,-2.528199721585826,0.19500914241112605,28265U
2025-06-24T12:26:39.679181,-448.7470011383613,-7085.000084486524,-5723.850239401278,6.023554456064197,-2.304438229080713,0.37827586667113594,28265U
2025-06-24T12:27:39.679181,-87.01287455375552,-7216.585911653952,-5695.775162122733,6.031930385587457,-2.081842348867721,0.5563558729976775,28265U
2025-06-24T12:28:39.679181,274.8859957693531,-7334.8595329425225,-5657.169926683181,6.029110805578991,-1.8607441935991251,0.729185498008588,28265U
2025-06-24T12:29:39.679181,636.2934351479319,-7439.919812821364,-5608.350769301096,6.015619007681468,-1.641439195081883,0.8967221906565339,28265U
2025-06-24T12:30:39.679181,996.5840041119627,-7531.882345757433,-5549.635963414925,5.991956152933886,-1.424189574420746,1.05894150722826,28265U
2025-06-24T12:31:39.679181,1355.1616628911286,-7610.877562066671,-5481.344812924358,5.958600886018564,-1.209227591262842,1.2158344131923333,28265U
2025-06-24T12:32:39.679181,1711.458421314034,-7677.049021405881,-5403.796798331901,5.916009248824139,-0.9967585690820335,1.3674048701746966,28265U
2025-06-24T12:33:39.679181,2064.932990312113,-7730.551880627063,-5317.310859472238,5.864614836103099,-0.786963698594939,1.513667685613058,28265U
2025-06-24T12:34:39.679181,2415.0694480604234,-7771.551522952287,-5222.2047998474645,5.804829144291325,-0.5800026252216316,1.6546466026464,28265U
2025-06-24T12:35:39.679181,2761.3759310940954,-7800.222335857623,-5118.794798901059,5.737042071966011,-0.37601582923884025,1.7903726083364941,28265U
2025-06-24T12:36:39.679181,3103.383358462856,-7816.746625622091,-5007.3950198343455,5.661622536969554,-0.175126809136569,1.9208824392333084,28265U
2025-06-24T12:37:39.679181,3440.6441950689177,-7821.313657154747,-4888.317301780694,5.578919180968611,0.022555920131282388,2.046217264455232,28265U
2025-06-24T12:38:39.679181,3772.731258740971,-7814.11880842485,-4761.870926289716,5.489261137208544,0.21693700167030833,2.1664215277645122,28265U
2025-06-24T12:39:39.679181,4099.236574272639,-7795.3628295584085,-4628.3624491338,5.392958841534349,0.40793257137331906,2.281541931499045,28265U
2025-06-24T12:40:39.679181,4419.770276576426,-7765.2511974079525,-4488.095589424966,5.290304870446614,0.5954687403569243,2.391626546623874,28265U
2025-06-24T12:41:39.679181,4733.959564221877,-7723.993557135922,-4341.3711689260335,5.181574793117935,0.7794802129040156,2.4967240345444557,28265U
2025-06-24T12:42:39.679181,5041.447703925786,-7671.803243063464,-4188.48709525377,5.067028026973712,0.9599090281644491,2.5968829676556693,28265U
2025-06-24T12:43:39.679181,5341.8930860019445,-7608.896871718749,-4029.7383834111783,4.946908688706428,1.1367034144235346,2.692151236863119,28265U
2025-06-24T12:44:39.679181,5634.9683303481215,-7535.494000665856,-3865.4172107504505,4.821446434496631,1.3098167453750003,2.7825755354992086,28265U
2025-06-24T12:45:39.679181,5920.359442217107,-7451.816847305296,-3695.8130010677633,4.690857284811556,1.4792065884935655,2.868200910155821,28265U
2025-06-24T12:46:39.679181,6197.765016780673,-7358.090062406886,-3521.2125340651255,4.555344430484552,1.6448338362758912,2.949070369970171,28265U
2025-06-24T12:47:39.679181,6466.8954913257885,-7254.540553666997,-3341.9000768937167,4.415099017889247,1.8066619117838085,3.025224546827952,28265U
2025-06-24T12:48:39.679181,6727.472443818361,-7141.397355073353,-3158.157534916988,4.270300911942547,1.9646560405738944,3.0967013997943127,28265U
2025-06-24T12:49:39.679181,6979.227936511286,-7018.891538315817,-2970.2646192107673,4.121119436435031,2.118782581718207,3.1635359578500477,28265U
2025-06-24T12:50:39.679181,7221.9039032627425,-6887.2561628985595,-2778.499028649742,3.9677140918175064,2.2690084112133957,3.2257600957056782,28265U
2025-06-24T12:51:39.679181,7455.251579249985,-6746.726261994344,-2583.136644724776,3.810235251095688,2.4153003516297527,3.2834023380932704,28265U
2025-06-24T12:52:39.679181,7679.030971814032,-6597.53886143342,-2384.451737494857,3.648824834918707,2.557624642370885,3.3364876885018946,28265U
2025-06-24T12:53:39.679181,7893.010371244959,-6439.933029542682,-2182.7171813034197,3.4836169673078583,2.695946445397181,3.3850374788340862,28265U
2025-06-24T12:54:39.679181,8096.965900412449,-6274.149955844495,-1978.2046790860718,3.314738613774698,2.830229381713293,3.4290692369226567,28265U
2025-06-24T12:55:39.679181,8290.681102255881,-6100.433056895317,-1771.1849942691358,3.1423102038363084,2.960435094331477,3.4685965692655385,28265U
2025-06-24T12:56:39.679181,8473.946564276566,-5919.028107787754,-1561.9281894032065,2.9664462401561664,3.086522833804992,3.5036290567178323,28265U
2025-06-24T12:57:39.679181,8646.55957930099,-5730.183398076353,-1350.703870816491,2.787255896748406,3.208449062768736,3.534172161226483,28265U
2025-06-24T12:58:39.679181,8808.323841979432,-5534.149911043457,-1137.7814386233206,2.604843608816089,3.3261670762816418,3.5602271420229608,28265U
2025-06-24T12:59:39.679181,8959.049180551832,-5331.181525503229,-923.4303416209736,2.419309657054763,3.4396266350028797,3.5817909799713803,28265U
2025-06-24T13:00:39.679181,9098.551323699927,-5121.535239388385,-707.9203365392652,2.230750749297959,3.548773608598504,3.5988563090732026,28265U
2025-06-24T13:01:39.679181,9226.651702394336,-4905.471414608384,-491.521751266899,2.039260602631969,3.653549626979348,3.6114113543820303,28265U
2025-06-24T13:02:39.679181,9343.177286877244,-4683.254042761253,-274.5057516673089,1.8449305292312765,3.753891737255563,3.6194398758513993,28265U
2025-06-24T13:03:39.679181,9447.960459118047,-4455.151031398311,-57.14461161704324,1.6478500293357436,3.8497320645397384,3.6229211178946694,28265U
2025-06-24T13:04:39.679181,9540.83892126985,-4221.434510688625,160.28801405376626,1.4481073950091454,3.9409974749568164,3.6218297646941844,28265U
2025-06-24T13:05:39.679181,9621.65564091962,-3982.381160333734,377.5168141331074,1.2457903284374612,4.0276092395028,3.6161359015637142,28265U
2025-06-24T13:06:39.679181,9690.258834106138,-3738.272556766955,594.2645434470115,1.0409865788288652,4.109482697599615,3.60580498294094,28265U
2025-06-24T13:07:39.679181,9746.501987370735,-3489.395540643281,810.2517435922149,0.8337846021263684,4.186526919496561,3.5907978078797043,28265U
2025-06-24T13:08:39.679181,9790.243920345974,-3236.0426047123296,1025.1964624657626,0.6242742480250255,4.258644366932746,3.5710705042223654,28265U
2025-06-24T13:09:39.679181,9821.348890670215,-2978.5123021794343,1238.8139731692324,0.4125474790357899,4.325730551788538,3.546574522970842,28265U
2025-06-24T13:10:39.679181,9839.686743308293,-2717.1096756678,1450.8164929660343,0.19869912661894298,4.387673692794239,3.517256644745309,28265U
2025-06-24T13:11:39.679181,9845.133106668865,-2452.146706874576,1660.9129030989566,-0.017172310297131524,4.444354370747242,3.4830590006280113,28265U
2025-06-24T13:12:39.679181,9837.569638236475,-2183.942786977602,1868.8084704238886,-0.2349638187819814,4.495645183121018,3.443919110144381,28265U
2025-06-24T13:13:39.679181,9816.884322783832,-1912.8252077757477,2074.2045719999373,-0.45456697140599356,4.541410399445409,3.3997699396402528,28265U
2025-06-24T13:14:39.679181,9782.97182659536,-1639.129673445372,2276.7984239892717,-0.6758669655037787,4.5815056194065455,3.350539984881406,28265U
2025-06-24T13:15:39.679181,9735.733911518653,-1363.2008326591586,2476.282816467461,-0.8987415955922293,4.615777436271134,3.296153382338497,28265U
2025-06-24T13:16:39.679181,9675.079913064757,-1085.392830629473,2672.3458560381073,-1.1230601520225332,4.644063109001085,3.236530054333987,28265U
2025-06-24T13:17:39.679181,9600.927287200408,-806.0698804089567,2864.67071847946,-1.3486822386485826,4.666190247305043,3.1715858940289086,28265U
2025-06-24T13:18:39.679181,9513.202230913455,-525.606852492675,3052.9354140378605,-1.5754565020373423,4.681976514895078,3.1012329971243546,28265U
2025-06-24T13:19:39.679181,9411.8403820847,-244.38988141419418,3236.812568424325,-1.8032192645458007,4.691229357399815,3.025379948156311,28265U
2025-06-24T13:20:39.679181,9296.787604657979,37.1830124082552,3415.9692230805776,-2.0317930534786908,4.693745762754349,2.9439321703791492,28265U
2025-06-24T13:21:39.679181,9168.000865564594,318.7012878317773,3590.0666588532213,-2.260985018538031,4.6893120634667955,2.856792349476016,28265U
2025-06-24T13:22:39.679181,9025.449210313616,599.7412380378674,3758.7602478727686,-2.490585229939389,4.677703791980569,2.7638609427046203,28265U
2025-06-24T13:23:39.679181,8869.11484460028,879.8653390883954,3921.6993391728083,-2.720364849934613,4.658685602438171,2.665036786593807,28265U
2025-06-24T13:24:39.679181,8698.994329693087,1158.6215964796208,4078.5271844188187,-2.950074171117439,4.632011274536926,2.5602178179481574,28265U
2025-06-24T13:25:39.679181,8515.099899720604,1435.5428952074153,4228.880911050352,-3.179440515865782,4.597423817879442,2.449301924692386,28265U
2025-06-24T13:26:39.679181,8317.460909264491,1710.1463600548461,4372.391551184834,-3.4081659926872603,4.55465569828896,2.3321879449817993,28265U
2025-06-24T13:27:39.679181,8106.12541985124,1981.9327342024012,4508.684135789112,-3.635925107184613,4.503429211006321,2.208776835001028,28265U
2025-06-24T13:28:39.679181,7881.161933982653,2250.385785867253,4637.377864902772,-3.8623622279744563,4.443457029528251,2.078973027936644,28265U
2025-06-24T13:29:39.679181,7642.661285209683,2514.9717545272806,4758.086366098375,-4.087088911326225,4.374442963090833,1.9426860086896194,28265U
2025-06-24T13:30:39.679181,7390.738692386969,2775.138850392937,4870.418054883175,-4.309681092703119,4.29608296043912,1.7998321309230336,28265U
2025-06-24T13:31:39.679181,7125.535985573977,3030.316823189536,4973.976612383391,-4.529676158987831,4.2080664025176,1.6503367049167976,28265U
2025-06-24T13:32:39.679181,6847.224010006974,3279.9166190093956,5068.36159738693,-4.746569922169762,4.11007773200476,1.494136386298944,28265U
2025-06-24T13:33:39.679181,6556.005213055321,3523.3301470128263,5153.169211636648,-4.959813523905508,4.001798473087856,1.3311818968650773,28265U
2025-06-24T13:34:39.679181,6252.116416994658,3759.930181100552,5227.9932391273815,-5.1688103108895085,3.882909700367539,1.1614411091643757,28265U
2025-06-24T13:35:39.679181,5935.831777667148,3989.070425334941,5292.426182016897,-5.372912733640121,3.753095021065186,0.9849025260463651,28265U
2025-06-24T13:36:39.679181,5607.465925501444,4210.085775849059,5346.060617551549,-5.571419336380172,3.6120441394444667,0.8015791845706594,28265U
2025-06-24T13:37:39.679181,5267.377280815152,4422.292816180032,5388.490802035618,-5.763571923362814,3.4594570761303562,0.6115130101772555,28265U
2025-06-24T13:38:39.679181,4915.971529624805,4624.990587352706,5419.314549231137,-5.948553007438561,3.2950491172304983,0.4147796412762869,28265U
2025-06-24T13:39:39.679181,4553.70523921823,4817.46167847925,5438.135411506872,-6.125483669891677,3.118556568131201,0.21149373588368114,28265U
2025-06-24T13:40:39.679181,4181.089584307322,4998.973687995552,5444.565192383486,-6.293421986489828,2.929743383647408,0.0018147599283097448,28265U
2025-06-24T13:41:39.679181,3798.6941445465122,5168.7811096954265,5438.226818619041,-6.451362202914381,2.728408738784345,-0.2140467593160949,28265U
2025-06-24T13:42:39.679181,3407.150722450409,5326.127701168575,5418.757598379493,-6.598234872585523,2.5143955914560423,-0.43582255230661976,28265U
2025-06-24T13:43:39.679181,3007.1571172049566,5470.249394734886,5385.812889032972,-6.732908200251092,2.2876002686780996,-0.6631795631587863,28265U
2025-06-24T13:44:39.679181,2599.4807745583216,5600.377812042893,5339.0701933456585,-6.854190863915216,2.047983079471814,-0.8957126397110677,28265U
2025-06-24T13:45:39.679181,2184.9622160194695,5715.744442625314,5278.2336959609465,-6.960836613440335,1.7955799194117228,-1.1329370945745925,28265U
2025-06-24T13:46:39.679181,1764.5181322800445,5815.58554324012,5203.039242619664,-7.051550963405711,1.5305147819717142,-1.3742813202213513,28265U
2025-06-24T13:47:39.679181,1339.144006572554,5899.147808066703,5113.259752243012,-7.125000306688041,1.253013029423105,-1.6190796935035663,28265U
2025-06-24T13:48:39.679181,909.9161143443914,5965.694848997717,5008.711036421135,-7.1798237690666,0.9634152004764559,-1.8665660621777715,28265U
2025-06-24T13:49:39.679181,477.99272716184845,6014.514509597749,4889.257981789664,-7.2146480985895725,0.6621910435061099,-2.1158681657776968,28265U
2025-06-24T13:50:39.679181,44.61433253976029,6044.927015058598,4754.8210281646625,-7.228105830668451,0.3499533647942707,-2.3660034020416623,28265U
2025-06-24T13:51:39.679181,-388.89733086424076,6056.293933086286,4605.382849314555,-7.218856885134654,0.027471174308205882,-2.6158764031687656,28265U
2025-06-24T13:52:39.679181,-821.1416295431625,6048.0278867898,4440.99511436085,-7.185613629772581,-0.304318497219944,-2.864278927123732,28265U
2025-06-24T13:53:39.679181,-1250.6429877407604,6019.602920377053,4261.7851769373765,-7.127169282789713,-0.6443008384239008,-3.1098925902905883,28265U
2025-06-24T13:54:39.679181,-1675.8566284137034,5970.5653724412205,4067.9625077850487,-7.0424293238210165,-0.9911763681556446,-3.3512949602969844,28265U
2025-06-24T13:55:39.679181,-2095.176268695717,5900.545061180573,3859.8246563559205,-6.930445343075712,-1.3434577850662248,-3.5869694827421825,28265U
2025-06-24T13:56:39.679181,-2506.9438948901784,5809.266533225308,3637.7625007129745,-6.790450490240802,-1.699471433140022,-3.815319624580038,28265U
2025-06-24T13:57:39.679181,-2909.4616843509484,5696.560075938581,3402.264525466638,-6.62189540427252,-2.0573642093560287,-4.034687473921492,28265U
2025-06-24T13:58:39.679181,-3301.0060670990565,5562.372146101872,3153.919857921156,-6.424483234485373,-2.4151166150774186,-4.243376838761908,28265U
2025-06-24T13:59:39.679181,-3679.843829929885,5406.77483048967,2893.4197962420853,-6.198202130691408,-2.770562445764863,-4.439680638971165,28265U
2025-06-24T14:00:39.679181,-4044.250063122625,5229.973931104722,2621.5575832084646,-5.943353417978786,-3.1214153222565715,-4.621912097197738,28265U
2025-06-24T14:01:39.679181,-4392.527639806767,5032.315264795317,2339.2262170315917,-5.660573613162356,-3.465301898943129,-4.788438923404118,28265U
2025-06-24T14:02:39.679181,-4723.027807606653,4814.288787909259,2047.4141476020295,-5.350848514160442,-3.799801158791055,-4.937719380304376,28265U
2025-06-24T14:03:39.679181,-5034.17137009604,4576.530204372175,1747.198781381045,-5.015517820255445,-4.12248875317114,-5.068338844511139,28265U
2025-06-24T14:04:39.679181,-5324.469851395693,4319.819790796218,1439.737808023462,-4.656269125371374,-4.430984906527325,-5.179045274578786,28265U
2025-06-24T14:05:39.679181,-5592.545980419135,4045.078272886778,1126.2584616273516,-4.275120654303114,-4.723004028804433,-5.268781894042638,28265U
2025-06-24T14:06:39.679181,-5837.152809895548,3753.3597085408865,808.0449323874101,-3.874392749089951,-4.996403908939495,-5.3367154192113375,28265U
2025-06-24T14:07:39.679181,-6057.190804808194,3445.8414669180497,486.424242347864,-3.456668806833852,-5.249232240168669,-5.382258319695024,28265U
2025-06-24T14:08:39.679181,-6251.722297188807,3123.8115294099202,162.75098336375206,-3.024747055400264,-5.479768278015667,-5.405083890439002,28265U
2025-06-24T14:09:39.679181,-6419.982806646753,2788.6534670554433,-161.60862119997495,-2.5815851597826756,-5.6865576604219585,-5.405133316331681,28265U
2025-06-24T14:10:39.679181,-6561.388862036194,2441.8295585456826,-485.29283330053033,-2.130240114822169,-5.868438810911425,-5.382614388234641,28265U
2025-06-24T14:11:39.679181,-6675.5421186785825,2084.8625946103,-806.9601919899048,-1.6738061511267468,-6.024559863280864,-5.3379920359521575,28265U
2025-06-24T14:12:39.679181,-6762.22973488032,1719.316961741341,-1125.3045015027797,-1.2153534347397714,-6.154385638165709,-5.271971328946182,28265U
2025-06-24T14:13:39.679181,-6821.421137423276,1346.7796081915571,-1439.0685899309801,-0.7578701787336259,-6.257694807927181,-5.185474012790273,28265U
2025-06-24T14:14:39.679181,-6853.261455565676,968.8414689052461,-1747.056488216254,-0.3042104331644277,-6.334567947754693,-5.079609961915216,28265U
2025-06-24T14:15:39.679181,-6858.062026489988,587.0798679591297,-2048.1437699230646,0.1429506742441906,-6.385367637971329,-4.955645115291158,28265U
2025-06-24T14:16:39.679181,-6836.2884651051945,203.04233429646388,-2341.285890144125,0.5811530517400759,-6.410712120899431,-4.814967515923824,28265U
2025-06-24T14:17:39.679181,-6788.546844529611,-181.76783234376072,-2625.5244590350353,1.0081785157054584,-6.411444209182542,-4.659053007366634,28265U
2025-06-24T14:18:39.679181,-6715.568551032539,-565.9040143258588,-2899.991474989644,1.422068390595989,-6.388597193016902,-4.489431972815097,28265U
2025-06-24T14:19:39.679181,-6618.194362396587,-947.9866214830607,-3163.911619153663,1.8211322931915785,-6.343359418121126,-4.307658264003813,28265U
2025-06-24T14:20:39.679181,-6497.358257465226,-1326.7112989852642,-3416.602773561339,2.203948939029605,-6.277039031491371,-4.115281189677479,28265U
2025-06-24T14:21:39.679181,-6354.071404140983,-1700.8550508879118,-3657.4749683069786,2.5693600720143874,-6.191030150037079,-3.9138211465197226,28265U
2025-06-24T14:22:39.679181,-6189.406700601648,-2069.2803994764427,-3886.02798917982,2.916458764955204,-6.086781430174004,-3.7047492036763923,28265U
2025-06-24T14:23:39.679181,-6004.484166784784,-2430.9377501270164,-4101.8478876960735,3.2445733816422857,-5.965767732872659,-3.4894707132510905,28265U
2025-06-24T14:24:39.679181,-5800.457405974525,-2784.866164157772,-4304.602632922352,3.5532484492501157,-5.8294653111084775,-3.2693128240885843,28265U
2025-06-24T14:25:39.679181,-5578.501284010142,-3130.1927596461387,-4494.0371317639265,3.842223585507121,-5.679330710860598,-3.0455156290351413,28265U
2025-06-24T14:26:39.679181,-5339.800909233041,-3466.130964766306,-4669.967824420634,4.111411480199527,-5.516783381793183,-2.8192265756959407,28265U
2025-06-24T14:27:39.679181,-5085.54194154068,-3791.977842493438,-4832.277037198809,4.360875764836825,-5.343191842804451,-2.5914977128614436,28265U
2025-06-24T14:28:39.679181,-4816.90221446913,-4107.110692216288,-4980.907248157753,4.590809433782877,-5.159863139573354,-2.3632853224166857,28265U
2025-06-24T14:29:39.679181,-4535.044619906454,-4410.9831153632085,-5115.85539403593,4.801514316851708,-4.968035261878243,-2.1354514919742194,28265U
2025-06-24T14:30:39.679181,-4241.111180091435,-4703.120710716554,-5237.167320947729,4.993381955354673,-4.7688721518813235,-1.9087672090572207,28265U
2025-06-24T14:31:39.679181,-3936.2182148461666,-4983.116542428358,-5344.93245743647,5.16687610551192,-4.563460924150374,-1.683916596492784,28265U
2025-06-24T14:32:39.679181,-3621.4525022471844,-5250.626501185105,-5439.2787671876595,5.322516986872512,-4.352810927419897,-1.4615019549557449,28265U
2025-06-24T14:33:39.679181,-3297.8683268261543,-5505.364657478142,-5520.368020329098,5.460867308772265,-4.137854301060534,-1.2420493277314093,28265U
2025-06-24T14:34:39.679181,-2966.4853096549873,-5747.098686153958,-5588.391406810439,5.582520043362834,-3.919447710893702,-1.0260143513472562,28265U
2025-06-24T14:35:39.679181,-2628.2869181779593,-5975.645423719022,-5643.565502743734,5.688087867034065,-3.6983749852988903,-0.8137882014224443,28265U
2025-06-24T14:36:39.679181,-2284.219559425276,-6190.866604423095,-5686.12859056926,5.778194160417298,-3.475350410405971,-0.605703484452622,28265U
2025-06-24T14:37:39.679181,-1935.1921674904843,-6392.664807937265,-5716.337326195423,5.853465437829832,-3.2510224803175665,-0.40203996255123564,28265U
2025-06-24T14:38:39.679181,-1582.0762042016538,-6580.979640402335,-5734.463740539562,5.914525067400008,-3.025977933236285,-0.2030300291592366,28265U
2025-06-24T14:39:39.679181,-1225.706000300808,-6755.784161556626,-5740.792558847908,5.961988140850708,-2.8007459361804905,-0.008863879569771256,28265U
2025-06-24T14:40:39.679181,-866.879372768061,-6917.081563375061,-5735.618818505909,5.9964573550237805,-2.57580230917067,0.18030565886087854,28265U
2025-06-24T14:41:39.679181,-506.3584619445673,-7064.902099928525,-5719.245764492131,6.018519774036623,-2.3515737042289566,0.3643586552184707,28265U
2025-06-24T14:42:39.679181,-144.87073963511088,-7199.300263790457,-5691.983000943508,6.028744350151731,-2.1284416753378315,0.5432039676777162,28265U
2025-06-24T14:43:39.679181,216.88985369079728,-7320.352201061253,-5654.144877282576,6.027680091978482,-1.9067465928906515,0.716775495921023,28265U
2025-06-24T14:44:39.679181,578.2616781963676,-7428.153354762113,-5606.049087836723,6.015854779740542,-1.6867913704496047,0.8850287818142667,28265U
2025-06-24T14:45:39.679181,938.6141004382574,-7522.816324789367,-5548.015464715332,5.993774138468547,-1.4688449831770125,1.0479379418331285,28265U
2025-06-24T14:46:39.679181,1297.346160583701,-7604.468931674761,-5480.364944787924,5.961921390726578,-1.2531457664773475,1.2054929114718125,28265U
2025-06-24T14:47:39.679181,1653.8852217140502,-7673.25247093022,-5403.418692836025,5.920757120596222,-1.0399044905484296,1.357696979952953,28265U
2025-06-24T14:48:39.679181,2007.6856180679188,-7729.320144664316,-5317.497364261947,5.870719389970659,-0.8293072120055877,1.5045645926872162,28265U
2025-06-24T14:49:39.679181,2358.2273158170956,-7772.835657345523,-5222.920492077807,5.8122240566783825,-0.621517907820488,1.64611939883559,28265U
2025-06-24T14:50:39.679181,2705.0145971939946,-7803.971962985215,-5120.005984225311,5.74566525153977,-0.41668089975287,1.7823925218040906,28265U
2025-06-24T14:51:39.679181,3047.5747764289254,-7822.9101515564835,-5009.069718566883,5.67141597817958,-0.21492307948428938,1.9134210313717808,28265U
2025-06-24T14:52:39.679181,3385.4569539810896,-7829.838463108519,-4890.425224116,5.589828805314625,-0.016355945964492993,2.039246597295277,28265U
2025-06-24T14:53:39.679181,3718.230813884079,-7824.951418739617,-4764.383438235212,5.501236626372293,0.17892253277182685,2.159914305531193,28265U
2025-06-24T14:54:39.679181,4045.485467664657,-7808.449058328238,-4631.252530606305,5.405953465732434,0.37082622075553356,2.2754716196079223,28265U
2025-06-24T14:55:39.679181,4366.828347163938,-7780.536275666097,-4491.337785774763,5.304275314699233,0.5592792656522566,2.3859674710888745,28265U
2025-06-24T14:56:39.679181,4681.884147676859,-7741.422242374856,-4344.941536983559,5.196480983565937,0.7442146884583583,2.4914514644665706,28265U
2025-06-24T14:57:39.679181,4990.293822090943,-7691.319912705491,-4192.363144843246,5.082832958902532,0.9255730994582397,2.5919731831778274,28265U
2025-06-24T14:58:39.679181,5291.713626120342,-7630.445602009055,-4033.899015140437,4.9635782575374074,1.103301529118562,2.6875815847147972,28265U
2025-06-24T14:59:39.679181,5585.814214278258,-7559.018632323056,-3869.842650766953,4.83894927067388,1.2773523632112809,2.778324474013958,28265U
2025-06-24T15:00:39.679181,5872.279785884581,-7477.261039135388,-3700.4847333632006,4.709164593234948,1.4476823721136922,2.8642480454274124,28265U
2025-06-24T15:01:39.679181,6150.8072801478465,-7385.397333967453,-3526.1132308185215,4.5744298349109656,1.6142518249044315,2.9453964846150007,28265U
2025-06-24T15:02:39.679181,6421.105619182415,-7283.6543179571145,-3347.013527259394,4.434938410534,1.7770236795450904,3.021811622644469,28265U
2025-06-24T15:03:39.679181,6682.894997705339,-7172.260942122308,-3163.468572591427,4.290872308357192,1.9359628410912573,3.0935326354513646,28265U
2025-06-24T15:04:39.679181,6935.90621809127,-7051.4482104490235,-2975.7590490482803,4.142402835608997,2.0910354805049627,3.1605957825944886,28265U
2025-06-24T15:05:39.679181,7179.880069445438,-6921.449122372391,-2784.163552541,3.9896913413455715,2.2422084072400517,3.223034179953676,28265U
2025-06-24T15:06:39.679181,7414.566749367152,-6782.498651612419,-2588.958786904608,3.8328899171673236,2.3894484893338617,3.2808776016574153,28265U
2025-06-24T15:07:39.679181,7639.725327123991,-6634.833758683803,-2390.419769402273,3.6721420768129276,2.5327221152672137,3.3341523071074515,28265U
2025-06-24T15:08:39.679181,7855.123247025717,-6478.6934347286815,-2188.8200460801413,3.5075834160177664,2.6719946923444406,3.3828808894895905,28265U
2025-06-24T15:09:39.679181,8060.535870877206,-6314.318774622402,-1984.4319157696953,3.339342254337101,2.8072301767989636,3.427082142631487,28265U
2025-06-24T15:10:39.679181,8255.746058500146,-6141.9530775756275,-1777.5266617075802,3.1675402608973586,2.938390631251343,3.4667709434961975,28265U
2025-06-24T15:11:39.679181,8440.543785436925,-5961.8419737058875,-1568.374789893851,2.992293066266293,3.0654358055342703,3.501958147988262,28265U
2025-06-24T15:12:39.679181,8614.72579706663,-5774.23357530066,-1357.2462734620165,2.813710862853175,3.1883227372430905,3.5326504981006677,28265U
2025-06-24T15:13:39.679181,8778.095298586075,-5579.378651625577,-1144.410802355201,2.6318989963573345,3.3070053687533045,3.5588505387712854,28265U
2025-06-24T15:14:39.679181,8930.461680318578,-5377.530826471586,-930.1380378664005,2.4469585510979965,3.421434177650588,3.580556543093696,28265U
2025-06-24T15:15:39.679181,9071.640278164574,-5168.946797620264,-714.6978714596905,2.258986932040675,3.5315558179328224,3.5977624448460945,28265U
2025-06-24T15:16:39.679181,9201.452169044924,-4953.886577704421,-498.3606875098653,2.0680784466342326,3.6373127695160603,3.61045777754764,28265U
2025-06-24T15:17:39.679181,9319.72400144436,-4732.613756010407,-281.3976295574396,1.8743248896682114,3.7386429938817156,3.618627619526832,28265U
2025-06-24T15:18:39.679181,9426.287861344063,-4505.395780906406,-64.08086971743566,1.677816134543771,3.8354795939406,3.622252544741621,28265U
2025-06-24T15:19:39.679181,9520.981174034781,-4272.504262705436,153.31611909634756,1.4786407345439396,3.9277504764282987,3.621308579349567,28265U
2025-06-24T15:20:39.679181,9603.646642543092,-4034.2152968215746,370.5182885203168,1.2768865378413738,4.01537801541106,3.615767164290764,28265U
2025-06-24T15:21:39.679181,9674.13222360624,-3790.8098072147454,587.2487380187893,1.0726413202382021,4.098278715706851,3.605595124417895,28265U
2025-06-24T15:22:39.679181,9732.291142400509,-3542.5739101330028,803.2284365351968,0.8659934398104588,4.176362875310113,3.5907546449966095,28265U
2025-06-24T15:23:39.679181,9777.98194747384,-3289.7992982328906,1018.1759429954775,0.6570325178903751,4.249534246176714,3.571203256706087,28265U
2025-06-24T15:24:39.679181,9811.068607610589,-3032.7836451787393,1231.8071262290882,0.44585015106862946,4.317689693032114,3.546893830602309,28265U
2025-06-24T15:25:39.679181,9831.420652644732,-2771.831030835051,1443.8348849690544,0.23254065917592487,4.380718850198628,3.5177745848702107,28265U
2025-06-24T15:26:39.679181,9838.913360544644,-2507.2523871496915,1653.968868717854,0.01720187449104844,4.438503776812381,3.4837891055915415,28265U
2025-06-24T15:27:39.679181,9833.427993415607,-2239.365964792552,1861.9152004122132,-0.20006402226939898,4.49091861122245,3.4448763841999273,28265U
2025-06-24T15:28:39.679181,9814.852085409064,-1968.4978205515688,2067.3762019945375,-0.4191496133053078,4.537829225846525,3.4009708747908975,28265U
2025-06-24T15:29:39.679181,9783.079785888744,-1694.9823253889142,2270.0501242103287,-0.6399412962354771,4.579092884312121,3.3520025750086133,28265U
2025-06-24T15:30:39.679181,9738.012261584881,-1419.1626929358818,2469.6308821886873,-0.8623182712205533,4.614557903349587,3.2978971348536406,28265U
2025-06-24T15:31:39.679181,9679.558161866837,-1141.3915280261692,2665.8077986505123,-1.0861514558656844,4.644063322643311,3.2385759984525206,28265U
2025-06-24T15:32:39.679181,9607.634151682403,-862.031394651514,2858.2653569126865,-1.311302320759564,4.667438586702667,3.1739565846126094,28265U
2025-06-24T15:33:39.679181,9522.165517146248,-581.4554024461248,3046.682966233565,-1.5376216382431913,4.68450324380683,3.1039525128617833,28265U
2025-06-24T15:34:39.679181,9423.086849207455,-300.0478104661142,3230.734742477763,-1.7649481367917366,4.695066668227431,3.028473882652085,28265U
2025-06-24T15:35:39.679181,9310.342811282791,-18.20464661389182,3410.0893075721997,-1.9931070532624413,4.698927813263226,2.9474276144984106,28265U
2025-06-24T15:36:39.679181,9183.888997204793,263.66565943906556,3584.409611785538,-2.2219085752368035,4.695875004157356,2.8607178630375873,28265U
2025-06-24T15:37:39.679181,9043.692886288723,545.1416325831545,3753.3527835052487,-2.4511461658171423,4.685685781737804,2.768246513333249,28265U
2025-06-24T15:38:39.679181,8889.734902766362,825.7881013166989,3916.570011906066,-2.680594763558126,4.668126809653454,2.669913773227391,28265U
2025-06-24T15:39:39.679181,8722.009587248185,1105.1555438141984,4073.706468718726,-2.9100088507947186,4.64295386040245,2.5656188761483376,28265U
2025-06-24T15:40:39.679181,8540.526888244529,1382.7794363158487,4224.401276220836,-3.1391203845341167,4.609911897995361,2.4552609105257837,28265U
2025-06-24T15:41:39.679181,8345.313582076627,1658.1796102982216,4368.2875295919175,-3.3676365853992163,4.5687352780919595,2.3387397938264365,28265U
2025-06-24T15:42:39.679181,8136.414829715553,1930.859626234549,4504.992382906879,-3.595237581945766,4.5191480898217105,2.2159574111908897,28265U
2025-06-24T15:43:39.679181,7913.8958791597515,2200.306173318644,4634.137209295159,-3.821573910153175,4.460864667262837,2.0868189406902133,28265U
2025-06-24T15:44:39.679181,7677.843921868858,2465.988506320101,4755.33784716244,-4.046263871142382,4.393590302722678,1.9512343892886632,28265U
2025-06-24T15:45:39.679181,7428.370111446604,2727.357932800966,4868.204945867011,-4.268890754384748,4.3170221985241835,1.8091203656219887,28265U
2025-06-24T15:46:39.679181,7165.611752165532,2983.8473662556958,4972.344425846495,-4.488999939004411,4.230850698935544,1.6604021175978068,28265U
2025-06-24T15:47:39.679181,6889.734663954033,3234.8709633839194,5067.358069904282,-4.706095892479233,4.1347608491183125,1.5050158644575118,28265U
2025-06-24T15:48:39.679181,6600.935729063247,3479.8238666522093,5152.844264153924,-4.919639094319313,4.028434333423572,1.3429114541604965,28265U
2025-06-24T15:49:39.679181,6299.445623665762,3718.082076588416,5228.398908966731,-5.129042922426045,3.9115518508749756,1.1740553775329325,28265U
2025-06-24T15:50:39.679181,5985.531735024614,3949.0024818447664,5293.6165221151105,-5.3336705520389085,3.7837959910324277,0.9984341703138787,28265U
2025-06-24T15:51:39.679181,5659.501261449247,4171.923078974134,5348.091558099215,-5.532831931736892,3.644854678314302,0.8160582326827429,28265U
2025-06-24T15:52:39.679181,5321.704487911079,4386.163418020457,5391.41996929343,-5.7257809180754204,3.4944252568695697,0.6269660926752444,28265U
2025-06-24T15:53:39.679181,4972.538224739071,4591.025314387142,5423.201035950162,-5.911712670294118,3.3322192906828714,0.4312291345893854,28265U
2025-06-24T15:54:39.679181,4612.44939011424,4785.793871894468,5443.039493103247,-6.089761429175183,3.157968154085093,0.22895680549620204,28265U
2025-06-24T15:55:39.679181,4241.93870896237,4969.738866326419,5450.54798284935,-6.258998829484026,2.9714294853704035,0.020302301657806793,28265U
2025-06-24T15:56:39.679181,3861.564491148362,5142.116542898653,5445.349860136541,-6.418432923176775,2.7723945697449417,-0.19453127868746795,28265U
2025-06-24T15:57:39.679181,3471.9464404880973,5302.171884675607,5427.082378796229,-6.567008120091028,2.5606967061320494,-0.41528434981467005,28265U
2025-06-24T15:58:39.679181,3073.7694329320034,5449.141411682344,5395.400281817515,-6.703606283128852,2.3362205940375063,-0.641633879498512,28265U
2025-06-24T15:59:39.679181,2667.7871873345057,5582.256571862487,5349.979815441292,-6.827049244456841,2.098912750212718,-0.8731861474047943,28265U
2025-06-24T16:00:39.679181,2254.825735604097,5700.747784603095,5290.523180170908,-6.936103035824609,1.8487929286699196,-1.1094693500242752,28265U
2025-06-24T16:01:39.679181,1835.7865809859886,5803.849194662852,5216.7634228672,-7.0294841468421,1.5859664702104914,-1.3499262261554934,28265U
2025-06-24T16:02:39.679181,1411.649414190227,5890.804188305074,5128.469762331191,-7.1058681362664755,1.3106374477945608,-1.5939069280558276,28265U
2025-06-24T16:03:39.679181,983.4742377405726,5960.871713488314,5025.453325836808,-7.163900918517021,1.0231224011189168,-1.840662419604838,28265U
2025-06-24T16:04:39.679181,552.4027302207784,6013.333431328755,4907.573255697635,-7.20221302553558,0.7238643678298791,-2.08933874211279,28265U
2025-06-24T16:05:39.679181,119.6586653590736,6047.501705968586,4774.743123036334,-7.219437097003647,0.4134468213229127,-2.3389725475017666,28265U
2025-06-24T16:06:39.679181,-313.4528122779387,6062.728413849252,4626.937560584698,-7.214228774019389,0.09260701917635243,-2.588488352905763,28265U
2025-06-24T16:07:39.679181,-745.5472608067444,6058.414520806591,4464.19899801207,-7.185291057394635,-0.23775184279190656,-2.8366980141987486,28265U
2025-06-24T16:08:39.679181,-1175.164569388231,6034.020336364936,4286.6443527726615,-7.131402038003632,-0.5765503803665378,-3.082302941131456,28265U
2025-06-24T16:09:39.679181,-1600.7743365814345,5989.076309615493,4094.4714980905433,-7.051445711956286,-0.9225254737861365,-3.3238995750661444,28265U
2025-06-24T16:10:39.679181,-2020.783170722921,5923.194181312905,3887.965299277053,-6.944445360534095,-1.2742262846331218,-3.559988612752957,28265U
2025-06-24T16:11:39.679181,-2433.544046408667,5836.078254321784,3667.502982483195,-6.809598711760734,-1.6300147174428694,-3.788988377667695,28265U
2025-06-24T16:12:39.679181,-2837.3677968729007,5727.536492204288,3433.5585790616483,-6.646313821357793,-1.988071169013398,-4.009252607530719,28265U
2025-06-24T16:13:39.679181,-3230.536750908419,5597.4911073758985,3186.7061771385765,-6.45424433655642,-2.346406299534138,-4.21909273963894,28265U
2025-06-24T16:14:39.679181,-3611.3204358585467,5445.98826046045,2927.621713037015,-6.23332256398329,-2.7028793695790987,-4.416804536742688,28265U
2025-06-24T16:15:39.679181,-3977.9931678359094,5273.206466313483,2657.0830518195453,-5.983788584385812,-3.055223412205609,-4.6006986143856485,28265U
2025-06-24T16:16:39.679181,-4328.853241345509,5079.463294756877,2375.9681407005464,-5.706213575593547,-3.4010771554632226,-4.769134122623009,28265U
2025-06-24T16:17:39.679181,-4662.243319632232,4865.219969869239,2085.251072448675,-5.401515551137712,-3.738023194337858,-4.920554525248902,28265U
2025-06-24T16:18:39.679181,-4976.5715227117435,4631.08351390537,1785.995967563935,-5.070965917392514,-4.063631461042176,-5.053524138645828,28265U
2025-06-24T16:19:39.679181,-5270.332621674714,4377.806151721345,1479.3486713572036,-4.71618560520776,-4.375506597653321,-5.166763873826266,28265U
2025-06-24T16:20:39.679181,-5542.128685008235,4106.281787521585,1166.5263604302197,-4.339130032929039,-4.671337441326782,-5.259184501596602,28265U
2025-06-24T16:21:39.679181,-5790.688493853463,3817.5394833989585,848.8052558465859,-3.9420627762745837,-4.948946537040684,-5.329915758046892,28265U
2025-06-24T16:22:39.679181,-6014.885054278836,3512.73400138396,527.5067397156735,-3.5275185076460702,-5.206337437607426,-5.378329740198126,28265U
2025-06-24T16:23:39.679181,-6213.750588627857,3193.1336077589012,203.98225926590112,-3.098256459125324,-5.441737564690844,-5.404057308819961,28265U
2025-06-24T16:24:39.679181,-6386.488482784627,2860.105469783277,-120.40252966862313,-2.6572062903130504,-5.653634597626131,-5.4069965992026185,28265U
2025-06-24T16:25:39.679181,-6532.4817963169835,2515.0990892845743,-444.28388640871736,-2.207408737376526,-5.840804718045747,-5.387313207663216,28265U
2025-06-24T16:26:39.679181,-6651.298097755792,2159.6283056213288,-766.3158715433829,-1.7519537313689548,-6.002331534627428,-5.3454321266450755,28265U
2025-06-24T16:27:39.679181,-6742.690555525793,1795.2524550628516,-1085.1855099713064,-1.2939187712609355,-6.13761509444671,-5.2820219943424815,28265U
2025-06-24T16:28:39.679181,-6806.595382584836,1423.5572911879979,-1399.6267936016095,-0.8363102161882233,-6.246370996230008,-5.1979726578870595,28265U
2025-06-24T16:29:39.679181,-6843.125886654037,1046.1362516822514,-1708.4331583280045,-0.38200984413195344,-6.328620196377264,-5.094367383383791,28265U
2025-06-24T16:30:39.679181,-6852.563507103001,664.5726046976798,-2010.4681585011563,0.06627144584691123,-6.384670588752725,-4.972451256637035,28265U
2025-06-24T16:31:39.679181,-6835.346316397288,280.4229294008544,-2304.674159400743,0.5060314762669579,-6.415091806049661,-4.833597396767667,28265U
2025-06-24T16:32:39.679181,-6792.055524638043,-104.79771113754278,-2590.0789661508516,0.935005466518042,-6.420684914117315,-4.67927255835308,28265U
2025-06-24T16:33:39.679181,-6723.400550012398,-489.6286518704399,-2865.800398969751,1.351185403961397,-6.402448749359506,-4.511003546275948,28265U
2025-06-24T16:34:39.679181,-6630.203209076602,-872.6744152962398,-3131.048904078162,1.752830479216899,-6.361544597304219,-4.330345639429168,28265U
2025-06-24T16:35:39.679181,-6513.381544246407,-1252.61335997167,-3385.1283533330115,2.1384693575634097,-6.299260753101527,-4.13885394637925,28265U
2025-06-24T16:36:39.679181,-6373.933748590798,-1628.20422563895,-3627.4352320352637,2.5068953449927265,-6.216978273468248,-3.9380583283794692,28265U
2025-06-24T16:37:39.679181,-6212.922577335778,-1998.2906830318045,-3857.456443426747,2.8571556764023547,-6.116138956918454,-3.729442248499885,28265U
2025-06-24T16:38:39.679181,-6031.460558323007,-2361.804049589894,-4074.7659715347722,3.188536215335254,-5.998216304509339,-3.5144256593227547,28265U
2025-06-24T16:39:39.679181,-5830.6962359759955,-2717.7643684302348,-4279.020643619181,3.50054282781747,-5.8646899407171365,-3.294351837657743,28265U
2025-06-24T16:40:39.679181,-5611.801609787904,-3065.2800683583782,-4469.95522231875,3.792880598996918,-5.717023730601163,-3.07047791845682,28265U
2025-06-24T16:41:39.679181,-5375.960862227526,-3403.546429704408,-4647.377038654922,4.065431922723317,-5.556647625456279,-2.8439687714123956,28265U
2025-06-24T16:42:39.679181,-5124.360414249544,-3731.843076922425,-4811.160353086906,4.318234331155309,-5.384943109052367,-2.6158937985257484,28265U
2025-06-24T16:43:39.679181,-4858.180300129982,-4049.5307069099313,-4961.240605258657,4.551458760797409,-5.203231999926468,-2.3872262026804925,28265U
2025-06-24T16:44:39.679181,-4578.5868170971335,-4356.047244405886,-5097.608685898725,4.76538878586577,-5.0127682883364475,-2.158844278299332,28265U
2025-06-24T16:45:39.679181,-4286.72637853606,-4650.903594824996,-5220.3053380187,4.960401198376004,-4.8147326437319276,-1.9315342977801078,28265U
2025-06-24T16:46:39.679181,-3983.7204813261237,-4933.679142336147,-5329.415770158664,5.136948182120224,-4.610229213385511,-1.7059946044886047,28265U
2025-06-24T16:47:39.679181,-3670.6616868826486,-5204.017118288538,-5425.064542580398,5.295541217094222,-4.4002843385839725,-1.4828405686061463,28265U
2025-06-24T16:48:39.679181,-3348.6105103633813,-5461.619943301377,-5507.4107683519305,5.436736762156849,-4.185846835416894,-1.262610111234687,28265U
2025-06-24T16:49:39.679181,-3018.5931120124687,-5706.244626141275,-5576.643655268209,5.5611236954264065,-3.9677895175011244,-1.045769551246666,28265U
2025-06-24T16:50:39.679181,-2681.599687575065,-5937.698284352682,-5632.978401420668,5.669312441935491,-3.7469116736688086,-0.8327195758968359,28265U
2025-06-24T16:51:39.679181,-2338.58346012289,-6155.833835675554,-5676.652446746279,5.761925683705921,-3.5239422514334944,-0.6238011785947989,28265U
2025-06-24T16:52:39.679181,-1990.460182652982,-6360.545895611634,-5707.922074769984,5.839590525894056,-3.2995435345297035,-0.4193014446150955,28265U
2025-06-24T16:53:39.679181,-1638.1080687597864,-6551.766905021079,-5727.0593526947705,5.902931981345993,-3.0743151383334033,-0.2194590975717148,28265U
2025-06-24T16:54:39.679181,-1282.3680770452095,-6729.463502163981,-5734.34939366801,5.9525676323838725,-2.848798179506833,-0.024469746310570785,28265U
2025-06-24T16:55:39.679181,-924.0444832874688,-6893.633145974026,-5730.087922165316,5.98910333085989,-2.623479505192318,0.16550920621538792,28265U
2025-06-24T16:56:39.679181,-563.9056824904006,-7044.300991321789,-5714.579121702962,6.013129803729209,-2.3987958923296695,0.35035401302233504,28265U
2025-06-24T16:57:39.679181,-202.68517057626573,-7181.517012380668,-5688.133743275016,6.0252200402229175,-2.175138149230453,0.5299703994208298,28265U
2025-06-24T16:58:39.679181,158.91733746278618,-7305.353366739895,-5651.067452799797,6.025927347061265,-1.9528550696138731,0.7042897425544893,28265U
2025-06-24T16:59:39.679181,520.2346897134379,-7415.901990406878,-5603.699396274361,6.01578396921172,-1.7322572042170703,0.873265603525618,28265U
2025-06-24T17:00:39.679181,880.6310107911264,-7513.2724121389065,-5546.35096212949,5.995300184868125,-1.5136204271797908,1.036870596143317,28265U
2025-06-24T17:01:39.679181,1239.5003724930414,-7597.589774483659,-5479.344721330766,5.964963794184047,-1.2971892840390982,1.1950935727968273,28265U
2025-06-24T17:02:39.679181,1596.2654430744906,-7668.993048351895,-5403.003526991067,5.92523993155538,-1.083180115721427,1.3479371058393481,28265U
2025-06-24T17:03:39.679181,1950.3761326808376,-7727.6334277856295,-5317.64975657094,5.876571140745145,-0.8717839587104853,1.4954152418460436,28265U
2025-06-24T17:04:39.679181,2301.308249111891,-7773.672891723334,-5223.604681090711,5.819377660787029,-0.6631692259109747,1.6375515059099068,28265U
2025-06-24T17:05:39.679181,2648.5621752246893,-7807.282919923491,-5121.187947120701,5.75405787836557,-0.45748417588414503,1.7743771335408023,28265U
2025-06-24T17:06:39.679181,2991.6615768546717,-7828.643350728134,-5010.7171586192,5.680988909258116,-0.2548591803255458,1.9059295085653483,28265U
2025-06-24T17:07:39.679181,3330.1521480760634,-7837.941368973252,-4892.5075469383,5.600527277481285,-0.05540880110069984,2.032250786537043,28265U
2025-06-24T17:08:39.679181,3663.600398913718,-7835.370613049153,-4766.871718493934,5.513009666063986,0.14076631100296363,2.1533866844621454,28265U
2025-06-24T17:09:39.679181,3991.592489194452,-7821.130390845764,-4634.119470695581,5.418753717939652,0.3335776832599908,2.2693854190354794,28265U
2025-06-24T17:10:39.679181,4313.733111059577,-7795.424995063361,-4494.557667745959,5.31805886937983,0.5229474411384454,2.380296777004896,28265U
2025-06-24T17:11:39.679181,4629.644421703258,-7758.46310911038,-4348.490168854585,5.211207201752505,0.708806869201837,2.486171302694593,28265U
2025-06-24T17:12:39.679181,4938.965027140881,-7710.45729553283,-4196.217802256325,5.098464300244275,0.8910951008053224,2.58705958909015,28265U
2025-06-24T17:13:39.679181,5241.349017191351,-7651.623559617369,-4038.038379201322,4.980080110607247,1.069757925127161,2.683011660191171,28265U
2025-06-24T17:14:39.679181,5536.465051391477,-7582.180981472811,-3874.2467427733627,4.856289787025647,1.2447467006873474,2.774076433570492,28265U
2025-06-24T17:15:39.679181,5823.995495186637,-7502.351410521873,-3705.134847023493,4.727314525910118,1.4160173651513284,2.8603012532198253,28265U
2025-06-24T17:16:39.679181,6103.635605473854,-7412.359216923163,-3530.9918624644756,4.593362381855925,1.5835295318899172,2.94173148381942,28265U
2025-06-24T17:17:39.679181,6375.092764379909,-7312.4310949911405,-3352.104304472723,4.454629063192703,1.7472456644385594,3.0184101585372507,28265U
2025-06-24T17:18:39.679181,6638.085760031924,-7202.795914190039,-3168.7561815881877,4.311298705541232,1.9071303206594121,3.090377673347367,28265U
2025-06-24T17:19:39.679181,6892.34411299868,-7083.684613750251,-2981.229161101713,4.1635446226153086,2.0631494590416852,3.1576715216574645,28265U
2025-06-24T17:20:39.679181,7137.607447060178,-6955.3301373868035,-2789.8027496650097,4.011530034181626,2.2152698001858435,3.2203260637639834,28265U
2025-06-24T17:21:39.679181,7373.624902966233,-6817.967405000793,-2594.754486970723,3.8554087716541674,2.363458237085042,3.278372326307471,28265U
2025-06-24T17:22:39.679181,7600.1545938893205,-6671.83331860862,-2396.3601508190445,3.6953259622618897,2.5076812883551285,3.3318378274938305,28265U
2025-06-24T17:23:39.679181,7816.963101339089,-6517.166800081213,-2194.8939721279785,3.5314186931164677,2.6479045890606083,3.380746424380103,28265U
2025-06-24T17:24:39.679181,8023.825010397345,-6354.20885857981,-1990.6288586489156,3.363816656826803,2.7840924142486614,3.4251181790063696,28265U
2025-06-24T17:25:39.679181,8220.52248323386,-6183.202685857392,-1783.8366263328646,3.1926427805823177,2.9162072307279847,3.4649692405905057,28265U
2025-06-24T17:26:39.679181,8406.844869991965,-6004.393777844217,-1574.7882374397855,3.01801384085391,3.0442092730289354,3.5003117414001728,28265U
2025-06-24T17:27:39.679181,8582.588356231707,-5818.030081203639,-1363.754044656873,2.840041066099902,3.168056139820832,3.5311537042711314,28265U
2025-06-24T17:28:39.679181,8747.555646379025,-5624.362163641648,-1151.0040404707352,2.658830729936498,3.2877024074787657,3.557498960094261,28265U
2025-06-24T17:29:39.679181,8901.555682564018,-5423.643407169452,-936.808111388291,2.47448473761751,3.4030992576499317,3.5793470738607267,28265U
2025-06-24T17:30:39.679181,9044.403398667859,-5216.130223422807,-721.4362963643665,2.28710120856853,3.514194116148432,3.5966932781931256,28265U
2025-06-24T17:31:39.679181,9175.919509368117,-5002.082290505841,-505.15904908992144,2.096775058079366,3.6209303006381166,3.6095284135264047,28265U
2025-06-24T17:32:39.679181,9295.930334254947,-4781.762810872778,-288.2475037256893,1.903598581326634,3.7232466748906776,3.617838874384669,28265U
2025-06-24T17:33:39.679181,9404.267657264401,-4555.438789908025,-70.97374371609278,1.7076620430851306,3.821077307642153,3.621606561454517,28265U
2025-06-24T17:34:39.679181,9500.7686218769,-4323.38133498841,146.3889266595319,1.509054276672744,3.9143511343121555,3.620808839414048,28265U
2025-06-24T17:35:39.679181,9585.275662762931,-4085.865974874872,363.5657083793409,1.3078632958319047,4.002991620110481,3.6154185007397595,28265U
2025-06-24T17:36:39.679181,9657.636474765275,-3843.1729994063903,580.2800317744659,1.1041769234902563,4.086916423286041,3.6054037359834368,28265U
2025-06-24T17:37:39.679181,9717.704020367737,-3595.5878194980523,796.2532790614432,0.8980834415278641,4.1660370575494685,3.590728111296612,28265U
2025-06-24T17:38:39.679181,9765.336577046575,-3343.4013475117245,1011.2045057848513,0.6896722659270899,4.240258552968369,3.5713505542827386,28265U
2025-06-24T17:39:39.679181,9800.39782617231,-3086.910398100093,1224.8501617192424,0.47903465193255956,4.309479114932851,3.547225349584887,28265U
2025-06-24T17:40:39.679181,9822.756985416432,-2826.4181096329116,1436.903811880367,0.2662644341135513,4.373589781118368,3.518302145973631,28265U
2025-06-24T17:41:39.679181,9832.28898691905,-2562.2343863084466,1647.0758584115767,0.05145880650947918,4.432474076737058,3.48452597709268,28265U
2025-06-24T17:42:39.679181,9828.874703792422,-2294.676361026351,1855.0732642523594,-0.16528085165585812,4.486007668780534,3.445837298455869,28265U
2025-06-24T17:43:39.679181,9812.401227874727,-2024.0688790338522,2060.599279671386,-0.38384809889599747,4.534058020428009,3.4021720437736063,28265U
2025-06-24T17:44:39.679181,9782.762202004036,-1750.745002273482,2263.3531729454185,-0.6041304968980383,4.576484047331404,3.3534617042295114,28265U
2025-06-24T17:45:39.679181,9739.858210459213,-1475.0465342363932,2463.0299667022873,-0.8260086120274401,4.613135778110184,3.299633434935315,28265U
2025-06-24T17:46:39.679181,9683.597231608845,-1197.32456496018,2659.3201817226145,-1.0493549461378195,4.643854022106796,3.2406101934729423,28265U
2025-06-24T17:47:39.679181,9613.895157223224,-917.940035603784,2851.9095903102607,-1.2740327896169632,4.668470048284796,3.1763109161971803,28265U
2025-06-24T17:48:39.679181,9530.676383333175,-637.2643217623777,3040.4789817124565,-1.4998949893342755,4.686805280116449,3.10665073882692,28265U
2025-06-24T17:49:39.679181,9433.874477964138,-355.6798343623819,3224.7039424883274,-1.7267826239310005,4.698671012423097,3.0315412688104826,28265U
2025-06-24T17:50:39.679181,9323.432931527943,-73.58063657661101,3404.254655206694,-1.9545235787485014,4.703868157424819,2.950890918017544,28265U
2025-06-24T17:51:39.679181,9199.305996113993,208.62692528369544,3578.7957194031046,-2.1829310126467316,4.702187028750072,2.864605305495844,28265U
2025-06-24T17:52:39.679181,9061.459620378044,490.5235795225247,3747.9859993487685,-2.411801709061941,4.69340717387775,2.7725877413427606,28265U
2025-06-24T17:53:39.679181,8909.872487170727,771.6764787717951,3911.478503889594,-2.6409143039366563,4.677297267462485,2.6747398041846395,28265U
2025-06-24T17:54:39.679181,8744.53716146808,1051.6385457904796,4068.9203044064666,-2.870027383678811,4.653615080258805,2.570962026334306,28265U
2025-06-24T17:55:39.679181,8565.461356543321,1329.947820440815,4219.952497840965,-3.0988774471457896,4.622107540940638,2.4611547024048512,28265U
2025-06-24T17:56:39.679181,8372.669326630894,1606.1268140610184,4364.210222729203,-3.3271767268838515,4.582510911038092,2.345218838987419,28265U
2025-06-24T17:57:39.679181,8166.203394563577,1879.6818787567502,4501.322737289945,-3.5546108665729297,4.5345510965109375,2.223057264940865,28265U
2025-06-24T17:58:39.679181,7946.125622957625,2150.102600664132,4630.913569844565,-3.7808364539751222,4.477944123164509,2.094575923850932,28265U
2025-06-24T17:59:39.679181,7712.519637469396,2416.8612279734643,4752.600753183279,-4.005478411763784,4.412396807205178,1.9596853722716503,28265U
2025-06-24T18:00:39.679181,7465.492610361874,2679.4121465220255,4865.997155963895,-4.228127252624841,4.33760765671867,1.8183025093758638,28265U
2025-06-24T18:01:39.679181,7205.177412085194,2937.191418031413,4970.710925801006,-4.448336210109452,4.253268044721689,1.6703525655546567,28265U
2025-06-24T18:02:39.679181,6931.73493767561,3189.616398656878,5066.346060393022,-4.6656182631327,4.159063699623462,1.515771379172463,28265U
2025-06-24T18:03:39.679181,6645.3566134682915,3436.0854584004487,5152.503124799714,-4.879443079945866,4.054676564360261,1.354507991973458,28265U
2025-06-24T18:04:39.679181,6346.26708777335,3675.977825161028,5228.780134810861,-5.089233917136009,3.9397870809846016,1.186527594327223,28265U
2025-06-24T18:05:39.679181,6034.727106687411,3908.6535807310293,5294.77362818558,-5.2943645209647725,3.8140769629029108,1.0118148513518943,28265U
2025-06-24T18:06:39.679181,5711.036572967105,4133.453839896588,5350.079947336681,-5.4941560924101225,3.6772325219705233,0.8303776396369529,28265U
2025-06-24T18:07:39.679181,5375.537781739594,4349.7011479167,5394.296758703318,-5.6878743938449166,3.5289486218838495,0.6422512214176334,28265U
2025-06-24T18:08:39.679181,5028.618821613406,4556.700135985805,5427.024835493078,-5.874727094553867,3.36893333224386,0.44750287816058076,28265U
2025-06-24T18:09:39.679181,4670.717123316357,4753.738478731043,5447.870131547285,-6.053861474345335,3.196913358643714,0.24623701805666504,28265U
2025-06-24T18:10:39.679181,4302.323130171835,4940.088202214285,5456.446174620084,-6.224362629297573,3.0126403223386453,0.03860076126188579,28265U
2025-06-24T18:11:39.679181,3923.984055361912,5115.007395118461,5452.376807157153,-6.385252350939428,2.8158979574775205,-0.1752100078150376,28265U
2025-06-24T18:12:39.679181,3536.3076798984584,5277.742379530738,5435.299301462423,-6.535488879345887,2.6065102833317546,-0.3949441510290015,28265U
2025-06-24T18:13:39.679181,3139.966132436631,5427.530400666569,5404.867873660387,-6.673967760802031,2.3843507920805034,-0.62028840414879,28265U
2025-06-24T18:14:39.679181,2735.699577493693,5563.602896593631,5360.757616764504,-6.7995240704316995,2.149352667996632,-0.8508602064304617,28265U
2025-06-24T18:15:39.679181,2324.319722364303,5685.189409003747,5302.668867081703,-6.910936287468087,1.9015200197551203,-1.0862003538133256,28265U
2025-06-24T18:16:39.679181,1906.7130352672484,5791.52219374652,5230.332009732674,-7.006932132924577,1.6409400625301618,-1.3257656409709968,28265U
2025-06-24T18:17:39.679181,1483.8435484054855,5881.841584498943,5143.512717859164,-7.086196692780109,1.3677961292539045,-1.5689217073140245,28265U
2025-06-24T18:18:39.679181,1056.7551003147948,5955.402153844685,5042.017605772115,-7.147383150076192,1.0823813200570451,-1.8149363572537365,28265U
2025-06-24T18:19:39.679181,626.5728530055418,6011.479702397832,4925.700258591909,-7.1891264314438335,0.7851125154508903,-2.0629736837390573,28265U
2025-06-24T18:20:39.679181,194.50390219106896,6049.37908766683,4794.467579706098,-7.210060031890195,0.47654438337771626,-2.312089383268303,28265U
2025-06-24T18:21:39.679181,-238.1632150749645,6068.442879458878,4648.286372696456,-7.208836210353827,0.15738290560886667,-2.5612277059224393,28265U
2025-06-24T18:22:39.679181,-670.0603198714824,6068.06079733221,4487.190046627457,-7.184149642194251,-0.1715021601074784,-2.809220529701251,28265U
2025-06-24T18:23:39.679181,-1099.742904018573,6047.679847807658,4311.285303482185,-7.134764469294188,-0.5090665720439208,-3.054789077379507,28265U
2025-06-24T18:24:39.679181,-1525.6951535788253,6006.815035141896,4120.758635295111,-7.059544502069294,-0.8540834341973585,-3.296548797862841,28265U
2025-06-24T18:25:39.679181,-1946.3368605867547,5945.060470485631,3915.882427868036,-6.957486102277181,-1.2051384160029173,-3.533017903680726,28265U
2025-06-24T18:26:39.679181,-2360.0323654712142,5862.100652035978,3697.020440156485,-6.827753017910171,-1.5606292438305431,-3.762629983105856,28265U
2025-06-24T18:27:39.679181,-2765.1016217116317,5757.721636073371,3464.6324062140566,-6.669712164504097,-1.9187703211350735,-3.983750982410664,28265U
2025-06-24T18:28:39.679181,-3159.833406489623,5631.821769193041,3219.277493128167,-6.482969070440132,-2.277603240561163,-4.19470067706101,28265U
2025-06-24T18:29:39.679181,-3542.500617077508,5484.421610056439,2961.616346927604,-6.267401453245486,-2.6350137780489518,-4.393778521282181,28265U
2025-06-24T18:30:39.679181,-3911.377494754967,5315.672639606972,2692.411472042097,-6.023189200530778,-2.988755700961084,-4.579293491023088,28265U
2025-06-24T18:31:39.679181,-4264.758510415528,5125.8643470695215,2412.5257209855295,-5.750838926295651,-3.3364813830091,-4.749597231108556,28265U
2025-06-24T18:32:39.679181,-4600.978535064642,4915.4292898513495,2122.9187207945934,-5.451201292136242,-3.675778812755369,-4.903119506317437,28265U
2025-06-24T18:33:39.679181,-4918.433812167228,4684.945762220935,1824.6411311417098,-5.1254794474926255,-4.00421413586925,-5.038404667768368,28265U
2025-06-24T18:34:39.679181,-5215.603156634213,4435.137771969949,1518.826713718003,-4.77522726483292,-4.319378421303303,-5.154147613715015,28265U
2025-06-24T18:35:39.679181,-5491.068736733961,4166.872115287688,1206.682289183186,-4.402336518602329,-4.618936933090287,-5.249227580646584,28265U
2025-06-24T18:36:39.679181,-5743.535759194593,3881.1524539581346,889.4757604141016,-4.009012754754608,-4.9006788702283455,-5.322738074056566,28265U
2025-06-24T18:37:39.679181,-5971.850380685106,3579.1104292104496,568.5224814487692,-3.5977402753006844,-5.1625653503909374,-5.374011355300434,28265U
2025-06-24T18:38:39.679181,-6175.015214510817,3261.993983506679,245.17034150222702,-3.1712373576751176,-5.402773391509309,-5.402636143965225,28265U
2025-06-24T18:39:39.679181,-6352.2018882279135,2931.153195307881,-79.21599446945109,-2.7324034735578118,-5.619733802228616,-5.408467559241462,28265U
2025-06-24T18:40:39.679181,-6502.760231750249,2588.0240504711933,-403.271200717405,-2.2842607971083106,-5.8121612218521985,-5.391628778428935,28265U
2025-06-24T18:41:39.679181,-6626.223826639673,2234.1106680533453,-725.6452560535172,-1.8298926434337561,-5.9790750233477645,-5.35250439240629,28265U
2025-06-24T18:42:39.679181,-6722.311813862785,1870.9665602185828,-1045.018768261168,-1.3723816191006868,-6.119810362902605,-5.291725937052663,28265U
2025-06-24T18:43:39.679181,-6790.9270260205385,1500.1755309150606,-1360.1172096392656,-0.9147501875498625,-6.234019268671217,-5.2101505272477135,28265U
2025-06-24T18:44:39.679181,-6832.1506673400045,1123.3328061288355,-1669.7236836778918,-0.4599060713024073,-6.3216622488171055,-5.108833875152312,28265U
2025-06-24T18:45:39.679181,-6846.233899404703,742.0269423929952,-1972.689929139686,-0.010594468879626577,-6.382991410620602,-4.988999209207261,28265U
2025-06-24T18:46:39.679181,-6833.586794144249,357.8229863118054,-2267.9453641939076,0.4306414869042235,-6.418526476880928,-4.852003713064806,28265U
2025-06-24T18:47:39.679181,-6794.765183416208,-27.752735827226083,-2554.5040717489246,0.8614911997667056,-6.429025339452703,-4.699304078947894,28265U
2025-06-24T18:48:39.679181,-6730.455965751193,-413.2259236292965,-2831.469720323972,1.2798977643632619,-6.415450897278152,-4.5324226357033,28265U
2025-06-24T18:49:39.679181,-6641.461428065224,-797.1855349460733,-3098.03849685682,1.6840700805893454,-6.37893589897825,-4.352915295219302,28265U
2025-06-24T18:50:39.679181,-6528.683108509585,-1178.292877234295,-3353.5001947033916,2.0724866292431066,-6.320747371498312,-4.162342293303206,28265U
2025-06-24T18:51:39.679181,-6393.105672850934,-1555.288579317594,-3597.2376497299965,2.4438919205666534,-6.2422519971396655,-3.962242413471058,28265U
2025-06-24T18:52:39.679181,-6235.78120816571,-1926.997538830105,-3828.724749564538,2.7972868187085322,-6.144883534199289,-3.754111101252341,28265U
2025-06-24T18:53:39.679181,-6057.814261250942,-2292.3319973796806,-4047.5232569585205,3.131914026865838,-6.030113091780523,-3.539382623106123,28265U
2025-06-24T18:54:39.679181,-5860.347871173973,-2650.2929349937112,-4253.2786900307565,3.4472400067969375,-5.899422792361257,-3.3194162112739614,28265U
2025-06-24T18:55:39.679181,-5644.550770742438,-2999.9699988908496,-4445.7154926848625,3.742934523934676,-5.754283104998452,-3.0954859704149498,28265U
2025-06-24T18:56:39.679181,-5411.60586392728,-3340.5401911455942,-4624.6317106730685,4.018848877850767,-5.596133919309365,-2.868774204469759,28265U
2025-06-24T18:57:39.679181,-5162.700027626919,-3671.2655379515454,-4789.893365453472,4.274993718119654,-5.426369261076325,-2.6403677493896014,28265U
2025-06-24T18:58:39.679181,-4899.015237681896,-3991.4899526263757,-4941.428691650399,4.511517175276728,-5.246325424945054,-2.411256862935472,28265U
2025-06-24T18:59:39.679181,-4621.720980840985,-4300.635487839884,-5079.22237665162,4.728683869209079,-5.057272215077857,-2.182336219128135,28265U
2025-06-24T19:00:39.679181,-4331.967885898222,-4598.198152053682,-5203.309914232705,4.926855202523085,-4.860406935412956,-1.9544075743239349,28265U
2025-06-24T19:01:39.679181,-4030.882487452431,-4883.743442769359,-5313.772159220354,5.10647121013549,-4.656850750905952,-1.7281837070218382,28265U
2025-06-24T19:02:39.679181,-3719.563023441379,-5156.9017263990345,-5410.730147808064,5.268034121408967,-4.447647043144822,-1.5042932780931795,28265U
