timestamp,x_km,y_km,z_km,vx_km_s,vy_km_s,vz_km_s,name
2025-06-29T15:18:29.237757,1413.9922001015454,4186.347943547672,5626.366852707533,3.499997860199431,4.857005405084159,-4.4959380566724425,29876U
2025-06-29T15:19:29.237757,1621.0943064430087,4469.400473638184,5345.765975040832,3.4010878838339407,4.574924300226493,-4.854420297386861,29876U
2025-06-29T15:20:29.237757,1821.860023715503,4734.983007032845,5044.215849301358,3.288846435477182,4.27485815295792,-5.194001837978076,29876U
2025-06-29T15:21:29.237757,2015.50233969484,4982.051585683011,4722.89194977978,3.1637129480485355,3.9579928023440214,-5.51331274861856,29876U
2025-06-29T15:22:29.237757,2201.2622433461893,5209.635585092773,4383.049540116198,3.0261813431067583,3.6255863165191005,-5.811064859719784,29876U
2025-06-29T15:23:29.237757,2378.411938991468,5416.841894603613,4026.018580645041,2.8767980871527414,3.278963689501087,-6.0860580268221725,29876U
2025-06-29T15:24:29.237757,2546.2579349696184,5602.858766737446,3653.198270003002,2.71615993907726,2.919511103623942,-6.3371860150630575,29876U
2025-06-29T15:25:29.237757,2704.1439883035036,5766.959310094821,3266.0512454275386,2.544911394820708,2.548669785216144,-6.563441946406999,29876U
2025-06-29T15:26:29.237757,2851.4538873587803,5908.504602158726,2866.097469600247,2.3637418395337386,2.1679294880650066,-6.763923254746848,29876U
2025-06-29T15:27:29.237757,2987.614055217252,6026.946400633521,2454.907835161867,2.1733824218423012,1.778821645878709,-6.937836097264525,29876U
2025-06-29T15:28:29.237757,3112.0959574919434,6121.829434630304,2034.0975210597146,1.9746026690993597,1.3829122411705441,-7.08449917505271,29876U
2025-06-29T15:29:29.237757,3224.4182995776555,6192.793260060081,1605.3191375999104,1.7682068666158686,0.981794443528734,-7.203346921869656,29876U
2025-06-29T15:30:29.237757,3324.148999843894,6239.573666965319,1170.2556993914811,1.5550302276753558,0.5770810749080342,-7.293932026905907,29876U
2025-06-29T15:31:29.237757,3410.906927014443,6262.003630148701,730.6134672187276,1.3359348845272347,0.17039696321665293,-7.355927265419025,29876U
2025-06-29T15:32:29.237757,3484.3633919091862,6260.013798274961,288.11470120942465,1.111805733414276,-0.23662875205851275,-7.389126619835922,29876U
2025-06-29T15:33:29.237757,3544.2433858117433,6233.6325205509975,-155.50963156312125,0.8835461689257605,-0.642370297240729,-7.393445683200421,29876U
2025-06-29T15:34:29.237757,3590.326559929731,6182.985414048476,-598.5271517181714,0.6520737445091727,-1.04521286002921,-7.3689213464017485,29876U
2025-06-29T15:35:29.237757,3622.447942687376,6108.294478639271,-1039.2113215257239,0.4183157967689839,-1.4435600398411965,-7.315710780195012,29876U
2025-06-29T15:36:29.237757,3640.4983938841197,6009.876770285287,-1475.8486162517165,0.1832050712094463,-1.8358410922524562,-7.234089732352484,29876U
2025-06-29T15:37:29.237757,3644.4247970208585,5888.142646982539,-1906.7455725022164,-0.052324613660079,-2.220517910790691,-7.124450169110831,29876U
2025-06-29T15:38:29.237757,3634.229993289572,5743.593604933867,-2330.2356752400437,-0.2873426284167014,-2.596091694359983,-6.987297298168735,29876U
2025-06-29T15:39:29.237757,3609.9724627987543,5576.819725454018,-2744.6860476688826,-0.520925687738007,-2.96110925453632,-6.823246017633915,29876U
2025-06-29T15:40:29.237757,3571.7657605263253,5388.496755643265,-3148.50391109727,-0.7521618678474663,-3.3141689236974585,-6.633016841344408,29876U
2025-06-29T15:41:29.237757,3519.777716218575,5179.382847963079,-3540.1427851318863,-0.98015445921095,-3.653926032235219,-6.417431355762058,29876U
2025-06-29T15:42:29.237757,3454.2294089610323,4950.314985484915,-3918.1084020217554,-1.204025631036594,-3.9790979307310352,-6.177407267066359,29876U
2025-06-29T15:43:29.237757,3375.393928412901,4702.205120747682,-4280.964312601881,-1.4229198881729619,-4.2884685407446295,-5.9139530991164175,29876U
2025-06-29T15:44:29.237757,3283.5949357084223,4436.036056853956,-4627.33716497591,-1.6360073052311404,-4.58089242555367,-5.628162603597813,29876U
2025-06-29T15:45:29.237757,3179.2050377792993,4152.857099673279,-4955.92164075111,-1.8424865270548574,-4.8552983795892155,-5.321208942970475,29876U
2025-06-29T15:46:29.237757,3062.643989344386,3853.779509828982,-5265.485037216488,-2.041587528910468,-5.110692542251484,-4.994338704863947,29876U
2025-06-29T15:47:29.237757,2934.3767370544856,3539.9717825604807,-5554.87148726229,-2.232574133853107,-5.346161048097913,-4.648865803444929,29876U
2025-06-29T15:48:29.237757,2794.9113202859644,3212.6547826191145,-5823.005812015881,-2.4147462885458695,-5.560872230935769,-4.286165319152336,29876U
2025-06-29T15:49:29.237757,2644.7966428680643,2873.0967601269795,-6068.897004059145,-2.587442102274927,-5.754078404014312,-3.9076673232282504,29876U
2025-06-29T15:50:29.237757,2484.6201296295217,2522.6082718591874,-6291.641341657089,-2.7500396569420635,-5.92511724222285,-3.5148507278520476,29876U
2025-06-29T15:51:29.237757,2315.00528108987,2162.5370307619664,-6490.425136634381,-2.9019585983690606,-6.073412794914687,-3.109237196606192,29876U
2025-06-29T15:52:29.237757,2136.609138930347,1794.2627047519418,-6664.527120369491,-3.0426615212749395,-6.198476159681663,-2.692385143662876,29876U
2025-06-29T15:53:29.237757,1950.1196740913288,1419.1916840149527,-6813.32047382863,-3.1716551617653113,-6.29990584811619,-2.265883843675448,29876U
2025-06-29T15:54:29.237757,1756.253108490846,1038.7518341939383,-6936.274508638595,-3.2884914120959805,-6.3773878743628645,-1.8313476680742262,29876U
2025-06-29T15:55:29.237757,1555.751180474093,654.3872510760878,-7032.956006915091,-3.392768172852139,-6.43069559614951,-1.3904104574733762,29876U
2025-06-29T15:56:29.237757,1349.378363218713,267.55303070923117,-7103.03022794495,-3.4841300575446437,-6.459689336088431,-0.9447200343505563,29876U
2025-06-29T15:57:29.237757,1137.9190444618957,-120.28993266594036,-7146.261589900541,-3.562268964004692,-6.4643158084615635,-0.49593285519247127,29876U
2025-06-29T15:58:29.237757,922.1746751114568,-507.6801098489779,-7162.514034580237,-3.626924525908348,-6.444607373567669,-0.0457087970222852,29876U
2025-06-29T15:59:29.237757,702.960893573436,-893.1604512299747,-7151.75108276524,-3.6778844563409336,-6.400681138146991,0.4042939302838284,29876U
2025-06-29T16:00:29.237757,481.10463199462606,-1275.2834437591207,-7114.0355872069595,-3.714984793585582,-6.3327379165427224,0.8524237571600406,29876U
2025-06-29T16:01:29.237757,257.441210091703,-1652.6161021607388,-7049.529189559971,-3.7381100573608226,-6.241061063244686,1.2970406260809564,29876U
2025-06-29T16:02:29.237757,32.81142183222281,-2023.744886705188,-6958.4914868034375,-3.7471933216125763,-6.126015183421889,1.7365207758922128,29876U
2025-06-29T16:03:29.237757,-191.94138004982557,-2387.280540113306,-6841.278911897158,-3.7422162077613352,-5.9880447241135855,2.169261452873935,29876U
2025-06-29T16:04:29.237757,-415.9741968761065,-2741.862836209872,-6698.343332644509,-3.7232088000879826,-5.827672445030931,2.5936855619550783,29876U
2025-06-29T16:05:29.237757,-638.447289386476,-3086.1652327836123,-6530.230372026968,-3.690249482782123,-5.645497764529858,3.00824627003133,29876U
2025-06-29T16:06:29.237757,-858.5270707553175,-3418.899420771309,-6337.57745267335,-3.643464696140269,-5.442194973343926,3.4114315711967613,29876U
2025-06-29T16:07:29.237757,-1075.3889821765686,-3738.819761391894,-6121.111567666384,-3.5830286075472415,-5.218511306190919,3.8017688209745213,29876U
2025-06-29T16:08:29.237757,-1288.220345634706,-4044.72760224005,-5881.646779598418,-3.5091626912547005,-4.975264859452492,4.177829243424316,29876U
2025-06-29T16:09:29.237757,-1496.223188098727,-4335.475462643284,-5620.081449691487,-3.422135209630824,-4.713342341815756,4.538232411428596,29876U
2025-06-29T16:10:29.237757,-1698.617030929754,-4609.971077825767,-5337.39519890826,-3.3222605875292444,-4.43369664408753,4.881650696633789,29876U
2025-06-29T16:11:29.237757,-1894.6416377874446,-4867.181290628055,-5034.645603329443,-3.209898670746233,-4.137344214372802,5.206813681549174,29876U
2025-06-29T16:12:29.237757,-2083.5597138295934,-5106.135778810493,-4712.964626583065,-3.085453859191532,-3.8253622253650588,5.512512522395384,29876U
2025-06-29T16:13:29.237757,-2264.6595483981105,-5325.930605163298,-4373.554792991998,-2.9493741054729585,-3.4988855218139747,5.797604247323792,29876U
2025-06-29T16:14:29.237757,-2437.2575929469085,-5525.731577127341,-4017.68510597839,-2.802149769952647,-3.159103337912061,6.061015971133036,29876U
2025-06-29T16:15:29.237757,-2600.7009654092176,-5704.777402024058,-3646.6867175574585,-2.6443123241221222,-2.8072557767628386,6.301749004187708,29876U
2025-06-29T16:16:29.237757,-2754.369871795767,-5862.382623665811,-3261.948356076985,-2.476432895209278,-2.444630046828237,6.518882830415012,29876U
2025-06-29T16:17:29.237757,-2897.679935434139,-5997.940325899512,-2864.9115209014794,-2.2991206463223386,-2.0725564534367913,6.7115789268580786,29876U
2025-06-29T16:18:29.237757,-3030.0844239747344,-6110.9245886219105,-2457.065454388967,-2.1130209880858586,-1.6924041469003173,6.879084395461701,29876U
2025-06-29T16:19:29.237757,-3151.0763641013864,-6200.8926819905655,-2039.9419032524638,-1.9188136195983416,-1.3055766324637776,7.020735376587659,29876U
2025-06-29T16:20:29.237757,-3260.190533808578,-6267.486984954907,-1615.109683196506,-1.717210398588304,-0.9135070510993489,7.135960213243591,29876U
2025-06-29T16:21:29.237757,-3357.005322151346,-6310.436614850249,-1184.169062536087,-1.5089530428141915,-0.5176532439531936,7.224282335178512,29876U
2025-06-29T16:22:29.237757,-3441.1444465445525,-6329.558755635085,-748.7459823004094,-1.2948106669858708,-0.119492616961187,7.285322832850835,29876U
2025-06-29T16:23:29.237757,-3512.2785179883062,-6324.759673401274,-310.4861320615085,-1.0755771617257825,0.2794831743267257,7.318802692791589,29876U
2025-06-29T16:24:29.237757,-3570.1264450266303,-6296.035409037729,128.95109763455366,-0.8520684232754102,0.6777736964307575,7.324544668031235,29876U
2025-06-29T16:25:29.237757,-3614.4566678020915,-6243.472139363926,567.8987638472289,-0.6251194447348835,1.0738753399663181,7.302474759977478,29876U
2025-06-29T16:26:29.237757,-3645.0882142462647,-6167.246199648637,1004.6885971068264,-0.3955812815418524,1.466287023397674,7.252623291354172,29876U
2025-06-29T16:27:29.237757,-3661.891571231656,-6067.6237621672535,1437.6572796892194,-0.16431790560809703,1.8535159679536144,7.1751255534523715,29876U
2025-06-29T16:28:29.237757,-3664.789364396488,-5944.960167297856,1865.1527504974551,0.06779703601164462,2.234083511734321,7.070222014906515,29876U
2025-06-29T16:29:29.237757,-3653.7568413213353,-5799.6989055812255,2285.5405100522785,0.29988354087242175,2.6065309302026067,6.93825808338434,29876U
2025-06-29T16:30:29.237757,-3628.8221537722343,-5632.370251138718,2697.2098986494784,0.5310586314106363,2.969425230005319,6.779683415855113,29876U
2025-06-29T16:31:29.237757,-3590.0664358075187,-5443.589548821204,3098.580320551016,0.7604397773041224,3.32136488340233,6.595050777360345,29876U
2025-06-29T16:32:29.237757,-3537.6236756577123,-5234.055159416392,3488.1073871403482,0.9871483412989468,3.660985471468669,6.385014452337888,29876U
2025-06-29T16:33:29.237757,-3471.6803804086317,-5004.546069139473,3864.2889522792952,1.2103130300185128,3.98696520563408,6.15032821643399,29876U
2025-06-29T16:34:29.237757,-3392.47503362772,-4755.919171441861,4225.671013643148,1.4290733317212976,4.2980302989760695,5.891842880274661,29876U
2025-06-29T16:35:29.237757,-3300.2973471544483,-4489.106230867726,4570.853454559277,1.6425829237090663,4.592960160908945,5.610503419768371,29876U
2025-06-29T16:36:29.237757,-3195.4873093097526,-4205.11054024644,4898.49560180667,1.8500130330692932,4.870592391422973,5.307345710103009,29876U
2025-06-29T16:37:29.237757,-3078.4340327522805,-3905.0032839129453,5207.321575919691,2.050555735616757,5.129827553725085,4.983492882626539,29876U
2025-06-29T16:38:29.237757,-2949.574406108921,-3589.919620886971,5496.125411742937,2.243427179224224,5.36963370690708,4.640151325232407,29876U
2025-06-29T16:39:29.237757,-2809.3915543246467,-3261.0545030107655,5763.775928271124,2.427870719140742,5.589050683010127,4.27860634769902,29876U
2025-06-29T16:40:29.237757,-2658.4131134071104,-2919.658243945835,6009.221328140379,2.6031599543233797,5.787194095456708,3.900217533676532,29876U
2025-06-29T16:41:29.237757,-2497.2093258843915,-2567.03185567225,6231.493508478839,2.7686016551890145,5.963259068179496,3.506413800718962,29876U
2025-06-29T16:42:29.237757,-2326.3909638514874,-2204.522169731427,6429.712066144044,2.923538574465372,6.1165236768020295,3.098688188991604,29876U
2025-06-29T16:43:29.237757,-2146.607086960988,-1833.516760930203,6603.087981640521,3.0673521339238414,6.246352094839206,2.6785923981383264,29876U
2025-06-29T16:44:29.237757,-1958.5426431254225,-1455.4386916020758,6750.926967202258,3.199464980662929,6.352197439032011,2.247731090379176,29876U
2025-06-29T16:45:29.237757,-1762.915920057541,-1071.7410948335978,6872.632465623696,3.319343407236928,6.433604308575016,1.8077559763554583,29876U
2025-06-29T16:46:29.237757,-1560.475856095571,-683.901615337729,6967.708287422346,3.4264996302643422,6.490211013129382,1.3603596986815278,29876U
2025-06-29T16:47:29.237757,-1351.9992190639873,-293.41672692948265,7035.760874815118,3.5204939221883556,6.521751484155213,0.9072695267476448,29876U
2025-06-29T16:48:29.237757,-1138.287662221568,98.20405414478833,7076.501181800611,3.6009365906026587,6.528056863293733,0.4502408751778116,29876U
2025-06-29T16:49:29.237757,-920.1646666705868,489.4440404183996,7089.746160376994,3.6674897990168613,6.509056760351866,-0.008949342379514048,29876U
2025-06-29T16:50:29.237757,-698.4723799583984,878.7853089187175,7075.419843618483,3.7198692221534304,6.464780171989707,-0.46850951265284263,29876U
2025-06-29T16:51:29.237757,-474.06836101147985,1264.7146808226585,7033.5540170156655,3.7578455278939735,6.39535605060261,-0.9266402634513224,29876U
2025-06-29T16:52:29.237757,-247.82224201529556,1645.729723859969,6964.288470196474,3.7812456768922247,6.301013511260915,-1.3815415326806375,29876U
2025-06-29T16:53:29.237757,-20.612318395623817,2020.3447555387631,6867.87082192911,3.7899540297221725,6.182081663068518,-1.8314197508698178,29876U
2025-06-29T16:54:29.237757,206.67792132521933,2387.096824437421,6744.6559122119015,3.783913250317708,6.038989050079357,-2.2744951198818764,29876U
2025-06-29T16:55:29.237757,433.1633133387427,2744.5516459053806,6595.104756321955,3.763124993478094,5.872262686115688,-2.7090089672931796,29876U
2025-06-29T16:56:29.237757,657.9605708199715,3091.3094675626326,6419.783056968372,3.7276503634513767,5.682526667606272,-3.133231152147352,29876U
2025-06-29T16:57:29.237757,880.191856657942,3426.0108390311607,6219.359272209876,3.6776101301560833,5.470500349024949,-3.5454674935490877,29876U
2025-06-29T16:58:29.237757,1098.9883618294461,3747.3422594065596,5994.602238583327,3.6131846895400463,5.236996066762027,-3.944067189001149,29876U
2025-06-29T16:59:29.237757,1313.4938737829962,4054.0416751453245,5746.378350961909,3.53461375497204,4.982916399367734,-4.327430184695084,29876U
2025-06-29T17:00:29.237757,1522.8683184144488,4344.903800351001,5475.648303029363,3.442195767470601,4.709250955103099,-4.694014455334917,29876U
2025-06-29T17:01:29.237757,1726.2912584948388,4618.785230951138,5183.463394910226,3.3362870140261554,4.41707268161382,-5.042343146721038,29876U
2025-06-29T17:02:29.237757,1922.9653307896797,4874.6093240208575,4870.961417414944,3.2173004452800713,4.107533697260915,-5.371011530464145,29876U
2025-06-29T17:03:29.237757,2112.1196036246624,5111.370813584526,4539.362125502554,3.085704186371464,3.7818606491092304,-5.678693717052364,29876U
2025-06-29T17:04:29.237757,2293.0128363297245,5328.140134645408,4189.96231689985,2.9420197378201722,3.4413496086831863,-5.964149071235257,29876U
2025-06-29T17:05:29.237757,2464.9366218820305,5524.067428018651,3824.1305352524396,2.786819866810288,3.0873605231619043,-6.226228272520127,29876U
2025-06-29T17:06:29.237757,2627.218394170844,5698.386199767965,3443.3014206869616,2.6207261931056607,2.7213112465548943,-6.463878963591825,29876U
2025-06-29T17:07:29.237757,2779.2242816652897,5850.416610712333,3048.9697341228625,2.444406477954912,2.3446711823365143,-6.676150930797919,29876U
2025-06-29T17:08:29.237757,2920.3617898809825,5979.56837355946,2642.684085022258,2.258571628620096,1.9589545758221572,-6.862200763513659,29876U
2025-06-29T17:09:29.237757,3050.0822959244406,6085.343237728647,2226.0403954133703,2.0639724354618894,1.5657135010107275,-7.02129594322363,29876U
2025-06-29T17:10:29.237757,3167.8833395415013,6167.337044816877,1800.6751358862157,1.8613960627048889,1.1665305924812879,-7.152818318474155,29876U
2025-06-29T17:11:29.237757,3273.3106964978556,6225.24134089583,1368.2583717545035,1.6516623179559218,0.7630115780095748,-7.2562669283646155,29876U
2025-06-29T17:12:29.237757,3365.9602217547326,6258.844535347508,930.4866596430634,1.4356197291340536,0.3567776716901844,-7.331260144805385,29876U
2025-06-29T17:13:29.237757,3445.479451747243,6268.032599688744,489.07583632309075,1.214141460572033,-0.05054210964852837,-7.377537112193167,29876U
2025-06-29T17:14:29.237757,3511.56895708996,6252.7893037233,45.75374264165371,0.9881211025692681,-0.4573186421706776,-7.394958472215789,29876U
2025-06-29T17:15:29.237757,3563.983439185436,6213.195990316123,-397.74707415955874,0.7584683705323043,-0.8619303378536224,-7.383506370955903,29876U
2025-06-29T17:16:29.237757,3602.532566453522,6149.430894024143,-839.696636583547,0.5261047509706461,-1.2627706702030863,-7.343283755054774,29876U
2025-06-29T17:17:29.237757,3627.0815481831014,6061.7680126592195,-1278.3747490522721,0.2919591319897177,-1.658255520816605,-7.274512973159706,29876U
2025-06-29T17:18:29.237757,3637.551446288146,5950.575544521022,-1712.0781049940645,0.05696345552771459,-2.0468302881540046,-7.177533707950813,29876U
2025-06-29T17:19:29.237757,3633.919227476911,5816.313907447215,-2139.1272495568824,-0.17795157256309124,-2.4269767044236974,-7.052800272481232,29876U
2025-06-29T17:20:29.237757,3616.217560472017,5659.533358918527,-2557.8733609847704,-0.41186068035005,-2.7972193120573174,-6.900878312147752,29876U
2025-06-29T17:21:29.237757,3584.534364909027,5480.871239171554,-2966.704816441494,-0.6438481038364575,-3.156131557649082,-6.7224409601473,29876U
2025-06-29T17:22:29.237757,3539.0121203534413,5281.0488615680915,-3364.0535111680074,-0.8730115085053496,-3.5023414682946417,-6.518264499616435,29876U
2025-06-29T17:23:29.237757,3479.8469454810142,5060.868076314355,-3748.400903237027,-1.0984657332828518,-3.834536882767639,-6.289223589684721,29876U
2025-06-29T17:24:29.237757,3407.287458839493,4821.207535001379,-4118.283759732122,-1.319346335718773,-4.151470217703928,-6.036286115334858,29876U
2025-06-29T17:25:29.237757,3321.6334337341486,4563.018684340163,-4472.299583851349,-1.5348129213333748,-4.451962756714506,-5.76050772222758,29876U
2025-06-29T17:26:29.237757,3223.2342606456546,4287.321517905854,-4809.1117061236255,-1.7440522443496347,-4.734908457903266,-5.463026097543912,29876U
2025-06-29T17:27:29.237757,3112.4872311954887,3995.2001147019773,-5127.454026553206,-1.9462810713037737,-4.999277282435761,-5.145055056483269,29876U
2025-06-29T17:28:29.237757,2989.8356580260875,3687.797992941463,-5426.135397997775,-2.1407488031875173,-5.2441180534145015,-4.807878491433822,29876U
2025-06-29T17:29:29.237757,2855.7668450724605,3366.3133066579435,-5704.043644370199,-2.3267398557161454,-5.468560860215352,-4.452844237135166,29876U
2025-06-29T17:30:29.237757,2710.809922587567,3031.9939116572614,-5960.149210275895,-2.503575800943105,-5.671819028506876,-4.081357900541428,29876U
2025-06-29T17:31:29.237757,2555.533560967911,2686.1323259510473,-6193.508441410106,-2.67061727667279,-5.853190680319778,-3.6948766987442387,29876U
2025-06-29T17:32:29.237757,2390.54357693529,2330.0606082374406,-6403.266497408409,-2.8272656728949306,-6.012059911699267,-3.294903342418083,29876U
2025-06-29T17:33:29.237757,2216.480444997181,1965.1451762745476,-6588.659900842421,-2.972964606725254,-6.147897617629191,-2.882979996008366,29876U
2025-06-29T17:34:29.237757,2034.0167263615517,1592.7815851830908,-6749.018727675329,-3.1072011990612984,-6.260261995071776,-2.4606823394842556,29876U
2025-06-29T17:35:29.237757,1843.8544266567392,1214.3892838803267,-6883.768445733459,-3.229507167332275,-6.348798755149226,-2.0296137501207516,29876U
2025-06-29T17:36:29.237757,1646.722292935399,831.4063660395799,-6992.431408624834,-3.3394597493427804,-6.413241074765295,-1.59139961663313,29876U
2025-06-29T17:37:29.237757,1443.373059554581,445.28433023808935,-7074.628013063453,-3.4366824733011594,-6.453409316406314,-1.147681792223615,29876U
2025-06-29T17:38:29.237757,1234.580651652748,57.482862347817786,-7130.0775277668745,-3.520845788714618,-6.469210542573472,-0.7001131878610283,29876U
2025-06-29T17:39:29.237757,1021.1373541144968,-330.53534822795245,-7158.598602023076,-3.5916675719734386,-6.460637848396524,-0.25035250251419544,29876U
2025-06-29T17:40:29.237757,803.8509531500522,-717.3097481310524,-7160.109461709898,-3.6489135191875293,-6.427769532590164,0.1999409168016574,29876U
2025-06-29T17:41:29.237757,583.5418569388319,-1101.3870061479927,-7134.627800044613,-3.6923974372450483,-6.37076812317082,0.6491120953622233,29876U
2025-06-29T17:42:29.237757,361.04020121162665,-1481.326037367797,-7082.270369689693,-3.7219814422035946,-6.289879270388824,1.0955153438567946,29876U
2025-06-29T17:43:29.237757,137.18294518450145,-1855.7029575280371,-7003.252282093855,-3.7375760720718207,-6.1854305152837945,1.5375190780376444,29876U
2025-06-29T17:44:29.237757,-87.18903707953204,-2223.115960039243,-6897.886019154439,-3.7391403188675754,-6.057829938268795,1.9735105591123014,29876U
2025-06-29T17:45:29.237757,-311.2338650172892,-2582.1901083166313,-6766.58016149589,-3.726681582621307,-5.907564688314215,2.401900568741205,29876U
2025-06-29T17:46:29.237757,-534.1115548423553,-2931.5820359755958,-6609.83783691495,-3.7002555478025516,-5.735199389746504,2.8211280313667086,29876U
2025-06-29T17:47:29.237757,-754.9869129372107,-3269.984547184284,-6428.254891887797,-3.659965980549347,-5.5413744205005315,3.2296645947504734,29876U
2025-06-29T17:48:29.237757,-973.0324143945412,-3596.1311090376066,-6222.517788504943,-3.605964443138723,-5.326804052951752,3.6260191771200114,29876U
2025-06-29T17:49:29.237757,-1187.4310614871767,-3908.800227251151,-5993.401228827771,-3.5384499204057294,-5.092274446275329,4.008742486320082,29876U
2025-06-29T17:50:29.237757,-1397.379216500308,-4206.819695800335,-5741.765508473266,-3.4576683513474014,-4.838641477688156,4.3764315129364855,29876U
2025-06-29T17:51:29.237757,-1602.0894029407507,-4489.070710387635,-5468.553601248465,-3.36391205797584,-4.566828398960003,4.727733995629026,29876U
2025-06-29T17:52:29.237757,-1800.7930686602115,-4754.491834838841,-5174.787976890657,-3.2575190626423622,-4.277823304254033,5.06135285298987,29876U
2025-06-29T17:53:29.237757,-1992.7433039155912,-5002.082808749596,-4861.567154426129,-3.138872284563235,-3.9726763956725772,5.376050572262023,29876U
2025-06-29T17:54:29.237757,-2177.2175068564734,-5230.908183957458,-4530.061994342442,-3.008398606148735,-3.6524970338288694,5.670653541324986,29876U
2025-06-29T17:55:29.237757,-2353.5199883984333,-5440.100776737343,-4181.511733671785,-2.8665677999735983,-3.3184505623091307,5.944056306597056,29876U
2025-06-29T17:56:29.237757,-2520.9845079338465,-5628.864922044597,-3817.2197691888286,-2.713891307819988,-2.9717548969819507,6.195225736030003,29876U
2025-06-29T17:57:29.237757,-2678.9767308641685,-5796.47951568459,-3438.54919522589,-2.550920864159127,-2.6136768737011917,6.423205063274603,29876U
2025-06-29T17:58:29.237757,-2826.8965985324053,-5942.3008300023,-3046.91810407003,-2.3782469576876126,-2.2455283509565733,6.627117786471184,29876U
2025-06-29T17:59:29.237757,-2964.1806008062395,-6065.765088577824,-2643.7946585090153,-2.1964971260680035,-1.8686620673758758,6.8061713930385155,29876U
2025-06-29T18:00:29.237757,-3090.30394132619,-6166.390785503942,-2230.6919478025284,-2.006334080799598,-1.4844672575843496,6.959660880359801,29876U
2025-06-29T18:01:29.237757,-3204.7825853039294,-6243.7807351224865,-1809.162640136155,-1.8084536611183057,-1.094365033683224,7.0869720414409425,29876U
2025-06-29T18:02:29.237757,-3307.1751797426477,-6297.623838613801,-1380.7934464324874,-1.603582617943358,-0.6998035434230178,7.187584484469873,29876U
2025-06-29T18:03:29.237757,-3397.0848360615287,-6327.696554571737,-947.199412207952,-1.3924762310981746,-0.302252919918356,7.261074355745535,29876U
2025-06-29T18:04:29.237757,-3474.160765346098,-6333.864061650416,-510.01805593610334,-1.1759157652763041,0.09679995862041879,7.30711673666145,29876U
2025-06-29T18:05:29.237757,-3538.0997568150233,-6316.081102531187,-70.90337407064501,-0.9547057724425145,0.49585687727087446,7.325487687293384,29876U
2025-06-29T18:06:29.237757,-3588.6474905920913,-6274.392499813288,368.4802655432245,-0.7296712504968599,0.8934138359620226,7.316065911607139,29876U
2025-06-29T18:07:29.237757,-3625.5996764927427,-6208.933335961906,806.4643187163412,-0.5016546700304738,1.287966716618678,7.2788340223075805,29876U
2025-06-29T18:08:29.237757,-3648.803011270839,-6119.928791127889,1241.3823240252623,-0.2715128828158949,1.6780170360937428,7.213879386815304,29876U
2025-06-29T18:09:29.237757,-3658.155947612028,-6007.693634458152,1671.5762005526658,-0.040113927254836534,2.062077753427607,7.121394539690411,29876U
2025-06-29T18:10:29.237757,-3653.6092690910505,-5872.631366412757,2095.4025580213643,0.19166625268555995,2.438679098868865,7.001677150920788,29876U
2025-06-29T18:11:29.237757,-3635.166466316341,-5715.233011562672,2511.2389925215225,0.42294715751040335,2.806374391567583,6.855129543743832,29876U
2025-06-29T18:12:29.237757,-3602.8839105480943,-5536.075563325155,2917.49034072272,0.6528471329889933,3.1637458129180684,6.682257759959715,29876U
2025-06-29T18:13:29.237757,-3556.8708221765164,-5335.820084068638,3312.5948654084978,0.8804868031328055,3.509410103163091,6.48367017490418,29876U
2025-06-29T18:14:29.237757,-3497.2890325662343,-5115.209465952159,3695.0303453656343,1.1049925167752928,3.8420241500407126,6.2600756682660865,29876U
2025-06-29T18:15:29.237757,-3424.352538889752,-4875.0658597219135,4063.3200430981924,1.3254997894777558,4.160290439910834,6.012281360650124,29876U
2025-06-29T18:16:29.237757,-3338.3268526695515,-4616.287780443721,4416.0385244904655,1.5411567230905638,4.462962343863881,5.741189929104486,29876U
2025-06-29T18:17:29.237757,-3239.5281438061315,-4339.846900778903,4751.817305395428,1.7511273861702468,4.748849213709966,5.447796517674043,29876U
2025-06-29T18:18:29.237757,-3128.322182872173,-4046.784543890879,5069.350301147815,1.9545951395476662,5.016821265377642,5.133185261336474,29876U
2025-06-29T18:19:29.237757,-3005.123085388302,-3738.2078893905928,5367.399056155238,2.150765892605493,5.265814230007561,4.798525443393353,29876U
2025-06-29T18:20:29.237757,-2870.3918626520795,-3415.2859068783023,5644.797731978114,2.3388712772002256,5.494833755804711,4.445067307497115,29876U
2025-06-29T18:21:29.237757,-2724.634784464025,-3079.245032621157,5900.45783362634,2.518171727588532,5.702959546397298,4.074137546009741,29876U
2025-06-29T18:22:29.237757,-2568.401559777239,-2731.3646057212536,6133.372655146854,2.6879594561275164,5.889349223940707,3.687134486336853,29876U
2025-06-29T18:23:29.237757,-2402.2833418947034,-2372.9720807945046,6342.621426911746,2.847561315847356,6.053241907398659,3.285522996325181,29876U
2025-06-29T18:24:29.237757,-2226.910565352545,-2005.4380347109206,6527.373148314564,2.9963415421829676,6.1939614982514914,2.8708291288285466,29876U
2025-06-29T18:25:29.237757,-2042.9506220705052,-1630.170985369085,6686.890090813409,3.1337043671434595,6.310919667253126,2.4446345242454903,29876U
2025-06-29T18:26:29.237757,-1851.1053847321436,-1248.6120408166482,6820.5309574061575,3.2590964999492247,6.403618536741797,2.0085705883273715,29876U
2025-06-29T18:27:29.237757,-1652.1085856947013,-862.2293973181298,6927.753685672033,3.3720094686417608,6.471653053382063,1.5643124609860508,29876U
2025-06-29T18:28:29.237757,-1446.7230600371665,-472.5127052400167,7008.117882462311,3.4719818173514403,6.514713046084829,1.1135727903324582,29876U
2025-06-29T18:29:29.237757,-1235.7378616561398,-80.96732190704215,7061.286879175412,3.5586011537873614,6.532584963249513,0.6580953248978143,29876U
2025-06-29T18:30:29.237757,-1019.9652616286372,310.891529093216,7087.029397323819,3.631506041103332,6.525153282461294,0.19964833605775428,29876U
2025-06-29T18:31:29.237757,-800.2376384005079,701.544672286039,7085.220814813419,3.6903877276224524,6.49240158444111,-0.2599821177735274,29876U
2025-06-29T18:32:29.237757,-577.4042697424217,1089.4749480142016,7055.844024042977,3.7349917070143253,6.43441328149865,-0.7189990734890993,29876U
2025-06-29T18:33:29.237757,-352.32803685612754,1473.1732125406015,6998.989873627901,3.765119100473303,6.351371989106617,-1.1756016797066746,29876U
2025-06-29T18:34:29.237757,-125.88205152431043,1851.1443489297262,6914.85718630222,3.7806278513147,6.24356152764193,-1.627992333302371,29876U
2025-06-29T18:35:29.237757,101.05378222193977,2221.9132663051764,6803.752346399974,3.7814337212721987,6.11136553997655,-2.074383919907991,29876U
2025-06-29T18:36:29.237757,327.59625979024554,2584.030864209204,6666.08845130788,3.767511076732481,5.955266709598741,-2.5130071393277245,29876U
2025-06-29T18:37:29.237757,552.8624082221135,2936.079937859371,6502.384022459002,3.7388934522748243,5.775845563449203,-2.942117893313458,29876U
2025-06-29T18:38:29.237757,775.9730452772764,3276.6809991388736,6313.261272841227,3.6956738782836536,5.573778843798352,-3.3600047090957688,29876U
2025-06-29T18:39:29.237757,996.0563509825881,3604.4979872155395,6099.443929656379,3.638004959157766,5.34983743437756,-3.764996167640021,29876U
2025-06-29T18:40:29.237757,1212.2514364029264,3918.2438418061074,5861.754612708687,3.5660986888221573,5.1048838276943505,-4.1554683009487015,29876U
2025-06-29T18:41:29.237757,1423.7118935909764,4216.68591134149,5601.11177133701,3.480225990920356,4.839869123056368,-4.529851918054621,29876U
2025-06-29T18:42:29.237757,1629.609309922445,4498.651167704655,5318.526185230382,3.380715972266113,4.555829548313155,-4.88663981485716,29876U
2025-06-29T18:43:29.237757,1829.136729354382,4763.031198856347,5015.097037269414,3.267954879885851,4.2538825026741875,-5.224393818854838,29876U
2025-06-29T18:44:29.237757,2021.5120425959794,5008.786950595586,4692.007569583206,3.1423847542847043,3.935222123104383,-5.541751616344801,29876U
2025-06-29T18:45:29.237757,2205.9812877848344,5234.953188965558,4350.520337263723,3.004501774393695,3.6011143826314878,-5.837433306989619,29876U
2025-06-29T18:46:29.237757,2381.8218430516345,5440.642655454952,3991.9720775781266,2.854854292954344,3.2528917352787525,-6.110247628979958,29876U
2025-06-29T18:47:29.237757,2548.3454923596455,5625.049888189307,3617.768216000565,2.6940405647981893,2.89194732909003,-6.359097797496573,29876U
2025-06-29T18:48:29.237757,2704.9013462480375,5787.4546837785665,3229.3770338676845,2.5227061744887234,2.519728815640905,-6.58298689991452,29876U
2025-06-29T18:49:29.237757,2850.8785996037436,5927.225176386825,2828.3235258712602,2.3415411740066157,2.1377317913207032,-6.781022793260151,29876U
2025-06-29T18:50:29.237757,2985.709109348262,6043.820512915628,2416.1829788443592,2.1512769454504546,1.7474929122964138,-6.952422452854806,29876U
2025-06-29T18:51:29.237757,3108.8697759527154,6136.793105915639,1994.5743062935933,1.9526828079686092,1.350582731214267,-7.096515725824991,29876U
2025-06-29T18:52:29.237757,3219.884713979988,6205.790448927855,1565.1531757987707,1.746562392201268,0.9485983091476322,-7.212748449148634,29876U
2025-06-29T18:53:29.237757,3318.3271983832847,6250.556482356689,1129.604968659711,1.533749809263328,0.5431556608624413,-7.300684899016984,29876U
2025-06-29T18:54:29.237757,3403.8213750391783,6270.93250162813,689.6376129640354,1.3151056446228604,0.13588209498979467,-7.360009546346903,29876U
2025-06-29T18:55:29.237757,3476.04372593262,6266.857603219011,246.9743325170482,1.0915128100147005,-0.2715914869692894,-7.3905281020768,29876U
2025-06-29T18:56:29.237757,3534.7242815024356,6238.368668079519,-196.65364521987755,0.8638722886850551,-0.6776382678172499,-7.3921678451834385,29876U
2025-06-29T18:57:29.237757,3579.64757485652,6185.599885927632,-639.514378913689,0.6330988107226735,-1.080643103273673,-7.364977235912768,29876U
2025-06-29T18:58:29.237757,3610.6533348313274,6108.781827789619,-1079.8824580676144,0.40011649594743126,-1.4790099588662065,-7.309124826262232,29876U
2025-06-29T18:59:29.237757,3627.6369171521105,6008.240077911884,-1516.046160903782,0.16585450177718294,-1.8711691347917156,-7.2248974890212,29876U
2025-06-29T19:00:29.237757,3630.54947520081,5884.393439700701,-1946.3144852717176,-0.06875728731531051,-2.2555842224918266,-7.112697995418639,29876U
2025-06-29T19:01:29.237757,3619.397874071667,5737.751733586218,-2369.024014547116,-0.3027924936853854,-2.6307587418167486,-6.973041979409818,29876U
2025-06-29T19:02:29.237757,3594.244353646252,5568.913207596501,-2782.5455830490628,-0.5353323708880267,-2.99524241369935,-6.806554333653754,29876U
2025-06-29T19:03:29.237757,3555.2059483111148,5378.561583914633,-3185.2907084571793,-0.7654697885121814,-3.3476370300522635,-6.613965088119414,29876U
2025-06-29T19:04:29.237757,3502.4536726385595,5167.462766742129,-3575.717761970517,-0.9923130507902389,-3.6866018899282533,-6.3961048268838105,29876U
2025-06-29T19:05:29.237757,3436.2114838271336,4936.461238378516,-3952.3378504414536,-1.2149895260447552,-4.010858778641572,-6.1538997019607935,29876U
2025-06-29T19:06:29.237757,3356.7550329333358,4686.476171543093,-4313.720388347373,-1.4326490680772488,-4.319196474313127,-5.888366104887601,29876U
2025-06-29T19:07:29.237757,3264.4102179063148,4418.497286609014,-4658.498341154508,-1.6444672148254353,-4.610474773971373,-5.600605057295573,29876U
2025-06-29T19:08:29.237757,3159.55155215907,4133.580482612772,-4985.373125288455,-1.8496481538896001,-4.883628038704012,-5.291796380852789,29876U
2025-06-29T19:09:29.237757,3042.600362873695,3832.8432706663766,-5293.119153484896,-2.0474274487433775,-5.137668264236819,-4.96319270486966,29876U
2025-06-29T19:10:29.237757,2914.0228334551566,3517.4600377770957,-5580.588017674358,-2.2370745234848615,-5.37168768954829,-4.616113366627391,29876U
2025-06-29T19:11:29.237757,2774.3279045314584,3188.657168111618,-5846.712304700169,-2.4178949077542007,-5.584860961583415,-4.251938255266521,29876U
2025-06-29T19:12:29.237757,2624.065047671166,2847.708047485974,-6090.509043021086,-2.5892322468525064,-5.776446878696491,-3.872101645034619,29876U
2025-06-29T19:13:29.237757,2463.821925574194,2495.927975370463,-6311.082781075563,-2.7504700850759636,-5.945789739064542,-3.4780860580179938,29876U
2025-06-29T19:14:29.237757,2294.2219519217088,2134.6690070381314,-6507.628300147677,-2.901033432767873,-6.092320322921768,-3.0714161903756927,29876U
2025-06-29T19:15:29.237757,2115.9217633710978,1765.3147467046347,-6679.432966367335,-3.040390129557893,-6.215556539069929,-2.6536529297400175,29876U
2025-06-29T19:16:29.237757,1929.608615392708,1389.2751106824242,-6825.878727884133,-3.16805201767255,-6.315103766729944,-2.2263874850574887,29876U
2025-06-29T19:17:29.237757,1735.9977127900531,1007.9810777405332,-6946.443764292879,-3.28357594006886,-6.3906549234743935,-1.7912356438813755,29876U
2025-06-29T19:18:29.237757,1535.8294848654227,622.8794420934275,-7040.703796065538,-3.3865645784673695,-6.4419902887816205,-1.3498321661815047,29876U
2025-06-29T19:19:29.237757,1329.8668143119098,235.4275827706922,-7108.333062092128,-3.4766671461750085,-6.468977110778407,-0.903825318244911,29876U
2025-06-29T19:20:29.237757,1118.8922280638908,-152.91173840511274,-7149.10497348023,-3.5535799499265424,-6.4715690210961085,-0.4548715453439054,29876U
2025-06-29T19:21:29.237757,903.7050575431634,-540.6755393565376,-7162.892451552162,-3.6170468338900132,-6.449805279577488,-0.00463027764430242,29876U
2025-06-29T19:22:29.237757,685.1185750209913,-926.4057310771077,-7149.667957552273,-3.6668595175342227,-6.4038098669683245,0.4452411395974445,29876U
2025-06-29T19:23:29.237757,463.9571121948081,-1308.6541729447163,-7109.503220983321,-3.702857837311256,-6.333790439844475,0.8930924030906283,29876U
2025-06-29T19:24:29.237757,241.053166565992,-1685.9876619203646,-7042.568672779414,-3.7249299001368463,-6.240037157995785,1.337285109091646,29876U
2025-06-29T19:25:29.237757,17.244500811881462,-2056.992847995334,-6949.132588743033,-3.733012154527718,-6.122921390446444,1.776197525644187,29876U
2025-06-29T19:26:29.237757,-206.62875992237832,-2420.2810684854635,-6829.559947874292,-3.72708938305252,-5.982894302362341,2.208229293625425,29876U
2025-06-29T19:27:29.237757,-429.7270280282975,-2774.4930937905137,-6684.311009448487,-3.707194617544942,-5.820485321396874,2.6318060699533787,29876U
2025-06-29T19:28:29.237757,-651.2141459685745,-3118.303777055789,-6513.939611996003,-3.6734089763816424,-5.636300478662896,3.045384124773062,29876U
2025-06-29T19:29:29.237757,-870.260266474095,-3450.426599812974,-6319.09119674702,-3.6258614211103186,-5.431020616582154,3.447454902231711,29876U
2025-06-29T19:30:29.237757,-1086.0447153260527,-3769.618105167195,-6100.500557655754,-3.564728427881565,-5.205399453431992,3.83654955167205,29876U
2025-06-29T19:31:29.237757,-1297.7588313398735,-4074.682209466977,-5858.9893198436375,-3.490233567544844,-4.960261492541699,4.211243432819899,29876U
2025-06-29T19:32:29.237757,-1504.6087777781481,-4364.474382673655,-5595.463148222642,-3.4026469869570697,-4.6964997628342875,4.570160594927884,29876U
2025-06-29T19:33:29.237757,-1705.8183189667282,-4637.905686876685,-5310.908688192728,-3.302284783056389,-4.415073376787586,4.911978225984658,29876U
2025-06-29T19:34:29.237757,-1900.6315553876714,-4893.946661612803,-5006.390240662526,-3.1895082605999323,-4.11700489191228,5.235431064125131,29876U
2025-06-29T19:35:29.237757,-2088.3156099943667,-5131.631043876943,-4683.046174224379,-3.0647230641687253,-3.8033774625075507,5.539315759403426,29876U
2025-06-29T19:36:29.237757,-2268.163257959531,-5350.059309997852,-4342.085078118202,-2.9283781751115625,-3.475331769731301,5.822495170237055,29876U
2025-06-29T19:37:29.237757,-2439.495491545122,-5548.402025923634,-3984.781660635143,-2.7809647645295086,-3.134062719873566,6.083902575209033,29876U
2025-06-29T19:38:29.237757,-2601.6640112935206,-5725.902991950906,-3612.4723988290493,-2.623014894183249,-2.780815903097833,6.322545777626925,29876U
2025-06-29T19:39:29.237757,-2754.0536343031404,-5881.882167568851,-3226.550946795268,-2.455100058312376,-2.4168838077449495,6.537511077384,29876U
2025-06-29T19:40:29.237757,-2896.0846099841556,-6015.738361894952,-2828.463311322016,-2.277829560762856,-2.0436017885059345,6.727967082324109,29876U
2025-06-29T19:41:29.237757,-3027.214833409156,-6126.951675175548,-2419.7028053873946,-2.09184872348807,-1.6623437902752687,6.893168329549815,29876U
2025-06-29T19:42:29.237757,-3146.9419461925963,-6215.085677026627,-2001.804791730127,-1.8978369243757147,-1.274517833201136,7.032458685984796,29876U
2025-06-29T19:43:29.237757,-3254.805314763767,-6279.789307506765,-1576.3412305327258,-1.6965054644111794,-0.8815612682591827,7.145274497039687,29876U
2025-06-29T19:44:29.237757,-3350.3878759496665,-6320.798487751604,-1144.915047078331,-1.4885952663614874,-0.48493581648745127,7.231147452455681,29876U
2025-06-29T19:45:29.237757,-3433.317839962655,-6337.937427755517,-709.1543370439144,-1.2748744093991564,-0.08612240873653058,7.2897071393082244,29876U
2025-06-29T19:46:29.237757,-3503.270241196026,-6331.119619955511,-270.70642882876353,-1.0561355063222493,0.3133841536904351,7.320683253726686,29876U
2025-06-29T19:47:29.237757,-3559.9683276686046,-6300.348508542962,168.76817604448834,-0.8331929322097897,0.7120806938962034,7.323907445084969,29876U
2025-06-29T19:48:29.237757,-3603.1847805233683,-6245.717825883768,607.6019619177888,-0.6068799154228535,1.1084612832678085,7.299314769188496,29876U
2025-06-29T19:49:29.237757,-3632.7427556684843,-6167.411589045449,1044.126633503749,-0.3780455037680515,1.5010229654724254,7.246944730252085,29876U
2025-06-29T19:50:29.237757,-3648.5167404423614,-6065.703751184593,1476.6794009003208,-0.14755142033546687,1.8882715497443672,7.1669418951452215,29876U
2025-06-29T19:51:29.237757,-3650.4332190747427,-5940.957504410684,1903.6092891911887,0.08373117503891687,2.2687274412658116,7.059556067376937,29876U
2025-06-29T19:52:29.237757,-3638.4711416888804,-5793.624232681078,2323.283446028158,0.3149250015845147,2.640931475645129,6.925142012495089,29876U
2025-06-29T19:53:29.237757,-3612.662192628114,-5624.242115262063,2734.093420166848,0.5451500327452298,3.003450724291673,6.7641587308683055,29876U
2025-06-29T19:54:29.237757,-3573.09085497539,-5433.434383279299,3134.461383752782,0.7735269122240317,3.3548842378582315,6.577168278088032,29876U
2025-06-29T19:55:29.237757,-3519.894269247116,-5221.907233841455,3522.846271238385,0.999180392311429,3.6938686958531832,6.3648341373549835,29876U
2025-06-29T19:56:29.237757,-3453.2618853629747,-4990.447408122671,3897.749808137445,1.2212427760440319,4.01908393196341,6.127919152089564,29876U
2025-06-29T19:57:29.237757,-3373.4349081017704,-4739.919441600403,4257.722403381495,1.4388573452090412,4.329258306517891,5.867283030526105,29876U
2025-06-29T19:58:29.237757,-3280.7055373309718,-4471.262596339229,4601.368879809879,1.651181756962522,4.623173899781682,5.583879437127029,29876U
2025-06-29T19:59:29.237757,-3175.4160053281084,-4185.487486767003,4927.3540182729175,1.8573913928236354,4.899671502307652,5.278752688214566,29876U
2025-06-29T20:00:29.237757,-3057.95741448003,-3883.6724117879817,5234.40789192924,2.0566826449983164,5.157655381291748,4.9530340712087995,29876U
2025-06-29T20:01:29.237757,-2928.7683795405956,-3566.9594073112467,5521.330968533658,2.2482761263152318,5.396097804663513,4.607937808255801,29876U
2025-06-29T20:02:29.237757,-2788.3334794386333,-3236.550034333296,5786.998959810385,2.431419791466825,5.614043307392056,4.244756685818677,29876U
2025-06-29T20:03:29.237757,-2637.1815243531564,-2893.70091860853,6030.367398345307,2.6053919586708525,5.810612687084836,3.8648573720128048,29876U
2025-06-29T20:04:29.237757,-2475.8836444093545,-2539.7190586752,6250.475923779669,2.769504222241724,5.985006718304944,3.469675443136189,29876U
2025-06-29T20:05:29.237757,-2305.0512069014167,-2175.956919597312,6446.452261408781,2.9231042478199813,6.136509577038072,3.0607101400520356,29876U
2025-06-29T20:06:29.237757,-2125.3335694229636,-1803.8073302522175,6617.515877558094,3.065578443097687,6.264491968330213,2.6395188739130524,29876U
2025-06-29T20:07:29.237757,-1937.4156766947376,-1424.6982023696075,6762.98129729921,3.1963544977444833,6.3684139512342925,2.2077114992934983,29876U
2025-06-29T20:08:29.237757,-1742.0155092348236,-1040.0870898358007,6882.261071167315,3.314903786846565,6.447827455817704,1.7669443712392108,29876U
2025-06-29T20:09:29.237757,-1539.881392337224,-651.4556070532153,6974.868378539256,3.42074363248971,6.5023784870853865,1.318914201200786,29876U
2025-06-29T20:10:29.237757,-1331.789174126388,-260.30372541709676,7040.419256230919,3.5134394181377213,6.531809010286543,0.8653517254184129,29876U
2025-06-29T20:11:29.237757,-1118.5392817597838,131.85603272474017,7078.6344416825405,3.592606550180712,6.53595851124462,0.40801519822337107,29876U
2025-06-29T20:12:29.237757,-900.9536651730964,523.5044829065838,7089.340820841763,3.65791226047636,6.514765224156777,-0.05131627796624824,29876U
2025-06-29T20:13:29.237757,-679.8726381243672,913.1217300119177,7072.472471552676,3.7090772429163716,6.468267017848567,-0.510849574328109,29876U
2025-06-29T20:14:29.237757,-456.1516267057383,1299.1931616787385,7028.071293950129,3.7458771160739794,6.396601929865209,-0.9687844968982551,29876U
2025-06-29T20:15:29.237757,-230.6578359680831,1680.2154623116828,6956.28722008283,3.7681437028923446,6.300008336167958,-1.4233208741575059,29876U
2025-06-29T20:16:29.237757,-4.266845850770022,2054.702625629929,6857.377995789129,3.7757661172363206,6.178824742732447,-1.8726657558136883,29876U
2025-06-29T20:17:29.237757,222.14085177149627,2421.1919428467754,6731.708528773226,3.768691646037787,6.033489184166481,-2.315040705073229,29876U
2025-06-29T20:18:29.237757,447.68336242472634,2778.2499426718873,6579.749797920225,3.7469264148090233,5.864538213726797,-2.7486891634585047,29876U
2025-06-29T20:19:29.237757,671.4809315077414,3124.4782583799188,6402.077320187969,3.71053582357049,5.672605468955472,-3.171883863416504,29876U
2025-06-29T20:20:29.237757,892.6595058620128,3458.519396235286,6199.369172957918,3.659644739826973,5.458419797698308,-3.5829342596982956,29876U
2025-06-29T20:21:29.237757,1110.3542995885527,3779.062378652989,5972.403571542561,3.594437435208905,5.222802930603566,-3.9801939459275206,29876U
2025-06-29T20:22:29.237757,1323.7133484525639,4084.8482346583287,5722.056003650114,3.5151572528395922,4.966666688395315,-4.362068018097955,29876U
2025-06-29T20:23:29.237757,1531.9010364410888,4374.675309538574,5449.295925003933,3.422105993445789,4.691009715301741,-4.727020342145992,29876U
2025-06-29T20:24:29.237757,1734.1015773358652,4647.404365122248,5155.18302298867,3.31564300972611,4.396913733978618,-5.0735806784577395,29876U
2025-06-29T20:25:29.237757,1929.522433534696,4901.9634418879095,4840.863058172436,3.19618400055539,4.085539322100344,-5.400351612352876,29876U
2025-06-29T20:26:29.237757,2117.397653970908,5137.352454325647,4507.5632965916275,3.0641994991427635,3.7581212162009603,-5.706015236677162,29876U
2025-06-29T20:27:29.237757,2296.9911125180997,5352.6474912232225,4156.587549276966,2.9202130524391934,3.4159631547514118,-5.989339530221447,29876U
2025-06-29T20:28:29.237757,2467.5996283804743,5547.004793685593,3789.310838631417,2.76479909249264,3.060432278748323,-6.249184374986572,29876U
2025-06-29T20:29:29.237757,2628.5559499350356,5719.664384756017,3407.173715014376,2.598580504416112,2.692953115214899,-6.4845071551973374,29876U
2025-06-29T20:30:29.237757,2779.2315839556977,5869.953326327753,3011.6762502065194,2.4222258997100714,2.315001175816896,-6.694367882580527,29876U
2025-06-29T20:31:29.237757,2919.03945276493,5997.288581140429,2604.3717377924377,2.236446607954719,1.9280962096035228,-6.877933795198149,29876U
2025-06-29T20:32:29.237757,3047.4363627682164,6101.1794602097725,2186.8601336054217,2.041993404154105,1.5337951552609599,-7.034483381293285,29876U
2025-06-29T20:33:29.237757,3163.925268994356,6181.229638968895,1760.7812722007748,1.8396529931628602,1.1336848440509366,-7.163409785048983,29876U
2025-06-29T20:34:29.237757,3268.057321683765,6237.138728667001,1327.8078977716143,1.6302442765225147,0.7293745095873989,-7.264223557784303,29876U
2025-06-29T20:35:29.237757,3359.433682617255,6268.703393118977,889.6385499265607,1.4146144305545068,0.3224881646049955,-7.336554725762275,29876U
2025-06-29T20:36:29.237757,3437.707100730741,6275.818004659946,447.9903462548701,1.193634827587952,-0.08534309225023168,-7.380154154271617,29876U
2025-06-29T20:37:29.237757,3502.5832385840354,6258.4748370585685,4.591704562394936,0.9681968346418495,-0.492488774937719,-7.394894196745012,29876U
2025-06-29T20:38:29.237757,3553.82174340306,6216.7637971003105,-438.8249519546421,0.7392075256567472,-0.8973266488368676,-7.380768627144161,29876U
2025-06-29T20:39:29.237757,3591.2370586514585,6150.871700484507,-880.5304635392698,0.5075853444211086,-1.2982502458367895,-7.337891863415547,29876U
2025-06-29T20:40:29.237757,3614.6989743614495,6061.081101504342,-1318.8061344393723,0.27425575563307175,-1.6936761939675695,-7.266497499236319,29876U
2025-06-29T20:41:29.237757,3624.13291671874,5947.768689617217,-1751.9508243027333,0.04014692106877482,-2.0820513033702492,-7.166936170269323,29876U
2025-06-29T20:42:29.237757,3619.5199796038587,5811.403269390626,-2178.2878913843588,-0.19381456338544578,-2.461859355066357,-7.039672789487477,29876U
2025-06-29T20:43:29.237757,3600.8967028980537,5652.543343361544,-2596.1719509173186,-0.42670783599598744,-2.83162754464434,-6.8852831935937555,29876U
2025-06-29T20:44:29.237757,3568.354604324886,5471.83432001985,-3003.995414784892,-0.6576218114543798,-3.1899325394612283,-6.704450248968502,29876U
2025-06-29T20:45:29.237757,3522.0394733825033,5270.005371374273,-3400.194781766048,-0.8856590689863467,-3.5354061150723037,-6.497959470771342,29876U
2025-06-29T20:46:29.237757,3462.150437495842,5047.865966357209,-3783.256651017983,-1.1099395616901278,-3.8667403441324204,-6.266694212709111,29876U
2025-06-29T20:47:29.237757,3388.9388118601023,4806.302107649981,-4151.7234350401495,-1.32960412641379,-4.18269231875907,-6.011630487487363,29876U
2025-06-29T20:48:29.237757,3302.7067455400634,4546.272300365118,-4504.198752033657,-1.5438177776244901,-4.4820883950816315,-5.7338314790791785,29876U
2025-06-29T20:49:29.237757,3203.8056772258587,4268.803281414163,-4839.352481252325,-1.7517727729767547,-4.763827956225172,-5.434441807695457,29876U
2025-06-29T20:50:29.237757,3092.6346146237893,3974.9855383415415,-5155.925468552874,-1.9526914425310122,-5.0268866970950725,-5.114681606794194,29876U
2025-06-29T20:51:29.237757,2969.6382517866946,3665.9686459503355,-5452.73387281763,-2.1458287776948657,-5.2703194408695175,-4.775840468727069,29876U
2025-06-29T20:52:29.237757,2835.3049387748088,3342.956448227197,-5728.6731471777775,-2.3304747798523966,-5.4932625029243685,-4.4192713118252005,29876U
2025-06-29T20:53:29.237757,2690.1645179026536,3007.2021119382493,-5982.721651953576,-2.5059565722201933,-5.694935622891708,-4.046384217031201,29876U
2025-06-29T20:54:29.237757,2534.786040496127,2660.003076877093,-6213.943898899528,-2.6716402816397204,-5.874643489598358,-3.6586402767770685,29876U
2025-06-29T20:55:29.237757,2369.7753775798606,2302.695926150356,-6421.493428671102,-2.8269326997260853,-6.0317768866948205,-3.257545492869659,29876U
2025-06-29T20:56:29.237757,2195.772737272599,1936.651198153976,-6604.615325385815,-2.971282734992793,-6.165813488838011,-2.844644753883608,29876U
2025-06-29T20:57:29.237757,2013.4501009165401,1563.2681600800117,-6762.648373730078,-3.104182669233386,-6.276318339344403,-2.4215159161654256,29876U
2025-06-29T20:58:29.237757,1823.5085891393235,1183.969560957743,-6895.026865263967,-3.2251692325530157,-6.362944040317454,-1.9897640062128592,29876U
2025-06-29T20:59:29.237757,1626.6757681773727,800.1963804307087,-7001.282061410557,-3.3338245120086003,-6.42543068543527,-1.5510155560886802,29876U
2025-06-29T21:00:29.237757,1423.7029059073843,413.402587750972,-7081.043321106823,-3.4297767088566498,-6.463605563946213,-1.1069130778170078,29876U
2025-06-29T21:01:29.237757,1215.362186167868,25.049923875561785,-7134.038901269588,-3.5127007589570245,-6.477382662062808,-0.6591096775317462,29876U
2025-06-29T21:02:29.237757,1002.4438891323571,-363.39728188259375,-7160.096438128236,-3.582318829982955,-6.466761984984745,-0.20926380562117014,29876U
2025-06-29T21:03:29.237757,785.7535447445231,-750.4772504367979,-7159.143117139044,-3.638400707799258,-6.431828719346967,0.24096586466691322,29876U
2025-06-29T21:04:29.237757,566.1090655577283,-1134.7358375625265,-7131.205538670779,-3.68076408275603,-6.372752252112118,0.6899254406710355,29876U
2025-06-29T21:05:29.237757,344.33786476341845,-1514.7315562034964,-7076.409285984389,-3.7092747447698953,-6.289785057943467,1.1359707084358333,29876U
2025-06-29T21:06:29.237757,121.2739647424488,-1889.0405286398527,-6994.978201273418,-3.723846694006248,-6.183261463038209,1.5774719393871364,29876U
2025-06-29T21:07:29.237757,-102.2448988474361,-2256.261361042497,-6887.233374733558,-3.7244421718028127,-6.053596289402362,2.0128186198292726,29876U
2025-06-29T21:08:29.237757,-325.3801726343192,-2615.0199330546575,-6753.591850838293,-3.711071614264009,-5.90128337972738,2.440424117099188,29876U
2025-06-29T21:09:29.237757,-547.2953760030837,-2963.974094945879,-6594.56505525749,-3.6837935287761603,-5.726893999496673,2.8587302949992095,29876U
2025-06-29T21:10:29.237757,-767.158981683915,-3301.818264599881,-6410.756945208373,-3.6427142916124526,-5.531075109805873,3.266212089213551,29876U
2025-06-29T21:11:29.237757,-984.147281504874,-3627.2879161494307,-6202.861885510537,-3.5879878628758815,-5.314547501708182,3.661382050876889,29876U
2025-06-29T21:12:29.237757,-1197.4472320909038,-3939.1639514893914,-5971.662252259145,-3.519815413322126,-5.078103780762756,4.042794863407757,29876U
2025-06-29T21:13:29.237757,-1406.2592749370142,-4236.276945212039,-5718.025765859962,-3.4384448561603054,-4.822606188923772,4.409051834250212,29876U
2025-06-29T21:14:29.237757,-1609.800124857181,-4517.511252754567,-5442.902555204813,-3.34417027578663,-4.548984249992693,4.7588053594042,29876U
2025-06-29T21:15:29.237757,-1807.3055203280883,-4781.808970760322,-5147.3219550195345,-3.2373312445931672,-4.2582322245859245,5.090763354685849,29876U
2025-06-29T21:16:29.237757,-1998.0329287280254,-5028.173737869226,-4832.389038896177,-3.118312018533244,-3.951406360944272,5.403693643664672,29876U
2025-06-29T21:17:29.237757,-2181.264198936844,-5255.674363406029,-4499.280891224449,-2.987540602025842,-3.629621928911736,5.696428288297887,29876U
2025-06-29T21:18:29.237757,-2356.3081532309,-5463.448270759073,-4149.242622161384,-2.8454876730463985,-3.2940500260103844,5.9678678445337106,29876U
2025-06-29T21:19:29.237757,-2522.503109900195,-5650.704741672427,-3783.5831309061145,-2.6926653598716945,-2.9459141466841756,6.216985521699351,29876U
2025-06-29T21:20:29.237757,-2679.219327550297,-5816.72794723698,-3403.6706238649185,-2.52962586190608,-2.586486508422362,6.442831221420024,29876U
2025-06-29T21:21:29.237757,-2825.8613616499238,-5960.879751090126,-3010.927895772298,-2.3569599082883514,-2.2170841315255494,6.644535429225066,29876U
2025-06-29T21:22:29.237757,-2961.87032356087,-6082.602270238615,-2606.827383453439,-2.1752950495311576,-1.8390646726673692,6.8213129299571245,29876U
2025-06-29T21:23:29.237757,-3086.7260320581486,-6181.420179024187,-2192.886003635816,-1.9852937792364864,-1.4538220160373734,6.97246631667336,29876U
2025-06-29T21:24:29.237757,-3199.9490472244133,-6256.942742068321,-1770.659788011194,-1.787651484915389,-1.0627816296341146,7.097389261954613,29876U
2025-06-29T21:25:29.237757,-3301.1025765975546,-6308.865562568319,-1341.7383305744197,-1.5830942290666135,-0.6673956981087091,7.195569520446357,29876U
2025-06-29T21:26:29.237757,-3389.7942435678656,-6336.97203307327,-907.7390640869575,-1.3723763638829618,-0.26913804734253166,7.266591632050739,29876U
2025-06-29T21:27:29.237757,-3465.6777082691815,-6341.134476843048,-470.3013842850398,-1.1562779851959553,0.13050112042840556,7.3101392964624345,29876U
2025-06-29T21:28:29.237757,-3528.4541315854694,-6321.314969074328,-31.080642146791806,-0.935602233485687,0.5300206587399587,7.325997391659989,29876U
2025-06-29T21:29:29.237757,-3577.873473399473,-6277.565828653388,408.25797389668645,-0.7111724519118403,0.9279140510205195,7.314053611484042,29876U
2025-06-29T21:30:29.237757,-3613.735616839152,-6210.029772644024,846.0456425046926,-0.4838292133109415,1.322675098805912,7.27429970048791,29876U
2025-06-29T21:31:29.237757,-3635.891311019951,-6118.939727417728,1280.6161761873798,-0.2544272299049736,1.7128036939793132,7.206832267754777,29876U
2025-06-29T21:32:29.237757,-3644.2429256280934,-6004.618292154545,1710.3123247251006,-0.02383216102847611,2.0968116433322814,7.111853165246659,29876U
2025-06-29T21:33:29.237757,-3638.7450116259547,-5867.476852354625,2133.4920888967786,0.20708266452988708,2.4732285126736806,6.989669420378072,29876U
2025-06-29T21:34:29.237757,-3619.404663370641,-5708.014342971047,2548.5350176203647,0.43743959398964327,2.8406074572299116,6.840692716781415,29876U
2025-06-29T21:35:29.237757,-3586.2816785021755,-5526.815662767642,2953.8484613201017,0.6663600456036485,3.1975310051886607,6.665438421532844,29876U
2025-06-29T21:36:29.237757,-3539.4885130601974,-5324.549743488693,3347.8737542969848,0.8929679346767232,3.542616761913098,6.464524161323039,29876U
2025-06-29T21:37:29.237757,-3479.1900304070045,-5101.967279364581,3729.092299097383,1.116393112016196,3.874523003568068,6.2386679540685135,29876U
2025-06-29T21:38:29.237757,-3405.6030436507526,-4859.898124338354,4096.031526327985,1.33577479657896,4.191954130591671,5.988685906162333,29876U
2025-06-29T21:39:29.237757,-3318.995652357337,-4599.248366155433,4447.270704037936,1.5502649847022196,4.493665953546062,5.715489488862581,29876U
2025-06-29T21:40:29.237757,-3219.6863753927664,-4320.997088082151,4781.4465716631885,1.7590318191935652,4.778470786311027,5.4200824101272636,29876U
2025-06-29T21:41:29.237757,-3108.043082737561,-4026.1928304986154,5097.258774559937,1.9612629026580366,5.0452423242325315,5.103557100472354,29876U
2025-06-29T21:42:29.237757,-2984.4817300437994,-3715.9497659229746,5393.475076327461,2.15616854071328,5.292920287615616,4.767090833104463,29876U
2025-06-29T21:43:29.237757,-2849.464900556484,-3391.443602168977,5668.936327386401,2.342984902121724,5.520514813734808,4.411941499652235,29876U
2025-06-29T21:44:29.237757,-2703.5001597872033,-3053.9072293129266,5922.5611696053575,2.520977084291969,5.72711058322041,4.039443063297724,29876U
2025-06-29T21:45:29.237757,-2547.1382290042843,-2704.626126952198,6153.350458123054,2.689442074006264,5.911870669162545,3.6510007110193654,29876U
2025-06-29T21:46:29.237757,-2380.9709841968943,-2344.933548899504,6360.3913828500545,2.8477115945475857,6.074040099450745,3.2480857260757867,29876U
2025-06-29T21:47:29.237757,-2205.629287677947,-1976.2055029764147,6542.8612734382195,2.995154831576677,6.212949124665893,2.8322301008473176,29876U
2025-06-29T21:48:29.237757,-2021.78065993178,-1599.85554399301,6700.031072733336,3.1311810310816504,6.328016185183012,2.405020908841226,29876U
2025-06-29T21:49:29.237757,-1830.1267996882932,-1217.329398330088,6831.268464876808,3.2552419634581686,6.418750571999728,1.968094453149504,29876U
2025-06-29T21:50:29.237757,-1631.4009605428769,-830.0994388342488,6936.040645266829,3.366834248230916,6.484754776144435,1.5231302070896153,29876U
2025-06-29T21:51:29.237757,-1426.3651927481687,-439.65902900237796,7013.916720539222,3.465501534089749,6.52572652135845,1.071844561273648,29876U
2025-06-29T21:52:29.237757,-1215.8074591054847,-47.51675571977363,7064.5697275801895,3.55083652877397,6.54146047411747,0.6159843901001796,29876U
2025-06-29T21:53:29.237757,-1000.5386341957404,344.80942985493914,7087.778261356936,3.6224828729135594,6.531849624025759,0.1573204497710059,29876U
2025-06-29T21:54:29.237757,-781.3893965314148,735.7981432656876,7083.427702070214,3.680136851254011,6.496886326269738,-0.3023593804726175,29876U
2025-06-29T21:55:29.237757,-559.2070235973672,1123.930549117024,7051.511032826662,3.723548933798105,6.436662996268461,-0.7612570020237424,29876U
2025-06-29T21:56:29.237757,-334.85210019451847,1507.6963737462936,6992.129239736195,3.752525138352985,6.351372445036875,-1.2175711327833232,29876U
2025-06-29T21:57:29.237757,-109.19515101344209,1885.5999264495792,6905.491287103892,3.766928204848206,6.241307842229137,-1.6695044609806011,29876U
2025-06-29T21:58:29.237757,116.8867910512475,2256.166106712577,6791.913661251201,3.7666785706726755,6.106862292502652,-2.1152709004330545,29876U
2025-06-29T21:59:29.237757,342.5136686770694,2617.9463740208184,6651.819477514204,3.7517551352541054,5.948528009893056,-2.5531029277935335,29876U
2025-06-29T22:00:29.237757,566.8059230941248,2969.5246558965778,6485.737146169389,3.7221958012673255,5.76689507445633,-2.9812589787784223,29876U
2025-06-29T22:01:29.237757,788.8880426111187,3309.5231688537674,6294.298594469665,3.6780977792949345,5.562649755649998,-3.3980308762982445,29876U
2025-06-29T22:02:29.237757,1007.8921222268408,3636.6081260314845,6078.237043664268,3.6196176425612663,5.336572387893979,-3.8017512589750075,29876U
2025-06-29T22:03:29.237757,1222.9614190545492,3949.495304401483,5838.384341850149,3.54697111858941,5.089534785556539,-4.190800973887522,29876U
2025-06-29T22:04:29.237757,1433.2538874959375,4246.955443706018,5575.667855767001,3.4604326053499794,4.822497187294884,-4.563616392739423,29876U
2025-06-29T22:05:29.237757,1637.945677363091,4527.81944872324,5291.106927201324,3.3603344007193834,4.536504723251804,-4.91869660620031,29876U
2025-06-29T22:06:29.237757,1836.2345774945484,4790.983366135132,4985.808902489652,3.2470656358616714,4.232683403038563,-5.254610447145518,29876U
2025-06-29T22:07:29.237757,2027.3433868757525,5035.413107233221,4660.964746686547,3.121070905493112,3.9122356276572483,-5.570003290118279,29876U
2025-06-29T22:08:29.237757,2210.5231949108756,5260.148888019131,4317.8442572097,2.9828485908400375,3.576435234388172,-5.863603571799048,29876U
2025-06-29T22:09:29.237757,2385.056552289362,5464.309358919018,3957.790895203154,2.832948874432356,3.226622090111672,-6.134228975691749,29876U
2025-06-29T22:10:29.237757,2550.260513931635,5647.095397440768,3582.2162563180477,2.671971449582664,2.8641962552877214,-6.380792223871106,29876U
2025-06-29T22:11:29.237757,2705.4895357581063,5807.793538611289,3192.594206094188,2.5005629314178615,2.490611747754292,-6.602306419504102,29876U
2025-06-29T22:12:29.237757,2850.1382075492957,5945.779019983387,2790.45470850811,2.319413980529635,2.107369942366105,-6.797889886076898,29876U
2025-06-29T22:13:29.237757,2983.643804948764,6060.518420369371,2377.3773794700696,2.129256154579461,1.716012649077255,-6.966770452820016,29876U
2025-06-29T22:14:29.237757,3105.4886447092886,6151.571874223862,1954.984800010882,1.9308585074005356,1.3181149181465348,-7.108289140702633,29876U
2025-06-29T22:15:29.237757,3215.2022285887388,6218.594846722311,1524.9356265177971,1.7250239591518468,0.9152776265026674,-7.221903209476157,29876U
2025-06-29T22:16:29.237757,3312.363162846393,6261.3394580107515,1088.9175375892858,1.5125854647742263,0.509119903765893,-7.307188533453835,29876U
2025-06-29T22:17:29.237757,3396.6008420522544,6279.655348777205,648.6400588109773,1.2944020112526122,0.10127145981477757,-7.363841281846517,29876U
2025-06-29T22:18:29.237757,3467.5968878684466,6273.490083142131,205.82730795799466,1.0713544768975067,-0.3066351220127058,-7.391678888323676,29876U
2025-06-29T22:19:29.237757,3525.0863355540187,6242.889088806716,-237.78929622631577,0.8443413879377208,-0.7129720610656143,-7.3906403037952035,29876U
2025-06-29T22:20:29.237757,3568.85856314349,6187.9951383514845,-680.4783184735005,0.6142746090924838,-1.1161239602539283,-7.360785535960744,29876U
2025-06-29T22:21:29.237757,3598.7579605061246,6109.047379460814,-1120.515541983816,0.3820750054276185,-1.5144952287398947,-7.302294488682671,29876U
2025-06-29T22:22:29.237757,3614.684337761965,6006.379925579941,-1556.191112410615,0.14866811267419436,-1.9065172865232987,-7.215465123447222,29876U
2025-06-29T22:23:29.237757,3616.5930747638185,5880.420022013153,-1985.8165509350627,-0.08502014769318199,-2.290655495170287,-7.100710973833515,29876U
2025-06-29T22:24:29.237757,3604.4950155056554,5731.685805678071,-2407.7315986870367,-0.31806767392134594,-2.6654157641620877,-6.958558051785498,29876U
2025-06-29T22:25:29.237757,3578.4561133445577,5560.783679577595,-2820.3108573823106,-0.549560277564295,-3.0293507884802806,-6.789641191373848,29876U
2025-06-29T22:26:29.237757,3538.5968347868416,5368.405325494949,-3221.9701940256355,-0.7785956356285179,-3.38106587989346,-6.594699881482193,29876U
2025-06-29T22:27:29.237757,3485.091331256806,5155.324380418188,-3611.172880818193,-1.0042870750843378,-3.719224361783243,-6.374573643327402,29876U
2025-06-29T22:28:29.237757,3418.166389711428,4922.392803737761,-3986.4354449130465,-1.225767167312444,-4.0425525050234326,-6.130197011846221,29876U
2025-06-29T22:29:29.237757,3338.1001741682367,4670.536963327077,-4346.333206297002,-1.4421911140980423,-4.349843990188149,-5.8625941817165685,29876U
2025-06-29T22:30:29.237757,3245.2207711634064,4400.753469211336,-4689.505485765309,-1.6527399109946355,-4.639963889009742,-5.572873379133952,29876U
2025-06-29T22:31:29.237757,3139.904552849342,4114.104783676803,-5014.660468603046,-1.8566232781293606,-4.9118521653265415,-5.262221019487406,29876U
2025-06-29T22:32:29.237757,3022.5743718781823,3811.714636394568,-5320.579713125758,-2.0530823527016335,-5.164526702580332,-4.931895708858444,29876U
2025-06-29T22:33:29.237757,2893.6976024092373,3494.763272470874,-5606.122296586425,-2.2413921414244595,-5.39708587108115,-4.583222143925615,29876U
2025-06-29T22:34:29.237757,2753.7840415416395,3164.482560338679,-5870.228594064825,-2.4208637348742945,-5.608710653621175,-4.217584960548278,29876U
2025-06-29T22:35:29.237757,2603.3836852261375,2822.150985117236,-6111.92368877577,-2.590846289070664,-5.798666352494595,-3.8364225761894652,29876U
2025-06-29T22:36:29.237757,2443.084392283335,2469.0885515599643,-6330.320414711711,-2.7507287825211653,-5.96630390448572,-3.441221065621212,29876U
2025-06-29T22:37:29.237757,2273.5094495716035,2106.651619027879,-6524.62203466202,-2.89994155939859,-6.111060832898302,-3.033508103212775,29876U
2025-06-29T22:38:29.237757,2095.3150506448774,1736.2276891454715,-6694.124558394556,-3.037957671416643,-6.232461867196096,-2.6148469987496994,29876U
2025-06-29T22:39:29.237757,1909.1876994435574,1359.2301649583642,-6838.2187071559165,-3.1642940323302553,-6.3301192613417,-2.186830847341609,29876U
2025-06-29T22:40:29.237757,1715.8415497111769,977.0930985928286,-6956.391531638818,-3.2785123997930463,-6.4037328414981,-1.7510768077531058,29876U
2025-06-29T22:41:29.237757,1516.0156899496317,591.2659426499846,-7048.227691207458,-3.380220199580255,-6.453089812477109,-1.3092205175831573,29876U
2025-06-29T22:42:29.237757,1310.4713828531642,203.208318913302,-7113.4104024820335,-3.4690712069507397,-6.478064350269364,-0.8629106482896056,29876U
2025-06-29T22:43:29.237757,1099.9892673189165,-185.61518356445995,-7151.722065401214,-3.54476609922194,-6.478617005285622,-0.4138035982225986,29876U
2025-06-29T22:44:29.237757,885.3665303498072,-573.7401702560261,-7163.044574642657,-3.60705289251407,-6.454793937699832,0.03644168229032005,29876U
2025-06-29T22:45:29.237757,667.4140554576728,-959.7075532290155,-7147.359323834443,-3.655727274148199,-6.406726002642884,0.4861687431122108,29876U
2025-06-29T22:46:29.237757,446.95355356888837,-1342.068604782447,-7104.746909378867,-3.690632840419497,-6.334627699085485,0.9337285755213527,29876U
2025-06-29T22:47:29.237757,224.81468193464173,-1719.389944619462,-7035.386539987182,-3.7116612474859747,-6.238795992206253,1.3774844559409851,29876U
2025-06-29T22:48:29.237757,1.8321561688867876,-2090.2584529660735,-6939.555157236435,-3.718752280986517,-6.119609014996319,1.815816706398685,29876U
2025-06-29T22:49:29.237757,-221.15713971544534,-2453.2861022552675,-6817.62627165836,-3.7118938478020214,-5.977524650932723,2.2471273858680005,29876U
2025-06-29T22:50:29.237757,-443.31704053134735,-2807.1146999947937,-6670.068518099708,-3.691121891175081,-5.813078995872164,2.6698449257783037,29876U
2025-06-29T22:51:29.237757,-663.8149796658776,-3150.420535230951,-6497.443933398673,-3.656520228272185,-5.6268846939824035,3.0824287213656296,29876U
2025-06-29T22:52:29.237757,-881.824856502837,-3481.9189206445867,-6300.405958838938,-3.608220307273662,-5.419629139627727,3.4833736882708837,29876U
2025-06-29T22:53:29.237757,-1096.5298864478962,-3800.3686217827712,-6079.697169410718,-3.5464008792689237,-5.192072534738466,3.871214790949149,29876U
2025-06-29T22:54:29.237757,-1307.1254281726456,-4104.576164290346,-5836.146731645756,-3.4712875786661104,-4.945045789373063,4.244531546162837,29876U
2025-06-29T22:55:29.237757,-1512.8217822926924,-4393.400009266738,-5570.6675917368775,-3.3831524045424306,-4.6794482519811424,4.601952501173408,29876U
2025-06-29T22:56:29.237757,-1712.8469552387319,-4665.754586098434,-5284.253395802899,-3.2823130943949503,-4.3962452553073375,4.942159682374043,29876U
2025-06-29T22:57:29.237757,-1906.4493815772921,-4920.6141713263905,-4977.975144530508,-3.16913238112533,-4.096465463951205,5.263893006121028,29876U
2025-06-29T22:58:29.237757,-2092.900597488474,-5157.0166013103935,-4652.977585056178,-3.0440171238368454,-3.781198010346529,5.565954639512623,29876U
2025-06-29T22:59:29.237757,-2271.4978576110934,-5374.0668057894745,-4310.475343717715,-2.907417303098672,-3.4515894071982185,5.847213295081226,29876U
2025-06-29T23:00:29.237757,-2441.566686894766,-5570.940148746463,-3951.7488044173183,-2.75982487181713,-3.1088402263942085,6.106608439673984,29876U
2025-06-29T23:01:29.237757,-2602.4633586501054,-5746.8855625329725,-3578.1397385157834,-2.6017724536379445,-2.754201536778219,6.343154394599451,29876U
2025-06-29T23:02:29.237757,-2753.5772895351156,-5901.228460829823,-3191.046693619153,-2.433831881945588,-2.3889710960763204,6.555944301261039,29876U
2025-06-29T23:03:29.237757,-2894.3333418591806,-6033.373415844064,-2791.920150171415,-2.2566125739488627,-2.014489295513048,6.744153924203901,29876U
2025-06-29T23:04:29.237757,-3024.1940233087907,-6142.806585151206,-2382.257456453676,-2.070759736029678,-1.6321348591973546,6.907045261781141,29876U
2025-06-29T23:05:29.237757,-3142.6615740252546,-6229.097873809982,-1963.5975543572931,-1.8769523984320897,-1.243320304091757,7.043969933566956,29876U
2025-06-29T23:06:29.237757,-3249.2799309025945,-6291.902817811219,-1537.5155101173216,-1.6759012794355264,-0.8494871702085848,7.154372313236129,29876U
2025-06-29T23:07:29.237757,-3343.6365590326272,-6330.964175577295,-1105.6168660263834,-1.4683464813372336,-0.4521010345060236,7.2377923759082154,29876U
2025-06-29T23:08:29.237757,-3425.36414041114,-6346.113215105731,-669.5318309496068,-1.2550550228033486,-0.052646325675318885,7.29386822992115,29876U
2025-06-29T23:09:29.237757,-3494.1421103352427,-6337.270685438684,-230.90932920335197,-1.0368182143849043,0.3473790394660214,7.32233830462693,29876U
2025-06-29T23:10:29.237757,-3549.698032367808,-6304.447462431183,208.58907100761863,-0.8144488861696603,0.7464691740356613,7.3230431680566035,29876U
2025-06-29T23:11:29.237757,-3591.8088033165577,-6247.744860265228,647.2953269019912,-0.5887784786028272,1.1431158668109964,7.295926951122499,29876U
2025-06-29T23:12:29.237757,-3620.301680365851,-6167.3546017933895,1083.5411641657693,-0.36065400940319614,1.5358143264241046,7.241038358341588,29876U
2025-06-29T23:13:29.237757,-3635.0551232989533,-6063.5584425676325,1515.6643685867487,-0.1309349311787005,1.9230689929426,7.158531248786352,29876U
2025-06-29T23:14:29.237757,-3635.999445644363,-5936.727445287394,1942.0151002354332,0.09951010423365306,2.3033993844125416,7.048664774998995,29876U
2025-06-29T23:15:29.237757,-3623.1172695573564,-5787.320903353782,2360.9622034832637,0.32980655754720356,2.6753459451793824,6.911803071833892,29876U
2025-06-29T23:16:29.237757,-3596.443780289481,-5615.884914207197,2770.8994857454954,0.5590773719577398,3.037475862642697,6.748414491503163,29876U
2025-06-29T23:17:29.237757,-3556.066777186131,-5423.05060512432,3170.251937674849,0.786446382774269,3.388388819510164,6.5590703853794095,29876U
2025-06-29T23:18:29.237757,-3502.1265192657165,-5209.53201611595,3557.48186763974,1.0110417481495568,3.72672264959392,6.344443437234832,29876U
2025-06-29T23:19:29.237757,-3434.815364554051,-4976.123646474412,3931.094923661855,1.2319993824873503,4.051158866667884,6.105305556463949,29876U
2025-06-29T23:20:29.237757,-3354.377203453536,-4723.697673328797,4289.645976570407,1.4484663745948294,4.360428037835883,5.842525343337287,29876U
2025-06-29T23:21:29.237757,-3261.1066875022157,-4453.200852262447,4631.744838908998,1.6596043734130779,4.653314975146901,5.557065141388778,29876U
2025-06-29T23:22:29.237757,-3155.3482559035037,-4165.651111596549,4956.061795101147,1.8645929251690014,4.928663721763413,5.249977694567225,29876U
2025-06-29T23:23:29.237757,-3037.4949631709637,-3862.13385333927,5261.332919493115,2.062632746990095,5.185382311723339,4.922402428740596,29876U
2025-06-29T23:24:29.237757,-2907.987112121096,-3543.7979750254417,5546.365160122836,2.252948923359203,5.422447285136556,4.575561378497651,29876U
2025-06-29T23:25:29.237757,-2767.3106972531727,-3211.851627726912,5810.041167370585,2.4347940131954786,5.638907943407246,4.2107547809437245,29876U
2025-06-29T23:26:29.237757,-2615.9956642734423,-2867.5577263985406,6051.323847995937,2.6074510567679714,5.833890331668564,3.8293563583567174,29876U
2025-06-29T23:27:29.237757,-2454.613992152992,-2512.2292294545423,6269.260626416801,2.7702364730116087,6.0066009379498615,3.4328083112091714,29876U
2025-06-29T23:28:29.237757,-2283.777604654584,-2147.2242050525383,6462.987396413685,2.9225028390645518,6.1563301005857145,3.0226160422373347,29876U
2025-06-29T23:29:29.237757,-2104.136118735128,-1773.940702029957,6631.732147709913,3.0636415449174694,6.282455116939089,2.6003426310545144,29876U
2025-06-29T23:30:29.237757,-1916.3744376343639,-1393.8114438057926,6774.8182530708755,3.1930853169164126,6.384443047601164,2.1676030773680783,29876U
2025-06-29T23:31:29.237757,-1721.210196815058,-1008.2983638706617,6891.667402661557,3.3103106044470376,6.461853210811551,1.7260583293079446,29876U
2025-06-29T23:32:29.237757,-1519.3910712376824,-618.8870017604227,6981.802173399988,3.4148398244288694,6.5143393619158925,1.277409111836482,29876U
2025-06-29T23:33:29.237757,-1311.6919527558578,-227.08077868597198,7044.848221942084,3.506243458248385,6.541651552262039,0.8233895688392128,29876U
2025-06-29T23:34:29.237757,-1098.912006722958,165.60482770382052,7080.536090745493,3.5841419954678435,6.543637661084867,0.36576073142185406,29876U
2025-06-29T23:35:29.237757,-881.8716172267982,557.6481895833837,7088.702617403228,3.648207718081463,6.520244592719939,-0.09369617570126942,29876U
2025-06-29T23:36:29.237757,-661.4092307327197,947.5274959502638,7069.291938142941,3.6981663182930933,6.471519130019543,-0.5531865779450418,29876U
2025-06-29T23:37:29.237757,-438.3781083320217,1333.7267595371386,7022.356077087402,3.733798341810674,6.397608433244844,-1.010909532406605,29876U
2025-06-29T23:38:29.237757,-213.6429972737416,1714.741842164868,6948.055113608663,3.754940447561926,6.298760172112757,-1.4650648337047472,29876U
2025-06-29T23:39:29.237757,11.92326699281092,2089.0864763217164,6846.656920925557,3.761486473610859,6.175322277235375,-1.9138602286491135,29876U
2025-06-29T23:40:29.237757,237.44321641418477,2455.2982599160514,6718.536470037882,3.7533882979822613,6.027742296054784,-2.3555187216493296,29876U
2025-06-29T23:41:29.237757,462.03825102769235,2811.944600244137,6564.174694205303,3.7306564821728596,5.856566337695529,-2.7882859494916388,29876U
2025-06-29T23:42:29.237757,684.8321714677973,3157.628582269028,6384.156910505371,3.693360684433732,5.662437591067933,-3.210437600264643,29876U
2025-06-29T23:43:29.237757,904.9547292095747,3490.9947353628104,6179.170796577323,3.6416298295361265,5.4460944011741335,-3.6202868469340945,29876U
2025-06-29T23:44:29.237757,1121.5451796647483,3810.734671762633,5950.003922505097,3.5756520217598,5.208367889992422,-4.016191761499167,29876U
2025-06-29T23:45:29.237757,1333.7558224479349,4115.592569196069,5697.54083992419,3.495674188333903,4.950179110597689,-4.396562671008281,29876U
2025-06-29T23:46:29.237757,1540.7555123637117,4404.370469481621,5422.759732864108,3.4020014415647775,4.672535726352996,-4.759869412153923,29876U
2025-06-29T23:47:29.237757,1741.7331239748735,4675.9333644805965,5126.728637541477,3.2949961494297524,4.3765282110541515,-5.104648436939217,29876U
2025-06-29T23:48:29.237757,1935.9009520222844,4929.214040606397,4810.601241283358,3.175076706509356,4.063325570783857,-5.429509718210953,29876U
2025-06-29T23:49:29.237757,2122.4980295216155,5163.217653251101,4475.612273937544,3.04271599975226,3.734170593829501,-5.733143400908812,29876U
2025-06-29T23:50:29.237757,2300.793345085163,5377.026002997085,4123.072508478013,2.8984395666814673,3.3903746412220848,-6.0143261428605514,29876U
2025-06-29T23:51:29.237757,2470.0889409478655,5569.801486392342,3754.3633909613886,2.7428234471877135,3.0333119970857636,-6.27192708803891,29876U
2025-06-29T23:52:29.237757,2629.722873332598,5740.7906953940155,3370.9313234736637,2.5764917339364413,2.6644138048692163,-6.504913415499441,29876U
2025-06-29T23:53:29.237757,2779.072017194434,5889.327641341967,2974.2816271389747,2.400113830534,2.285161622446695,-6.712355408832955,29876U
2025-06-29T23:54:29.237757,2917.5546980481736,6014.836581508436,2565.9722155604713,2.2144014308398776,1.8970806358076218,-6.893430993927627,29876U
2025-06-29T23:55:29.237757,3044.6331345119133,6116.834428862224,2147.607012142962,2.0201052370500427,1.5017325773779049,-7.047429697131516,29876U
2025-06-29T23:56:29.237757,3159.815676387576,6194.932728654529,1720.8291475260678,1.8180114382817443,1.1007084007192744,-7.1737559814744145,29876U
2025-06-29T23:57:29.237757,3262.6588245364924,6248.839188734525,1287.3139757515125,1.6089379752305166,0.6956207682302634,-7.271931925340008,29876U
2025-06-29T23:58:29.237757,3352.769020470658,6278.35875407524,848.7619497419785,1.3937306199279653,0.288096412360588,-7.341599215715275,29876U
2025-06-29T23:59:29.237757,3429.8041954439745,6283.394219770274,406.8913981077139,1.173258902584619,-0.12023156640796433,-7.382520436695283,29876U
2025-06-30T00:00:29.237757,3493.4750708533697,6263.946380670125,-36.56875380257187,0.9484119198694253,-0.5277314000526325,-7.39457964305644,29876U
2025-06-30T00:01:29.237757,3543.5462039116433,6220.113719785716,-479.88627537865585,0.7200940606688705,-0.9327802870190635,-7.377782218187038,29876U
2025-06-30T00:02:29.237757,3579.836774783658,6152.091641510713,-921.3328917926199,0.4892206863413115,-1.3337718959173055,-7.33225402521528,29876U
2025-06-30T00:03:29.237757,3602.2211136412934,6060.171259523033,-1359.1914725076413,0.2567138026968528,-1.729123677500525,-7.2582398695413595,29876U
2025-06-30T00:04:29.237757,3610.6289683419673,5944.737752838451,-1791.7631065666287,0.023497760391585527,-2.117283927175633,-7.156101299903668,29876U
2025-06-30T00:05:29.237757,3605.0455156226526,5806.268306836285,-2217.3740259152532,-0.20950498085304398,-2.4967385450668225,-7.026313783352121,29876U
2025-06-30T00:06:29.237757,3585.5111207844343,5645.329659089627,-2634.3823404338646,-0.4413779907707134,-2.866017446408156,-6.869463296847731,29876U
2025-06-30T00:07:29.237757,3552.120852778271,5462.575272463356,-3041.1845511707324,-0.6712148789725946,-3.2237005815902307,-6.686242384479406,29876U
2025-06-30T00:08:29.237757,3505.0237633575916,5258.742160142702,-3436.2218114362627,-0.8981231495815938,-3.5684235323562223,-6.477445734337724,29876U
2025-06-30T00:09:29.237757,3444.4219405077697,5034.647389005475,-3817.9859088240787,-1.12122787597112,-3.8988826581989544,-6.243965332819605,29876U
2025-06-30T00:10:29.237757,3370.5693476727224,4791.184289024277,-4185.024944820383,-1.339675175427295,-4.213839774768415,-5.9867852564883774,29876U
2025-06-30T00:11:29.237757,3283.770461361991,4529.318397192534,-4535.948692327961,-1.5526354676877518,-4.512126353814602,-5.706976162582301,29876U
2025-06-30T00:12:29.237757,3184.3787205273516,4250.083164811623,-4869.433615107783,-1.7593065055467028,-4.792647241681537,-5.405689538871548,29876U
2025-06-30T00:13:29.237757,3072.79480164812,3954.575456884121,-5184.22753673444,-1.9589161699298805,-5.054383900431513,-5.084151771886826,29876U
2025-06-30T00:14:29.237757,2949.4647337644797,3643.9508718643133,-5479.153950102866,-2.150725025923433,-5.296397182149448,-4.74365808968853,29876U
2025-06-30T00:15:29.237757,2814.8778677611836,3319.4189091615476,-5753.115961749526,-2.3340286400868147,-5.517829652713103,-4.385566431449287,29876U
2025-06-30T00:16:29.237757,2669.564714049859,2982.238010629299,-6005.099868201981,-2.5081596628969463,-5.7179074861973955,-4.011291291351204,29876U
2025-06-30T00:17:29.237757,2514.09466244932,2633.7105008552226,-6234.178364206075,-2.672489683284877,-5.895941955029147,-3.6222975788299467,29876U
2025-06-30T00:18:29.237757,2349.0735975486346,2275.1774494582364,-6439.513384963515,-2.826430864872927,-6.051330543967197,-3.2200945312266516,29876U
2025-06-30T00:19:29.237757,2175.141422184758,1908.0134768510259,-6620.358586429421,-2.9694373756595973,-6.18355771793563,-2.806229708625092,29876U
2025-06-30T00:20:29.237757,1992.9695009114755,1533.6215231108938,-6776.061469252595,-3.1010066244985723,-6.292195374688198,-2.382283094262025,29876U
2025-06-30T00:21:29.237757,1803.2580345069414,1153.4275977648404,-6906.065153101763,-3.220680318772328,-6.376903013275137,-1.9498613175781636,29876U
2025-06-30T00:22:29.237757,1606.7333756989758,768.8755264981803,-7009.909808915564,-3.3280453581725755,-6.437427648377166,-1.5105920109100408,29876U
2025-06-30T00:23:29.237757,1404.145295410794,381.4217090873987,-7087.233757067603,-3.4227345794905863,-6.473603498853879,-1.0661183051653063,29876U
2025-06-30T00:24:29.237757,1196.2642079716386,-7.470098725324519,-7137.774239581897,-3.50442736682746,-6.485351476428504,-0.6180934647080896,29876U
2025-06-30T00:25:29.237757,983.8783629267848,-396.33396811186685,-7161.36787440309,-3.5728501407002002,-6.47267849741414,-0.16817565723062627,29876U
2025-06-30T00:26:29.237757,767.7910103406327,-783.7069347084914,-7157.950799365317,-3.6277767382024844,-6.4356766369076075,0.28197714931290707,29876U
2025-06-30T00:27:29.237757,548.8175458327657,-1168.1340817615796,-7127.5585129587425,-3.669028694743069,-6.374522141068169,0.7307121735228492,29876U
2025-06-30T00:28:29.237757,327.7826410402035,-1548.1735605687809,-7070.325418312297,-3.6964754359963283,-6.289474309095617,1.1763867039614613,29876U
2025-06-30T00:29:29.237757,105.5173647653003,-1922.4015404622462,-6986.484076045248,-3.710034386633197,-6.180874252459014,1.617372893158244,29876U
2025-06-30T00:30:29.237757,-117.14370024012551,-2289.4170808919225,-6876.364170837903,-3.7096710002289535,-6.0491435349325355,2.0520624765251645,29876U
2025-06-30T00:31:29.237757,-339.36534008923053,-2647.846918259422,-6740.391195780236,-3.69539871253931,-5.894782693188394,2.4788714299800723,29876U
2025-06-30T00:32:29.237757,-560.3145874651402,-2996.350160032092,-6579.084857822087,-3.667278818169325,-5.718369634190152,2.896244578786257,29876U
2025-06-30T00:33:29.237757,-779.1635894493153,-3333.622878365892,-6393.057207009106,-3.625420268595462,-5.520557902517855,3.3026601681360264,29876U
2025-06-30T00:34:29.237757,-995.0924605313379,-3658.402594996735,-6183.010491682669,-3.569979387601722,-5.302074808124238,3.6966344034078773,29876U
2025-06-30T00:35:29.237757,-1207.2921155832994,-3969.4726485606934,-5949.7347414802125,-3.5011594985094363,-5.063719402935542,4.076725964920103,29876U
2025-06-30T00:36:29.237757,-1414.967077220891,-4265.666434805668,-5694.105079817716,-3.4192104561631282,-4.806360293219538,4.441540498497318,29876U
2025-06-30T00:37:29.237757,-1617.3382515392345,-4545.871509390584,-5417.078767590185,-3.3244280755205113,-4.530933273783239,4.789735079371474,29876U
2025-06-30T00:38:29.237757,-1813.645665714651,-4809.033542159983,-5119.691980114502,-3.2171534479173314,-4.238438769863113,5.1200226429642886,29876U
2025-06-30T00:39:29.237757,-2003.151160479308,-5054.160111042984,-4803.056319784556,-3.097772135627332,-3.929939072947533,5.431176372159054,29876U
2025-06-30T00:40:29.237757,-2185.1410298604374,-5280.324322870205,-4468.355067747382,-2.9667132353081906,-3.6065553579419385,5.722034026609356,29876U
2025-06-30T00:41:29.237757,-2358.9286001421733,-5486.668247862564,-4116.839178712765,-2.824448301168118,-3.2694644706015064,5.991502196062301,29876U
2025-06-30T00:42:29.237757,-2523.8567394243837,-5672.40615387414,-3749.8230242696663,-2.6714901193740412,-2.919895476465875,6.2385604561036265,29876U
2025-06-30T00:43:29.237757,-2679.3002887284774,-5836.827526093473,-3368.6798913671214,-2.508391326187553,-2.55912596516378,6.462265401755049,29876U
2025-06-30T00:44:29.237757,-2824.6684051920674,-5979.29985762809,-2974.837244130668,-2.335742863613714,-2.188478107066735,6.661754531781776,29876U
2025-06-30T00:45:29.237757,-2959.4068075769683,-6099.271196316329,-2569.771758818935,-2.154172267918271,-1.8093144626967685,6.836249954572133,29876U
2025-06-30T00:46:29.237757,-3082.9999140907507,-6196.272433230136,-2155.0041434630466,-1.9643417881759189,-1.4230335489600818,6.985061885070601,29876U
2025-06-30T00:47:29.237757,-3194.9728624064546,-6269.9193186661505,-1732.0937555352752,-1.7669463340081464,-1.0310651700856273,7.107591901524946,29876U
2025-06-30T00:48:29.237757,-3294.8934017662727,-6319.91419197629,-1302.6330328277538,-1.5627112538032075,-0.6348655249979256,7.203335930770284,29876U
2025-06-30T00:49:29.237757,-3382.3736471810444,-6346.047412364895,-868.2417545480973,-1.3523899469279095,-0.23591210664566023,7.2718869314250085,29876U
2025-06-30T00:50:29.237757,-3457.071685993057,-6348.198478773257,-430.5611514153163,-1.1367613156832195,0.16430158755904917,7.312937245702884,29876U
2025-06-30T00:51:29.237757,-3518.693027454918,-6326.336828174075,8.75211477042628,-0.9166270649656438,0.5642715116545277,7.3262805925208365,29876U
2025-06-30T00:52:29.237757,-3566.991886490124,-6280.522302993335,448.0320800396801,-0.6928088597193847,0.9624886678154347,7.311813677153713,29876U
2025-06-30T00:53:29.237757,-3601.772293437839,-6210.9052799449,885.6096921991981,-0.46614535223849346,1.3574448156118992,7.269537395790732,29876U
2025-06-30T00:54:29.237757,-3622.8890223328112,-6117.726454280399,1319.819085129115,-0.2374890931675063,1.7476382634932817,7.199557616900647,29876U
2025-06-30T00:55:29.237757,-3630.24833112534,-6001.316275293864,1749.0038877513016,-0.007703341588584722,2.1315797105542464,7.102085525220583,29876U
2025-06-30T00:56:29.237757,-3623.8085081862578,-5862.094030847762,2171.5235412033558,0.22234120914346325,2.507798105601,6.977437518341453,29876U
2025-06-30T00:57:29.237757,-3603.580220456399,-5700.566580669525,2585.759597227545,0.4517697721949677,2.874846490096965,6.826034650158108,29876U
2025-06-30T00:58:29.237757,-3569.626659667738,-5517.3267401712965,2990.1219705114495,0.6797068564139824,3.231307791716113,6.648401619767594,29876U
2025-06-30T00:59:29.237757,-3522.0634841671963,-5313.05131853584,3383.055117699935,0.9052796852904593,3.575800535951306,6.445165308617558,29876U
2025-06-30T01:00:29.237757,-3461.0585549933435,-5088.498816754373,3763.0441160336804,1.1276216271764068,3.90698444447928,6.21705287271397,29876U
2025-06-30T01:01:29.237757,-3386.8314659708963,-4844.50679316509,4128.62061504376,1.345875618573278,4.223565890716273,5.964889400386511,29876U
2025-06-30T01:02:29.237757,-3299.6528686795405,-4581.988905796884,4478.368635424498,1.5591975629346386,4.524303185135259,5.689595149386857,29876U
2025-06-30T01:03:29.237757,-3199.843594205076,-4301.931642448012,4810.93019009221,1.766759688331562,4.808011665369685,5.392182379881445,29876U
2025-06-30T01:04:29.237757,-3087.7735745737464,-4005.390750898866,5125.010703494458,1.9677538484465917,5.0735685688088115,5.073751802129062,29876U
2025-06-30T01:05:29.237757,-2963.8605676963284,-3693.4873829689714,5419.384206413281,2.161394752637591,5.319917668175475,4.735488659276609,29876U
2025-06-30T01:06:29.237757,-2828.5686904936474,-3367.403967264904,5692.898284786113,2.3469231121949137,5.546073653371354,4.378658466739714,29876U
2025-06-30T01:07:29.237757,-2682.406765633981,-3028.3798264291636,5944.478762406572,2.523608691338309,5.751126245562004,4.004602430070142,29876U
2025-06-30T01:08:29.237757,-2525.9264879859766,-2677.70655550489,6173.134098722106,2.6907532528946803,5.934244031943529,3.61473256309436,29876U
2025-06-30T01:09:29.237757,-2359.720417475067,-2316.7231786789334,6377.959484293305,2.847693389907896,6.094678011798958,3.210526527486454,29876U
2025-06-30T01:10:29.237757,-2184.419805537272,-1946.811102186282,6558.140617779696,2.993803235590989,6.231764846223677,2.7935222139111646,29876U
2025-06-30T01:11:29.237757,-2000.6922627978822,-1569.388881570059,6712.95714955041,3.1284970449898957,6.3449298052184755,2.3653120835384285,29876U
2025-06-30T01:12:29.237757,-1809.2392759783343,-1185.906821824906,6841.785778163132,3.251231642441122,6.433689406671343,1.9275372872165848,29876U
2025-06-30T01:13:29.237757,-1610.7935823678854,-797.8414292386454,6944.102987001906,3.3615087293414807,6.497653742059615,1.4818815780326027,29876U
2025-06-30T01:14:29.237757,-1406.1164105041803,-406.68973401759837,7019.487409311486,3.4588770468898264,6.536528483513396,1.0300650315234292,29876U
2025-06-30T01:15:29.237757,-1195.9945960096506,-13.963503072133564,7067.6218107186805,3.542934388303484,6.550116566226608,0.573837586580608,29876U
2025-06-30T01:16:29.237757,-981.2375818415716,378.81663733282915,7088.294679107865,3.6133294545743784,6.538319539150975,0.1149724192304181,29876U
2025-06-30T01:17:29.237757,-762.6743125632594,770.1271489424728,7081.401412438704,3.6697635471350334,6.501138575549598,-0.3447408388769775,29876U
2025-06-30T01:18:29.237757,-541.1500326273006,1158.447578290738,7046.945095797035,3.7119920899096686,6.438675133437618,-0.8035030252196294,29876U
2025-06-30T01:19:29.237757,-317.52299911828453,1542.2665816831711,6985.036859687428,3.7398259721796885,6.351131254327707,-1.259512501435677,29876U
2025-06-30T01:20:29.237757,-92.66111991242943,1920.0879564880006,6895.895812354902,3.7531327025815324,6.238809487173151,-1.7109723240863592,29876U
2025-06-30T01:21:29.237757,132.56147119487767,2290.436656034225,6779.848539807499,3.7518373634514433,6.10211242311469,-2.1560975142774343,29876U
2025-06-30T01:22:29.237757,357.2678901878974,2651.8647645457236,6637.328168246326,3.7359233537330834,5.941541825736886,-2.5931224062823293,29876U
2025-06-30T01:23:29.237757,580.5820164289274,3002.9574076093168,6468.872984837611,3.7054329078562156,5.757697341170869,-3.020308051711312,29876U
2025-06-30T01:24:29.237757,801.6320304595987,3342.338572725682,6275.124614221591,3.66046737747007,5.551274772669778,-3.4359496516746417,29876U
2025-06-30T01:25:29.237757,1019.5539615100644,3668.6768135703164,6056.8257498738,3.601187262754024,5.323063905335263,-3.8383839849398007,29876U
2025-06-30T01:26:29.237757,1233.4952294156842,3980.690810742509,5814.8174414380355,3.5278119803033743,5.073945868565523,-4.225996795450382,29876U
2025-06-30T01:27:29.237757,1442.618164860519,4277.154761063542,5550.035941442972,3.4406193553536832,4.804890026567406,-4.597230097959402,29876U
2025-06-30T01:28:29.237757,1646.1034911381878,4556.903566948982,5263.509117397587,3.3399448274037224,4.516950390936988,-4.950589356132256,29876U
2025-06-30T01:29:29.237757,1843.1537499865778,4818.8377970931215,4956.352438107361,3.2261803601379646,4.211261553820096,-5.284650483526874,29876U
2025-06-30T01:30:29.237757,2032.9966535382955,5061.928389705659,4629.764546140597,3.0997730489306043,3.889034145451324,-5.598066614555667,29876U
2025-06-30T01:31:29.237757,2214.88834407398,5285.221069886926,4285.022431653005,2.961223422104506,3.551549825817414,-5.889574590084382,29876U
2025-06-30T01:32:29.237757,2388.11654310271,5487.840453459622,3923.476226184963,2.8110834354631677,3.2001558266460197,-6.158001100905254,29876U
2025-06-30T01:33:29.237757,2552.0035713432844,5668.993810710413,3546.54363852416,2.6499541633425476,2.8362590667162686,-6.4022684320660925,29876U
2025-06-30T01:34:29.237757,2705.909221473062,5827.974465062588,3155.704058184818,2.4784831934419014,2.461319870408241,-6.621399752063425,29876U
2025-06-30T01:35:29.237757,2849.233466054891,5964.164803694523,2752.4923554234797,2.2973617368834454,2.0768453262498396,-6.814523893263312,29876U
2025-06-30T01:36:29.237757,2981.4189838634284,6077.038879534956,2338.492409889385,2.1073214691910334,1.6843823287434858,-6.9808795736198785,29876U
2025-06-30T01:37:29.237757,3101.9534888981034,6166.16458686771,1915.3304029374453,1.9091311220516354,1.285510352768365,-7.119819014763745,29876U
2025-06-30T01:38:29.237757,3210.371847698675,6231.2053959423465,1484.6679111919477,1.7035928496815596,0.8818340151091287,-7.230810917763415,29876U
2025-06-30T01:39:29.237757,3306.2579721356315,6271.921635442134,1048.1948411156661,1.4915383972581415,0.47497548202010703,-7.313442765160938,29876U
2025-06-30T01:40:29.237757,3389.2464766230432,6288.171315359289,607.6222460047043,1.2738251020596871,0.06656678499490125,-7.367422426093208,29876U
2025-06-30T01:41:29.237757,3459.0240906525855,6279.910486686722,164.67506797492047,1.0513317605924526,-0.3417578910177116,-7.392579050204863,29876U
2025-06-30T01:42:29.237757,3515.330819642808,6247.193138282003,-278.9151519185706,0.8249543969813273,-0.7483698819256375,-7.38886324540618,29876U
2025-06-30T01:43:29.237757,3557.960849292351,6190.17063520865,-721.4175522985819,0.5956019691972056,-1.151653616844146,-7.356346544070906,29876U
2025-06-30T01:44:29.237757,3586.7631908741428,6109.090706729761,-1161.1091762841831,0.36419205025122203,-1.5500140258443507,-7.2952201717416445,29876U
2025-06-30T01:45:29.237757,3601.6420671635738,6004.295995838284,-1596.2821011481478,0.13164652128309437,-1.9418837235761652,-7.205793141554012,29876U
2025-06-30T01:46:29.237757,3602.5570409083075,5876.222185682167,-2025.2504331614948,-0.10111268747665365,-2.3257299135277543,-7.088489706157692,29876U
2025-06-30T01:47:29.237757,3589.522889877164,5725.3957214113225,-2446.3571301860584,-0.33316777355550853,-2.7000609630186814,-6.943846206676216,29876U
2025-06-30T01:48:29.237757,3562.609234526451,5552.431148780552,-2857.980617222331,-0.563609124903513,-3.0634326052384147,-6.772507365012553,29876U
2025-06-30T01:49:29.237757,3521.9399261581825,5358.028093239818,-3258.5411631376855,-0.7915392392808781,-3.414453731556924,-6.575222071413232,29876U
2025-06-30T01:50:29.237757,3467.6922050819744,5142.9679051951425,-3646.506990112252,-1.0160764746689732,-3.751791744746556,-6.3528387235285715,29876U
2025-06-30T01:51:29.237757,3400.0956397071413,4908.109998612815,-4020.400090853845,-1.236358608777454,-4.074177451442889,-6.106300176178434,29876U
2025-06-30T01:52:29.237757,3319.4308586640195,4654.387911153986,-4378.801732278174,-1.4515461897657693,-4.380409479933857,-5.836638362614722,29876U
2025-06-30T01:53:29.237757,3226.0280889731116,4382.805114575091,-4720.357628029771,-1.6608256644911252,-4.669358216981604,-5.544968648279857,29876U
2025-06-30T01:54:29.237757,3120.2655139442722,4094.43060423001,-5043.782765854999,-1.863412274820836,-4.939969264656235,-5.232483976947486,29876U
2025-06-30T01:55:29.237757,3002.5674648980257,3790.3942961896546,-5347.865879355523,-2.058552716690716,-5.191266424917328,-4.900448866788632,29876U
2025-06-30T01:56:29.237757,2873.402460969005,3471.882259795943,-5631.473556976991,-2.2455275605438922,-5.422354225758996,-4.550193310459792,29876U
2025-06-30T01:57:29.237757,2733.2811111926617,3140.1318124351887,-5893.5539841652835,-2.423653435450486,-5.632420008011664,-4.183106628910736,29876U
2025-06-30T01:58:29.237757,2582.7538928134827,2796.4265020064395,-6133.140317401228,-2.5922849825040544,-5.8207355962685545,-3.8006313234333957,29876U
2025-06-30T01:59:29.237757,2422.408819309205,2442.091001026352,-6349.3536912692,-2.7508165859488285,-5.98665858081397,-3.4042569647022285,29876U
2025-06-30T02:00:29.237757,2252.8690110345688,2078.485934623174,-6541.405861792779,-2.8986838928563827,-6.129633239832403,-2.9955141513960606,29876U
2025-06-30T02:01:29.237757,2074.790180675627,1707.0026628767787,-6708.601490976748,-3.0353651340125403,-6.2491911325770975,-2.575968564624995,29876U
2025-06-30T02:02:29.237757,1888.858044908363,1329.0580361285806,-6850.340078818617,-3.1603822599719513,-6.344951394592341,-2.1472151380162887,29876U
2025-06-30T02:03:29.237757,1695.785672802478,946.0891400628193,-6966.117550008287,-3.273301906991353,-6.416620765572101,-1.710872357112722,29876U
2025-06-30T02:04:29.237757,1496.3107806379387,559.5480456087138,-7055.5275031352085,-3.373736207774072,-6.4639933790717174,-1.2685766958815656,29876U
2025-06-30T02:05:29.237757,1291.1929819329885,170.8965770659474,-7118.262130501011,-3.461343461680215,-6.486950341168384,-0.8219771927561471,29876U
2025-06-30T02:06:29.237757,1081.2110006502364,-218.39888963652015,-7154.112816620766,-3.535828678317283,-6.485459122397958,-0.3727301638728787,29876U
2025-06-30T02:07:29.237757,867.159854774794,-606.8725879483195,-7162.970423232053,-3.5969440072767944,-6.459572784006793,0.07750595287934177,29876U
2025-06-30T02:08:29.237757,649.8480167645382,-993.0644714787533,-7144.825268161805,-3.6444890652860575,-6.409429055877645,0.5270756326404687,29876U
2025-06-30T02:09:29.237757,430.094556777511,-1375.525265938303,-7099.766804773642,-3.678311170264336,-6.335249279553686,0.974331189252097,29876U
2025-06-30T02:10:29.237757,208.72627409729773,-1752.8214542762603,-7027.983007983558,-3.6983054897814345,-6.237337225728964,1.4176376054355584,29876U
2025-06-30T02:11:29.237757,-13.425178188508571,-2123.5401874675567,-6929.759472038318,-3.7044151092875843,-6.116077791528434,1.8553772817806564,29876U
2025-06-30T02:12:29.237757,-235.5261704413245,-2486.2941135890965,-6805.478224447236,-3.696631023287591,-5.971935578990926,2.2859547186980325,29876U
2025-06-30T02:13:29.237757,-456.7439709543971,-2839.7261177972046,-6655.616259691287,-3.67499205044294,-5.805453352509434,2.707801144538665,29876U
2025-06-30T02:14:29.237757,-676.249612957607,-3182.5139655962935,-6480.743795643565,-3.639584671469413,-5.617250369676297,3.1193791014072074,29876U
2025-06-30T02:15:29.237757,-893.220749309582,-3513.3748413859785,-6281.522255065005,-3.5905427867186206,-5.408020577119702,3.51918699785799,29876U
2025-06-30T02:16:29.237757,-1106.8444898131809,-3831.06977373103,-6058.701974117525,-3.528047388546719,-5.178530660572484,3.9057636347742695,29876U
2025-06-30T02:17:29.237757,-1316.3202157656165,-4134.407938137353,-5813.11963959385,-3.452326142032137,-4.929617936645142,4.27769270738713,29876U
2025-06-30T02:18:29.237757,-1520.8623659482007,-4422.250827370895,-5545.695456523423,-3.3636528663489846,-4.662188072626559,4.6336072827029735,29876U
2025-06-30T02:19:29.237757,-1719.703187799481,-4693.516278573287,-5257.430047982243,-3.2623469081649588,-4.377212620120933,4.9721942477126975,29876U
2025-06-30T02:20:29.237757,-1912.095446999457,-4947.182345617872,-4949.4010893399445,-3.148772397841443,-4.0757263484762705,5.292198719740758,29876U
2025-06-30T02:21:29.237757,-2097.315088166543,-5182.29100438521,-4622.759679792893,-3.0233373789746403,-3.758824364727713,5.592428406323369,29876U
2025-06-30T02:22:29.237757,-2274.663838824902,-5397.951677912653,-4278.726454888405,-2.8864928019466296,-3.4276590081774314,5.871757898150358,29876U
2025-06-30T02:23:29.237757,-2443.4717482828914,-5593.344567756787,-3918.5874447991077,-2.7387313726390183,-3.083436509687866,6.129132875019906,29876U
2025-06-30T02:24:29.237757,-2603.0996525759374,-5767.723777407129,-3543.6896843662644,-2.580586248293994,-2.7274134082447916,6.363574201512722,29876U
2025-06-30T02:25:29.237757,-2752.941556196868,-5920.420213244019,-3155.4365823616677,-2.4126295736616963,-2.3608927202713317,6.574181886300693,29876U
2025-06-30T02:26:29.237757,-2892.426920979462,-6050.844248363758,-2755.2830589960777,-2.2354708520193785,-1.985219860466306,6.7601388767404655,29876U
2025-06-30T02:27:29.237757,-3021.0228522289885,-6158.488134616414,-2344.7304624039293,-2.049755147352245,-1.6017783165204496,6.920714658727601,29876U
2025-06-30T02:28:29.237757,-3138.236172027711,-6242.928148437325,-1925.3212766106005,-1.8561611158976616,-1.2119850838224446,7.0552686307598735,29876U
2025-06-30T02:29:29.237757,-3243.6153695861963,-6303.826456503208,-1498.6336353229551,-1.6553988673331879,-0.8172858701241291,7.16325322080117,29876U
2025-06-30T02:30:29.237757,-3336.7524185797843,-6340.932687919744,-1066.27565771879,-1.4482076580725478,-0.4191500839713647,7.244216714874791,29876U
2025-06-30T02:31:29.237757,-3417.2844516035007,-6354.085200542541,-629.8796242189566,-1.2353534213711137,-0.019065624435108355,7.297805767336391,29876U
2025-06-30T02:32:29.237757,-3484.895282202538,-6343.2120301426185,-191.0960119675717,-1.017626141176058,0.3814665068020269,7.323767564461662,29876U
2025-06-30T02:33:29.237757,-3539.3167653906276,-6308.331512438306,248.41258862611744,-0.7958370788238053,0.7809377467350294,7.321951615292729,29876U
2025-06-30T02:34:29.237757,-3580.329988146265,-6249.552569509445,686.9776534356703,-0.5708158637407519,1.1778376385949172,7.292311146558823,29876U
2025-06-30T02:35:29.237757,-3607.766282075815,-6167.07465376461,1122.9309760958058,-0.34340746118064147,1.5706595961970453,7.2349040818492165,29876U
2025-06-30T02:36:29.237757,-3621.5080512374025,-6061.187344422152,1554.6109661320963,-0.1144690316965418,1.957906733731979,7.149893588979341,29876U
2025-06-30T02:37:29.237757,-3621.489409021894,-5932.269593359003,1980.3689675810506,0.11513330155602954,2.338097728353627,7.037548183553942,29876U
2025-06-30T02:38:29.237757,-3607.696618968236,-5780.788619147819,2398.5755712877253,0.3445277604760377,2.7097726821954073,6.898241380985344,29876U
2025-06-30T02:39:29.237757,-3580.168335436144,-5607.298450105548,2807.6268936792353,0.5728402766348524,3.0714989503240355,6.732450893553191,29876U
2025-06-30T02:40:29.237757,-3538.995641147751,-5412.438119182225,3205.9507946775384,0.7991978943946669,3.421876901599657,6.540757373377183,29876U
2025-06-30T02:41:29.237757,-3484.321879724551,-5196.929515492734,3592.013007533767,1.0227321939393357,3.759545580423862,6.323842706301116,29876U
2025-06-30T02:42:29.237757,-3416.3422824647546,-4961.574899202344,3964.3231537346905,1.2425827158301683,4.083188238880161,6.082487865541887,29876U
2025-06-30T02:43:29.237757,-3335.3033897109967,-4707.254088290657,4321.440616726037,1.4579003692051664,4.391537710733469,5.817570337442797,29876U
2025-06-30T02:44:29.237757,-3241.5022682301515,-4434.921327410157,4661.980249000785,1.6678508065242934,4.683381601080012,5.530061134697427,29876U
2025-06-30T02:45:29.237757,-3135.2855270489213,-4145.6018506038035,4984.6178880828575,1.8716177487839523,4.9575672680312755,5.2210214149091305,29876U
2025-06-30T02:46:29.237757,-3017.048135147571,-3840.388151035371,5288.095658065893,2.068406246331941,5.213006575571504,4.891598724273179,29876U
2025-06-30T02:47:29.237757,-2887.232045297139,-3520.435972105857,5571.227034608774,2.257445861753918,5.448680399539368,4.543022887486827,29876U
2025-06-30T02:48:29.237757,-2746.3246291255045,-3186.960035376041,5832.901652607556,2.4379937627123147,5.663642871439312,4.1766015657053375,29876U
2025-06-30T02:49:29.237757,-2594.8569292106604,-2841.2295215946283,6072.089837118,2.609337714033145,5.857025347376662,3.79371550449689,29876U
2025-06-30T02:50:29.237757,-2433.401734624563,-2484.563321850192,6287.8468394625415,2.7707989596932125,6.028040091734493,3.395813493352326,29876U
2025-06-30T02:51:29.237757,-2262.5714868932537,-2118.325076445502,6479.316761782533,2.9217349865940654,6.175983667176912,2.9844070574583186,29876U
2025-06-30T02:52:29.237757,-2083.0160238038916,-1743.9180195496647,6645.736154568826,3.0615421630680055,6.3002400241043786,2.561064901234575,29876U
2025-06-30T02:53:29.237757,-1895.420168891812,-1362.7796480529898,6786.437272892941,3.1896582458918723,6.400283283745054,2.1274071216933357,29876U
2025-06-30T02:54:29.237757,-1700.5011747909589,-976.3762333531325,6900.850978158988,3.3055647501528083,6.475680209618973,1.6850992081237979,29876U
2025-06-30T02:55:29.237757,-1499.0060289489413,-586.1971950759695,6988.509273192447,3.408789176590928,6.526092362152652,1.235845843081306,29876U
2025-06-30T02:56:29.237757,-1291.7086305104717,-193.74935601276226,7049.04745938018,3.498907091025498,6.551277930778968,0.7813845183121307,29876U
2025-06-30T02:57:29.237757,-1079.4068474788864,199.44890213568698,7082.205905389017,3.5755440501633613,6.551093236982844,0.32347897820605,29876U
2025-06-30T02:58:29.237757,-862.9194635941599,591.8735622463503,7087.831417737051,3.6383773675111555,6.525493900528316,-0.13608749722848648,29876U
2025-06-30T02:59:29.237757,-643.0830247312451,982.000954083448,7065.878204202782,3.6871377123079685,6.4745356596303765,-0.5955189579253587,29876U
2025-06-30T03:00:29.237757,-420.7485950454254,1368.313774468601,7016.408421766085,3.7216105334148084,6.398374834240906,-1.0530137853263497,29876U
2025-06-30T03:01:29.237757,-196.7784335735337,1749.3071237034133,6939.592301525416,3.741637299012371,6.2972684200421325,-1.506771816148792,29876U
2025-06-30T03:02:29.237757,27.957397447210983,2123.4945358867917,6835.707843868674,3.747116541846831,6.171573799330964,-1.9550015725673102,29876U
2025-06-30T03:03:29.237757,252.5844806511506,2489.4139799209247,6705.140078141,3.7380046987105975,6.021748053890878,-2.3959275803272453,29876U
2025-06-30T03:04:29.237757,476.22753543179977,2845.633807106,6548.37988218894,3.714316731945285,5.848346864322448,-2.8277977529951417,29876U
2025-06-30T03:05:29.237757,698.0139403152867,3190.7586202678876,6366.022358516667,3.676126520093811,5.652022980288381,-3.2488908166572434,29876U
2025-06-30T03:06:29.237757,917.0772717123829,3523.435038438988,6158.764765387524,3.623567004496023,5.433524246822797,-3.657523745092505,29876U
2025-06-30T03:07:29.237757,1132.5608441310717,3842.3573302134973,5927.404003084573,3.5568300786941403,5.1936911733679745,-4.052059170867733,29876U
2025-06-30T03:08:29.237757,1343.6212361470423,4146.272888130405,5672.833657700664,3.476166208050848,4.933454034568692,-4.43091273317938,29876U
2025-06-30T03:09:29.237757,1549.4317856691896,4433.987515804742,5396.040607287993,3.381883768035645,4.653829495123875,-4.792560318740894,29876U
2025-06-30T03:10:29.237757,1749.1860373645723,4704.370499133388,5098.101197922101,3.2743480912242484,4.355916755122282,-5.13554514785846,29876U
2025-06-30T03:11:29.237757,1942.101124532685,4956.359432763747,4780.177000222243,3.153980215191136,4.040893217240241,-5.45848465422056,29876U
2025-06-30T03:12:29.237757,2127.421067292804,5188.964773206598,4443.510160063839,3.0212553261333412,3.710009682840697,-5.760077104084403,29876U
2025-06-30T03:13:29.237757,2304.419968695006,5401.274090528315,4089.418360575576,2.876700896204069,3.364585090259965,-6.039107898645261,29876U
2025-06-30T03:14:29.237757,2472.4050903182806,5592.4559915128175,3719.2894159633347,2.720894516089849,3.006000815229498,-6.2944555025905355,29876U
2025-06-30T03:15:29.237757,2630.719789098901,5761.763688556315,3334.575521180057,2.554461428252173,2.6356945602697044,-6.525096942283658,29876U
2025-06-30T03:16:29.237757,2778.746297563288,5908.538190364511,2936.787184872554,2.3780717703660126,2.255153866789386,-6.73011281878397,29876U
2025-06-30T03:17:29.237757,2915.908330326259,6032.211092750419,2527.486876310425,2.192437542710227,1.865909290318254,-6.908691784010025,29876U
2025-06-30T03:18:29.237757,3041.6735006669196,6132.306950465974,2108.2824200464556,1.9983093174710445,1.4695272855614585,-7.0601344327847615,29876U
2025-06-30T03:19:29.237757,3155.5555322024916,6208.44521400796,1680.820174792373,1.7964727119801218,1.0676028535836122,-7.183856569192046,29876U
2025-06-30T03:20:29.237757,3257.116252134234,6260.341718671328,1246.7780353386668,1.587744651693893,0.6617520082050719,-7.2793918125110215,29876U
2025-06-30T03:21:29.237757,3345.9673542151595,6287.809716720563,807.8582982436327,1.3729694521135463,0.2536041224625247,-7.346393515814808,29876U
2025-06-30T03:22:29.237757,3421.771921461416,6290.760447347012,365.78043339408475,1.1530147517280795,-0.15520578140329674,-7.384635978930454,29876U
2025-06-30T03:23:29.237757,3484.2457006586174,6269.20324299666,-77.72619562379566,0.9287673303525545,-0.5630447335996198,-7.394014946624344,29876U
2025-06-30T03:24:29.237757,3533.1581228651166,6223.2451746114975,-520.9296191584934,0.7011288488451773,-0.9682894451888073,-7.374547392356714,29876U
2025-06-30T03:25:29.237757,3568.333066337841,6153.090242242226,-962.1025142810264,0.4710115470781623,-1.3693337996299337,-7.3263705974756315,29876U
2025-06-30T03:26:29.237757,3589.649360558612,6059.0381212810025,-1399.5293807920466,0.2393339371771355,-1.7645961463909785,-7.249740545034618,29876U
2025-06-30T03:27:29.237757,3597.041032272302,5941.482478150068,-1831.513599992916,0.0070165284280215056,-2.152526339348123,-7.145029656263412,29876U
2025-06-30T03:28:29.237757,3590.4972966155397,5800.908872595189,-2256.3843377544526,-0.22502238109088546,-2.5316124675667506,-7.0127239058627335,29876U
2025-06-30T03:29:29.237757,3570.0622984731085,5637.89226670738,-2672.5032558815933,-0.4558708131239871,-2.900387231904749,-6.85341935951956,29876U
2025-06-30T03:30:29.237757,3535.8346111088495,5453.094163382501,-3078.2709986267473,-0.6846270877138768,-3.2574339274988016,-6.667818183175518,29876U
2025-06-30T03:31:29.237757,3487.966500843287,5247.259399081273,-3472.1334243987058,-0.9104036443289403,-3.601391999413539,-6.456724178483906,29876U
2025-06-30T03:32:29.237757,3426.662968064436,5021.2126174521145,-3852.5875561403486,-1.1323306820368568,-3.930962146318418,-6.221037902471939,29876U
2025-06-30T03:33:29.237757,3352.180576137369,4775.8544516035345,-4218.187227449345,-1.3495595990472053,-4.24491095481679,-5.9617514316239975,29876U
2025-06-30T03:34:29.237757,3264.8260808109426,4512.157443570794,-4567.548405181736,-1.5612662160735749,-4.542075054751126,-5.679942831420764,29876U
2025-06-30T03:35:29.237757,3164.954873495853,4231.1617298174315,-4899.354172945535,-1.7666537721821876,-4.821364793262022,-5.376770391835045,29876U
2025-06-30T03:36:29.237757,3052.9692523108374,3933.970521477042,-5212.359363465794,-1.9649556859760717,-5.081767432385321,-5.053466687480209,29876U
2025-06-30T03:37:29.237757,2929.3165350685745,3621.745407506608,-5505.394831219646,-2.1554380790041354,-5.322349881371761,-4.711332518138949,29876U
2025-06-30T03:38:29.237757,2794.487028412885,3295.7015080315377,-5777.3713599354705,-2.337402062082258,-5.542260980566457,-4.351730781406615,29876U
2025-06-30T03:39:29.237757,2649.0118671467553,2957.1025039735528,-6027.283202462325,-2.5101857886742396,-5.7407333584720375,-3.9760803243386036,29876U
2025-06-30T03:40:29.237757,2493.460737424884,2607.255567608787,-6254.211253115049,-2.673166282537459,-5.917084887470606,-3.5858498154622054,29876U
2025-06-30T03:41:29.237757,2328.4394969586265,2247.5062170791925,-6457.325854840214,-2.8257610494221828,-6.0707197665336805,-3.1825516725089584,29876U
2025-06-30T03:42:29.237757,2154.5877047203867,1879.2331161223237,-6635.889245422104,-2.9674294846912006,-6.201129261099191,-2.7677360749255753,29876U
2025-06-30T03:43:29.237757,1972.5760718739764,1503.8428384628796,-6789.257648439489,-3.0976740902654436,-6.307892131145974,-2.342985083834804,29876U
2025-06-30T03:44:29.237757,1783.1038448282222,1122.7646144754076,-6916.883015801689,-3.2160415152972726,-6.39067477839303,-1.9099068858225172,29876U
2025-06-30T03:45:29.237757,1586.896130444093,737.4450759357231,-7018.3144294488,-3.322123435431595,-6.449231142558439,-1.470130170897356,29876U
2025-06-30T03:46:29.237757,1384.7011725548016,349.3430129813771,-7093.199170217576,-3.4155572854579153,-6.483402374816362,-1.0252986493657692,29876U
2025-06-30T03:47:29.237757,1177.287588108013,-40.075844165612594,-7141.2834619860805,-3.4960268596208195,-6.493116314098361,-0.5770657073155249,29876U
2025-06-30T03:48:29.237757,965.4415704386881,-429.3440075570397,-7162.412899051442,-3.5632627928880076,-6.4783867888128865,-0.12708919602352065,29876U
2025-06-30T03:49:29.237757,749.964066451087,-816.9973680011408,-7156.532564310702,-3.6170429351300495,-6.439312763034244,0.32297365301634384,29876U
2025-06-30T03:50:29.237757,531.6679338498507,-1201.580276694326,-7123.686845251166,-3.657192628508963,-6.376077342373046,0.7714711985474292,29876U
2025-06-30T03:51:29.237757,311.37508402305235,-1581.6505637848281,-7064.018954062611,-3.6835848964726057,-6.288946650718669,1.2167622585379227,29876U
2025-06-30T03:52:29.237757,89.9136157644825,-1955.7844861657843,-6977.770157409234,-3.696140550678476,-6.178268584975331,1.6572208918237183,29876U
2025-06-30T03:53:29.237757,-131.88505527601185,-2322.5815970883473,-6865.278720592563,-3.6948282200005607,-6.044471450923062,2.0912411067565615,29876U
2025-06-30T03:54:29.237757,-353.18906669398706,-2680.669530249056,-6726.978570046402,-3.679664303574375,-5.888062479545237,2.5172415106075747,29876U
2025-06-30T03:55:29.237757,-573.1689743103727,-3028.7086908670794,-6563.397677373996,-3.650712847681169,-5.709626219682055,2.9336699121174057,29876U
2025-06-30T03:56:29.237757,-791.0006072838638,-3365.3968459424977,-6375.156167506904,-3.608085344225603,-5.509822799791464,3.3390078875340996,29876U
2025-06-30T03:57:29.237757,-1005.8679084227016,-3689.4736053975384,-6162.964153072879,-3.5519404466835125,-5.289386049009752,3.731775317821074,29876U
2025-06-30T03:58:29.237757,-1216.9657544819743,-3999.72478519342,-5927.619296730349,-3.482483597739252,-5.049121465661895,4.110534901568646,29876U
2025-06-30T03:59:29.237757,-1423.5027508582061,-4294.986642796025,-5670.004103094072,-3.3999665614433194,-4.789904019937083,4.473896644587113,29876U
2025-06-30T04:00:29.237757,-1624.7039946557063,-4574.149974592564,-5391.082941947915,-3.3046868516350894,-4.51267577663719,4.820522323341906,29876U
2025-06-30T04:01:29.237757,-1819.8137996044995,-4836.164064055073,-5091.898804737433,-3.1969870476233546,-4.218443323751292,5.1491299154096755,29876U
2025-06-30T04:02:29.237757,-2008.098375784773,-5080.040468652855,-4773.569796857212,-3.0772539877166625,-3.9082749930980136,5.458497986123177,29876U
2025-06-30T04:03:29.237757,-2188.8484565739027,-5304.856632766519,-4437.285368995167,-2.945917831155309,-3.5832978603937238,5.747470016647194,29876U
2025-06-30T04:04:29.237757,-2361.3818646996738,-5509.759313183789,-4084.302291763593,-2.803450979319289,-3.2446945138146637,6.014958655000611,29876U
2025-06-30T04:05:29.237757,-2525.0460087789947,-5693.967803197485,-3715.940379016657,-2.650366847759747,-2.893699582372872,6.25994986812287,29876U
2025-06-30T04:06:29.237757,-2679.2203012613713,-5856.776940903954,-3333.5779666124504,-2.487218481610184,-2.5315960181618804,6.481506970069313,29876U
2025-06-30T04:07:29.237757,-2823.3184883028957,-5997.559887045269,-2938.6471548951085,-2.3145970082490765,-2.1597111296688167,6.6787744989010065,29876U
2025-06-30T04:08:29.237757,-2956.7908817823204,-6115.77065766925,-2532.6288248242813,-2.1331299226750224,-1.7794123668162423,6.850981912878894,29876U
2025-06-30T04:09:29.237757,-3079.1264834535477,-6210.946397016464,-2117.047439430112,-1.9434792028770407,-1.392102862094435,6.9974470752401725,29876U
2025-06-30T04:10:29.237757,-3189.8549911193177,-6282.7093763934845,-1693.465644087885,-1.746339254490012,-0.9992167359779757,7.1175794961654075,29876U
2025-06-30T04:11:29.237757,-3288.548676719685,-6330.76870536407,-1263.4786809499014,-1.5424346861667058,-0.6022141786887266,7.210883300562412,29876U
2025-06-30T04:12:29.237757,-3374.8241263634663,-6354.921742385549,-828.7086347004613,-1.332517919316763,-0.20257632416637814,7.276959891002206,29876U
2025-06-30T04:13:29.237757,-3448.343832593186,-6355.05519303075,-390.7985285839002,-1.1173666381068466,0.1982000642522151,7.315510276527381,29876U
2025-06-30T04:14:29.237757,-3508.8176295689736,-6331.145885158744,48.59370866163635,-0.8977810878184458,0.5986080735744562,7.3263370400853765,29876U
2025-06-30T04:15:29.237757,-3556.0039623765815,-6283.261211811447,487.80138276165405,-0.6745812317759248,0.9971362604090872,7.309345919962795,29876U
2025-06-30T04:16:29.237757,-3589.710982308928,-6211.559234200923,925.1552571536009,-0.44860377902028037,1.3922743812359957,7.264546983749434,29876U
2025-06-30T04:17:29.237757,-3609.7974607264214,-6116.288438887268,1358.9898347070161,-0.22069909667571372,1.7825192030679236,7.1920553769567475,29876U
2025-06-30T04:18:29.237757,-3616.173514960642,-5997.7871451000665,1787.6496721068693,0.008271977520219775,2.166380362318864,7.0920916323598355,29876U
2025-06-30T04:19:29.237757,-3608.8011406711007,-5856.482560099009,2209.4957003215063,0.23744140579839268,2.542386238691494,6.964981530320066,29876U
2025-06-30T04:20:29.237757,-3587.6945460832344,-5692.889482462915,2622.911524072652,0.46593728638890325,2.90908981050187,6.811155504660995,29876U
2025-06-30T04:21:29.237757,-3552.9202846059516,-5507.608655211319,3026.3096729655854,0.6928872367185246,3.265074458046468,6.631147592998746,29876U
2025-06-30T04:22:29.237757,-3504.597183432238,-5301.324772659262,3418.137776944068,0.9174218052114239,3.60895968238265,6.425593934649025,29876U
2025-06-30T04:23:29.237757,-3442.896066845417,-5074.804146854338,3796.8846389874548,1.1386778931773178,3.939406708187583,6.195230823235058,29876U
2025-06-30T04:24:29.237757,-3368.0392740670577,-4828.892041309763,4161.086178462319,1.3558021686382036,4.255123941133352,5.940892324795282,29876U
2025-06-30T04:25:29.237757,-3280.299972571829,-4564.509681502939,4509.3312192514795,1.5679544546026316,4.554872252387162,5.663507475444975,29876U
2025-06-30T04:26:29.237757,-3180.0012688419447,-4282.6509532312175,4840.267097687449,1.7743110752106273,4.8374700653302645,5.3640970754031185,29876U
2025-06-30T04:27:29.237757,-3067.515119522707,-3984.378801382122,5152.605066388422,1.9740681443008041,5.101798222290898,5.043770098391676,29876U
2025-06-30T04:28:29.237757,-2943.26104686065,-3670.821342979798,5445.1254712888085,2.1664447822337136,5.346804611888799,4.70371973701964,29876U
2025-06-30T04:29:29.237757,-2807.704663145416,-3343.1677094990773,5716.682680446957,2.3506862481897683,5.571508540389821,4.345219105759526,29876U
2025-06-30T04:30:29.237757,-2661.3560096290857,-3002.6636343940136,5966.209744560917,2.526066976581004,5.775004833155841,3.969616623520545,29876U
2025-06-30T04:31:29.237757,-2504.7677160639983,-2650.606802585314,6192.722770483487,2.69189350760359,5.956467654735579,3.5783310976708522,29876U
2025-06-30T04:32:29.237757,-2338.532987579298,-2288.3419792916184,6395.3249903801025,2.8475073032577796,6.1151540382914735,3.1728465307098697,29876U
2025-06-30T04:33:29.237757,-2163.2834261165885,-1917.2559361030578,6573.210510475669,2.9922874413068503,6.250407116807518,2.754706669740213,29876U
2025-06-30T04:34:29.237757,-1979.6866940753569,-1538.7721926026477,6725.6677245699,3.125653180588552,6.361659049813636,2.32550931754078,29876U
2025-06-30T04:35:29.237757,-1788.4440281917848,-1154.345592172745,6852.082378645063,3.2470663917860203,6.448433640154812,1.8869004225250792,29876U
2025-06-30T04:36:29.237757,-1590.2876120049596,-765.4567309070203,6951.940273937525,3.356033848182987,6.510348635613276,1.4405679633135984,29876U
2025-06-30T04:37:29.237757,-1385.9778155724753,-373.60625882246336,7024.829596789562,3.45210937104946,6.547117709970884,0.9882356422056746,29876U
2025-06-30T04:38:29.237757,-1176.3003114002634,19.69092714119144,7070.44286445181,3.534895824130041,6.558552117419522,0.5316564006417752,29876U
2025-06-30T04:39:29.237757,-962.0630758658745,412.9115785115515,7088.578476785384,3.604046951255189,6.544562013156775,0.07260576892992524,29876U
2025-06-30T04:40:29.237757,-744.0932857628698,804.5300588257442,7079.141864539006,3.6592690503922025,6.505157431636298,-0.3871249377991043,29876U
2025-06-30T04:41:29.237757,-523.2341199863035,1193.0243545894605,7042.146225586156,3.7003224765519875,6.440448912392357,-0.8457355651612646,29876U
2025-06-30T04:42:29.237757,-300.34147683431183,1576.8821123114512,6977.712841236809,3.727022964925874,6.350647761761959,-1.3014241934081507,29876U
2025-06-30T04:43:29.237757,-76.28061791809763,1954.6066795731267,6886.07096553202,3.739242764523679,6.236065937328472,-1.75239432477681,29876U
2025-06-30T04:44:29.237757,148.07724973237708,2324.7231272861286,6767.5572813329345,3.7369115714987293,6.097115540663988,-2.19686216706599,29876U
2025-06-30T04:45:29.237757,371.85844112346894,2685.784229419652,6622.614918072532,3.720017250370574,5.934307903099603,-2.633063993172797,29876U
2025-06-30T04:46:29.237757,594.190297347721,3036.376375547882,6451.792027292344,3.6886063305803685,5.748252248948921,-3.059263552684352,29876U
2025-06-30T04:47:29.237757,814.20471249406,3375.125390624462,6255.739913574931,3.6427842653263025,5.53965392097569,-3.4737595074983343,29876U
2025-06-30T04:48:29.237757,1031.0416688914254,3700.702235482235,6035.210720232034,3.5827154395083785,5.309312154029904,-3.874892858993978,29876U
2025-06-30T04:49:29.237757,1243.8527653587876,4011.8285607211856,5791.054671142459,3.5086229139317764,5.058117384757666,-4.261054329651703,29876U
2025-06-30T04:50:29.237757,1451.8047223635406,4307.282085951313,5524.21687245648,3.420787893731936,4.787048088151814,-4.630691657435897,29876U
2025-06-30T04:51:29.237757,1654.082847279217,4585.9017758553655,5235.733680486901,3.319548910324802,4.497167135451915,-4.982316756920874,29876U
2025-06-30T04:52:29.237757,1849.8944422919083,4846.592784250468,4926.72864501019,3.205300708082049,4.189617672522192,-5.314512697227074,29876U
2025-06-30T04:53:29.237757,2038.4721370819325,5088.331137466661,4598.408040197602,3.0784928293115166,3.865618523082355,-5.625940443752481,29876U
2025-06-30T04:54:29.237757,2219.077127930558,5310.168128555251,4252.055998899768,2.939627894122117,3.5264591273814556,-5.915345308102379,29876U
2025-06-30T04:55:29.237757,2391.0023049380547,5511.234394855647,3889.0292691541435,2.7892595750240092,3.1734940331312473,-6.181563049632796,29876U
2025-06-30T04:56:29.237757,2553.5752489723623,5690.743652441394,3510.751615469341,2.627990269930583,2.8081369625378954,-6.423525571663367,29876U
2025-06-30T04:57:29.237757,2706.1610803548706,5847.996062676371,3118.7078907806917,2.456468481202327,2.4318544860799793,-6.640266156704747,29876U
2025-06-30T04:58:29.237757,2848.165141838346,5982.381208125606,2714.4378083464703,2.275385912559984,2.046159340521606,-6.8309241875109805,29876U
2025-06-30T04:59:29.237757,2979.035499266533,6093.380657526972,2299.5294460017817,2.085474299909176,1.6526034351215266,-6.9947493046138485,29876U
2025-06-30T05:00:29.237757,3098.265244395036,6180.570102375582,1875.6125180681624,1.8875019962490838,1.2527705959294644,-7.1311049561316375,29876U
2025-06-30T05:01:29.237757,3205.3945856959995,6243.6210508667855,1444.351452740833,1.6822703347505794,0.8482691032322913,-7.239471301982793,29876U
2025-06-30T05:02:29.237757,3300.012714543682,6282.30206843065,1007.4383148769164,1.4706097976621988,0.44072408144877434,-7.319447442032464,29876U
2025-06-30T05:03:29.237757,3381.759435961305,6296.479557807831,566.5856157217875,1.2533760218186638,0.03176980391414636,-7.370752945976629,29876U
2025-06-30T05:04:29.237757,3450.3265550681626,6286.11807548942,123.51905218821929,1.0314456740849987,-0.3769580230729561,-7.393228671709693,29876U
2025-06-30T05:05:29.237757,3505.45901246145,6251.280185292959,-320.02978118440825,0.8057122319889745,-0.7838299319220552,-7.38683686828421,29876U
2025-06-30T05:06:29.237757,3546.9557639582977,6192.125853791094,-762.3306645394221,0.5770817060110713,-1.1872302567992155,-7.351660569101286,29876U
2025-06-30T05:07:29.237757,3574.670402362684,6108.911396165082,-1201.6619668896697,0.3464683404784337,-1.585564525697138,-7.287902290402504,29876U
2025-06-30T05:08:29.237757,3588.5115211637226,6001.98798474238,-1636.3177610215862,0.11479032973341634,-1.9772666224153213,-7.195882059210544,29876U
2025-06-30T05:09:29.237757,3588.4428222684815,5871.799735921105,-2064.614799722542,-0.11703441476890661,-2.3608056637407615,-7.076034803341174,29876U
2025-06-30T05:10:29.237757,3574.482971979587,5718.881394317214,-2484.899316196212,-0.3480924125022757,-2.7346925425519535,-6.928907143760942,29876U
2025-06-30T05:11:29.237757,3546.705211403899,5543.8556357347725,-2895.553614219199,-0.5774786454872056,-3.09748609386538,-6.7551536362003,29876U
2025-06-30T05:12:29.237757,3505.2367292857534,5347.430012910851,-3295.0024166416306,-0.804300444862,-3.4477988478179196,-6.555532514395039,29876U
2025-06-30T05:13:29.237757,3450.257806866501,5130.39356989101,-3681.718944165174,-1.027681207198363,-3.7843023410247785,-6.330900991505355,29876U
2025-06-30T05:14:29.237757,3382.000745755754,4893.6131523296945,-4054.2306998629556,-1.246763919138503,-4.105731965459106,-6.082210179079493,29876U
2025-06-30T05:15:29.237757,3300.7485909414236,4638.029441974741,-4411.1249385520005,-1.4607144729728143,-4.41089134175157,-5.810499684360076,29876U
2025-06-30T05:16:29.237757,3206.8336619555257,4364.65274409592,-4751.053803801855,-1.668724759956177,-4.698656211394192,-5.516891946794968,29876U
2025-06-30T05:17:29.237757,3100.6359058474773,4074.5585566724317,-5072.739118984909,-1.8700155323603471,-4.967977849559957,-5.202586373367185,29876U
2025-06-30T05:18:29.237757,2982.5810860000615,3768.8829497917045,-5374.976822270128,-2.0638390293678532,-5.2178860069425195,-4.868853329893797,29876U
2025-06-30T05:19:29.237757,2853.138820967678,3448.8177829771903,-5656.641038758286,-2.249481365819334,-5.447491395020431,-4.517028041894281,29876U
2025-06-30T05:20:29.237757,2712.8204874364064,3115.6057870976133,-5916.687786002513,-2.4262646864414874,-5.655987734339615,-4.148504454142742,29876U
2025-06-30T05:21:29.237757,2562.177001126371,2770.535536178175,-6154.158311895362,-2.593549091418768,-5.842653389683056,-3.7647290927803363,29876U
2025-06-30T05:22:29.237757,2401.7964889980954,2414.9363328759628,-6368.182066311604,-2.7507343419727843,-6.006852619307061,-3.367194968043468,29876U
2025-06-30T05:23:29.237757,2232.301865526089,2050.1730296855835,-6557.979309926157,-2.897261356912808,-6.14803646771853,-2.9574355494860707,29876U
2025-06-30T05:24:29.237757,2054.3483250808226,1677.6408061298728,-6722.863365295636,-3.032613512906015,-6.265743332769894,-2.5370188391946984,29876U
2025-06-30T05:25:29.237757,1868.62076166459,1298.7599203655204,-6862.242516567671,-3.1563177624492362,-6.3595992381618585,-2.1075415621511033,29876U
2025-06-30T05:26:29.237757,1675.8311263914936,914.9704518078266,-6975.621565101831,-3.2679455842257448,-6.429317841845196,-1.6706234867207477,29876U
2025-06-30T05:27:29.237757,1476.715732233562,527.7270496387266,-7062.6030488471815,-3.367113780699947,-6.474700209363064,-1.2279018824407095,29876U
2025-06-30T05:28:29.237757,1272.0325146926932,138.49370042814803,-7122.888133566028,-3.4534851374807154,-6.49563437898194,-0.7810261169643737,29876U
2025-06-30T05:29:29.237757,1062.5582562352672,-251.26147337567863,-7156.277183948411,-3.526768958205508,-6.492094742630588,-0.33165238933278524,29876U
2025-06-30T05:30:29.237757,849.0857815631499,-640.0713736241154,-7162.670022372804,-3.586721487518615,-6.464141263328535,0.11856140722777228,29876U
2025-06-30T05:31:29.237757,632.4211301143356,-1026.4750359331422,-7142.065882577661,-3.6331462331954225,-6.411918546069585,0.5679607029557793,29876U
2025-06-30T05:32:29.237757,413.38071160436317,-1409.022679912135,-7094.56306486589,-3.6658941966692646,-6.335654775166828,1.0148991619573833,29876U
2025-06-30T05:33:29.237757,192.7884499479183,-1786.2806922594152,-7020.358298718113,-3.684864019217084,-6.235660526998183,1.4577434991361478,29876U
2025-06-30T05:34:29.237757,-28.527079448670275,-2156.836535215019,-6919.745817891448,-3.6900020489284753,-6.112327463047138,1.8948782180231396,29876U
2025-06-30T05:35:29.237757,-249.73551426308092,-2519.3035730310808,-6793.1161522751,-3.6813023313917137,-5.966126904233584,2.324710283654316,29876U
2025-06-30T05:36:29.237757,-470.0075670369182,-2872.325809062641,-6640.954640010763,-3.6588065248507307,-5.7976082838929734,2.7456737436089362,29876U
2025-06-30T05:37:29.237757,-688.5178794791186,-3214.5825258418818,-6463.8396627028205,-3.6226037384863474,-5.607397473484847,3.156234308579482,29876U
2025-06-30T05:38:29.237757,-904.4478644729232,-3544.7928200746333,-6262.44060598424,-3.572830290516086,-5.396194972288939,3.554893901441341,29876U
2025-06-30T05:39:29.237757,-1116.988530727562,-3861.7200239393455,-6037.515547295779,-3.5096693810445023,-5.164773950045891,3.9401951808504583,29876U
2025-06-30T05:40:29.237757,-1325.343284681011,-4164.176003391009,-5789.908672510487,-3.4333506730812045,-4.913978129781161,4.310726042006715,29876U
2025-06-30T05:41:29.237757,-1528.730703848135,-4451.025323416589,-5520.54742301327,-3.3441497739167056,-4.644719496954527,4.6651240935020235,29876U
2025-06-30T05:42:29.237757,-1726.3872753383976,-4721.189269392706,-5230.4393750368645,-3.242387608138454,-4.357975820622544,5.002081105247705,29876U
2025-06-30T05:43:29.237757,-1917.5700927523553,-4973.6497128874,-4920.668853476685,-3.1284296730068615,-4.054787972499392,5.320347418455943,29876U
2025-06-30T05:44:29.237757,-2101.559504130423,-5207.452809471386,-4592.393283052884,-3.002685166704465,-3.736257030636162,5.618736304666297,29876U
2025-06-30T05:45:29.237757,-2277.661703088967,-5421.712515388784,-4246.839280558037,-2.865605980128069,-3.4035411558853803,5.896128256970814,29876U
2025-06-30T05:46:29.237757,-2445.2112547583883,-5615.6139093202655,-3885.2984930096472,-2.717685543406394,-3.0578522313321033,6.1514751930155045,29876U
2025-06-30T05:47:29.237757,-2603.573547653719,-5788.416304979173,-3509.1231878050717,-2.559457519182834,-2.70045225740197,6.383804546139944,29876U
2025-06-30T05:48:29.237757,-2752.147162181752,-5939.456139945563,-3119.721602426063,-2.3914943358796794,-2.3326494983269566,6.592223218258323,29876U
2025-06-30T05:49:29.237757,-2890.36614613443,-6068.1496259839505,-2718.553062838306,-2.2144055556275464,-1.955794378985957,6.775921365858577,29876U
2025-06-30T05:50:29.237757,-3017.70218725456,-6173.995146129277,-2307.122881442986,-2.0288360732625477,-1.5712751347472167,6.93417598887012,29876U
2025-06-30T05:51:29.237757,-3133.666672797171,-6256.575384074737,-1886.977047233764,-1.8354641447213753,-1.1805132207334346,7.066354291170086,29876U
2025-06-30T05:52:29.237757,-3237.812625963251,-6315.559171865264,-1459.6967226499785,-1.6349992452494102,-0.7849584908021553,7.171916781198436,29876U
2025-06-30T05:53:29.237757,-3329.7365091564984,-6350.703042594004,-1026.8925634624359,-1.4281797600271733,-0.38608416038840226,7.250420081543857,29876U
2025-06-30T05:54:29.237757,-3409.079884216565,-6361.852475714498,-590.1988798401213,-1.2157705120591216,0.014618428910159893,7.301519417441188,29876U
2025-06-30T05:55:29.237757,-3475.530920114787,-6348.942823711015,-151.26765848411839,-0.9985601343973504,0.4156452216106668,7.32497075586331,29876U
2025-06-30T05:56:29.237757,-3528.825739060064,-6311.999910199925,288.2375326538274,-0.7773582959362052,0.8154850128817637,7.320632569252529,29876U
2025-06-30T05:57:29.237757,-3568.749592549533,-6251.140291048905,726.647734067156,-0.5529927920540192,1.2126251379211783,7.288467200860102,29876U
2025-06-30T05:58:29.237757,-3595.1378596035092,-6166.5711717744625,1162.2948544985206,-0.32630651324351206,1.605557256404342,7.228541812070548,29876U
2025-06-30T05:59:29.237757,-3607.876860236192,-6058.58997628518,1593.5179754400044,-0.09815430651929281,1.992783200398913,7.141028895890936,29876U
2025-06-30T06:00:29.237757,-3606.9044781209586,-5927.583563947463,2018.6696740481696,0.130600254228589,2.3728208528760666,7.026206344881261,29876U
2025-06-30T06:01:29.237757,-3592.2105873948385,-5774.027093930034,2436.122337559196,0.35908817167569784,2.7442100232670588,6.884457066081319,29876U
2025-06-30T06:02:29.237757,-3563.8372795951113,-5598.482537797451,2844.274441917096,0.586438384270239,3.10551828643315,6.7162681398342485,29876U
2025-06-30T06:03:29.237757,-3521.878887812095,-5401.596843337643,3241.556767211409,0.8117811627377872,3.455346751918752,6.522229523700203,29876U
2025-06-30T06:04:29.237757,-3466.481806256965,-5184.09975458721,3626.438522662642,1.0342515253112694,3.792335731416085,6.303032306777485,29876U
2025-06-30T06:05:29.237757,-3397.844104561698,-4946.80129493119,3997.433354277557,1.2529926533325075,4.1151702739299285,6.059466523595026,29876U
2025-06-30T06:06:29.237757,-3316.2149372313975,-4690.588921967654,4353.105208912499,1.4671592893976895,4.4225855401325935,5.792418540206489,29876U
2025-06-30T06:07:29.237757,-3221.8937497370284,-4416.424364516933,4692.0740293048475,1.6759211010190844,4.713371989756913,5.502868028116549,29876U
2025-06-30T06:08:29.237757,-3115.2292837556624,-4125.3401537021755,5013.021255628223,1.8784659938064763,4.9863803584905275,5.191884544139898,29876U
2025-06-30T06:09:29.237757,-2996.6183850176053,-3818.435861408588,5314.695110275781,2.0740033593911607,5.240526403613778,4.86062373617599,29876U
2025-06-30T06:10:29.237757,-2866.5046180984423,-3496.8740606444694,5595.91564382647,2.2617672446571193,5.4747954004423995,4.5103231961656975,29876U
2025-06-30T06:11:29.237757,-2725.376693286971,-3161.8760233640787,5855.579521479793,2.4410194302554715,5.688246374396477,4.142297982167749,29876U
2025-06-30T06:12:29.237757,-2573.7667113683124,-2814.7171721863865,6092.664530604688,2.611052407786759,5.880016056098271,3.757935831593403,29876U
2025-06-30T06:13:29.237757,-2412.2482327795788,-2456.722303153038,6306.233791414651,2.7711922463849903,6.049322549214494,3.358692087206174,29876U
2025-06-30T06:14:29.237757,-2241.434178132428,-2089.260597241673,6495.439654111448,2.920801340658911,6.195468702704856,2.9460843566182633,29876U
2025-06-30T06:15:29.237757,-2061.9745675596464,-1713.7404388074904,6659.527267109925,3.059281032986701,6.317845180652152,2.5216869247949,29876U
2025-06-30T06:16:29.237757,-1874.554106737802,-1331.6040594831506,6797.837802150961,3.1860741039762517,6.415933223882652,2.087124937616596,29876U
2025-06-30T06:17:29.237757,-1679.8896277893282,-944.3220263753509,6909.811323202007,3.3006671254497557,6.489307098103164,1.644068373002918,29876U
2025-06-30T06:18:29.237757,-1478.727393582934,-553.3875936700124,6994.989287041556,3.4025926705727056,6.537636223293801,1.1942258145893598,29876U
2025-06-30T06:19:29.237757,-1271.8402742532571,-160.31093703565227,7053.016664322734,3.4914313757128093,6.5606869786245445,0.7393380416214385,29876U
2025-06-30T06:20:29.237757,-1060.0248050685668,233.38670946981588,7083.643670724276,3.5668138482889176,6.558324176267316,0.2811714477287364,29876U
2025-06-30T06:21:29.237757,-844.0981351056888,626.178993909282,7086.727098548188,3.6284224142821944,6.530512196235517,-0.17848869931381245,29876U
2025-06-30T06:22:29.237757,-624.8948765622206,1016.5404438551619,7062.23123984007,3.675992698269332,6.477315772906699,-0.6378451447267847,29876U
2025-06-30T06:23:29.237757,-403.2638649576572,1402.9524995682493,7010.228392827664,3.7093150278578855,6.398900422296629,-1.0950956680225425,29876U
2025-06-30T06:24:29.237757,-180.0648409661972,1783.9095612150927,6930.898944235366,3.7282356533239964,6.295532497596895,-1.5484402243692181,29876U
2025-06-30T06:25:29.237757,43.83493482231975,2157.9250276224802,6824.531020884172,3.7326577721548237,6.167578859112267,-1.9960881898980571,29876U
2025-06-30T06:26:29.237757,267.5641222859613,2523.5373032180837,6691.519704971514,3.7225423471669687,6.015506143692669,-2.436265692085851,29876U
2025-06-30T06:27:29.237757,490.2507846833406,2879.315748906836,6532.365808587165,3.6979087059993754,5.839879618190456,-2.867223002982376,29876U
2025-06-30T06:28:29.237757,711.0259007291104,3223.866551685589,6347.674204403357,3.6588349091546557,5.641361601527485,-3.287241969133576,29876U
2025-06-30T06:29:29.237757,929.0268916890826,3555.838486878815,6138.151711104946,3.6054578734701375,5.420709440731969,-3.6946434477466394,29876U
2025-06-30T06:30:29.237757,1143.4011485495325,3873.9285459976086,5904.604534033403,3.5379732380153692,5.178773027901868,-4.087794714073032,29876U
2025-06-30T06:31:29.237757,1353.309543534492,4176.887402468082,5647.935263708645,3.456634959997214,4.916491847511629,-4.465116800376533,29876U
2025-06-30T06:32:29.237757,1557.9299095018935,4463.524686876358,5369.139437374406,3.361754629351544,4.634891546830337,-4.825091722383305,29876U
2025-06-30T06:33:29.237757,1756.4604700870418,4732.714043007001,5069.301671465607,3.2537004923350965,4.335080026432693,-5.166269545012487,29876U
2025-06-30T06:34:29.237757,1948.1232029005637,4983.397935844455,4749.591375911168,3.132896176610322,4.018243052816447,-5.487275235648457,29876U
2025-06-30T06:35:29.237757,2132.1671176974614,5214.5921829612835,4411.25806437047,2.9998191130000285,3.685639400838725,-5.786815250505264,29876U
2025-06-30T06:36:29.237757,2307.871431180821,5425.390181285251,4055.6262778965834,2.8549986522657993,3.338595540006025,-6.063683797820372,29876U
2025-06-30T06:37:29.237757,2474.5486200963715,5614.966802261035,3684.0901429463515,2.699013878827786,2.9784998853162024,-6.316768720991733,29876U
2025-06-30T06:38:29.237757,2631.547334471885,5782.58192983359,3298.1075881326597,2.5324911272378756,2.6067966402519773,-6.545056945345385,29876U
2025-06-30T06:39:29.237757,2778.255153310737,5927.583617534775,2899.1942475081514,2.356101211321674,2.224979266403286,-6.747639434126088,29876U
2025-06-30T06:40:29.237757,2914.101165759923,6049.410843228801,2488.9170814160175,2.1705563801069445,1.8345836208467614,-6.923715602546312,29876U
2025-06-30T06:41:29.237757,3038.5583617456728,6147.595842749992,2068.88774895059,1.9766070188282594,1.4371808086066808,-7.072597143293942,29876U
2025-06-30T06:42:29.237757,3151.145817297903,6221.766006710096,1640.7557687609014,1.775038117312739,1.0343698030542983,-7.1937112227099,29876U
2025-06-30T06:43:29.237757,3251.4306612538576,6271.645328116554,1206.2015072246356,1.5666655317809817,0.6277698917743894,-7.286603013786481,29876U
2025-06-30T06:44:29.237757,3339.0298117201946,6297.0553920649845,766.9290348565798,1.3523320694231913,0.21901300907481397,-7.350937540038862,29876U
2025-06-30T06:45:29.237757,3413.611472551773,6297.915902582089,324.65889313516584,1.1329034279228,-0.19026398120197507,-7.386500812968108,29876U
2025-06-30T06:46:29.237757,3474.896382139466,6274.244745619872,-118.87918530291805,0.9092640243094311,-0.5984269876797809,-7.393200255031026,29876U
2025-06-30T06:47:29.237757,3522.6588089468923,6226.157591158669,-561.9535599647528,0.6823127490566999,-1.0038523134619843,-7.3710644095116065,29876U
2025-06-30T06:48:29.237757,3556.7272904533534,6153.867041281381,-1002.8379265637161,0.45295868215188556,-1.4049341347612156,-7.320241948187743,29876U
2025-06-30T06:49:29.237757,3576.9851144008653,6057.681334853125,-1439.8184800862812,0.22211680792694735,-1.8000917754401953,-7.240999996945478,29876U
2025-06-30T06:50:29.237757,3583.3705434598387,5938.002623000971,-1871.2009566403601,-0.009296235244717916,-2.1877767206576166,-7.133721808257126,29876U
2025-06-30T06:51:29.237757,3575.876786574969,5795.324832868158,-2295.3175159037746,-0.24036633568616006,-2.5664793177988443,-6.9989038174778075,29876U
2025-06-30T06:52:29.237757,3554.551722287475,5630.231140051749,-2710.5334284989444,-0.47018598697274605,-2.9347351188053428,-6.837152127018343,29876U
2025-06-30T06:53:29.237757,3519.497381211842,5443.391072673733,-3115.253535512469,-0.6978582343733923,-3.2911308247078552,-6.649178468450548,29876U
2025-06-30T06:54:29.237757,3470.869196542571,5235.557272143846,-3507.928450590799,-0.9225004624482855,-3.6343098004272463,-6.435795697359988,29876U
2025-06-30T06:55:29.237757,3408.875032948947,5007.561937317331,-3887.0604784996312,-1.143248000699915,-3.962977135528037,-6.197912879185202,29876U
2025-06-30T06:56:29.237757,3333.774005466058,4760.312979932248,-4251.209227626889,-1.3592575280983783,-4.275904234356856,-5.936530026336202,29876U
2025-06-30T06:57:29.237757,3245.8751009908156,4494.789919913321,-4598.996897587567,-1.5697102614276586,-4.5719329266908,-5.652732547549731,29876U
2025-06-30T06:58:29.237757,3145.53561573956,4212.039549382726,-4929.113226736065,-1.7738149165899104,-4.849979097426605,-5.347685469769477,29876U
2025-06-30T06:59:29.237757,3033.159422519058,3913.1713940387735,-5240.320087949781,-1.9708104361561252,-5.109035840792897,-5.022627490907306,29876U
2025-06-30T07:00:29.237757,2909.195081911149,3599.3529999876105,-5531.455724442504,-2.1599684804520645,-5.3481761508980705,-4.678864918758219,29876U
2025-06-30T07:01:29.237757,2774.1338114914283,3271.805073192092,-5801.4386205242945,-2.340595683213953,-5.5665551659889765,-4.317765547259678,29876U
2025-06-30T07:02:29.237757,2628.5073270099456,2931.796497481605,-6049.271005104853,-2.5120356762563962,-5.763411988492077,-3.9407525163631987,29876U
2025-06-30T07:03:29.237757,2472.885569081312,2580.639255600723,-6274.0419882957185,-2.6736708905923594,-5.938071106658559,-3.5492981962037105,29876U
2025-06-30T07:04:29.237757,2307.8743283949657,2219.683276135774,-6474.930333663207,-2.8249241439674506,-6.089943446385097,-3.1449181302165745,29876U
2025-06-30T07:05:29.237757,2134.112781787186,1850.3112273892955,-6651.206870516597,-2.9652600267874516,-6.218527083530252,-2.729165065540179,29876U
2025-06-30T07:06:29.237757,1952.2709507520854,1473.9332774464233,-6802.236552064803,-3.094186099897582,-6.323407647797839,-2.3036230926620327,29876U
2025-06-30T07:07:29.237757,1763.0470931384373,1091.981837845225,-6927.480166351131,-3.2112539186101516,-6.40425844906151,-1.869901909995922,29876U
2025-06-30T07:08:29.237757,1567.1650379158211,705.9063064789299,-7026.49570759271,-3.316059897783517,-6.4608403559252325,-1.429631223089916,29876U
2025-06-30T07:09:29.237757,1365.3714720273306,317.1678236716407,-7098.939415932596,-3.4082460326506254,-6.493001454442005,-0.984455282615293,29876U
2025-06-30T07:10:29.237757,1158.4331875028822,-72.76594618494435,-7144.566493692493,-3.4875004895198845,-6.500676512354163,-0.5360275603004271,29876U
2025-06-30T07:11:29.237757,947.1342962193319,-462.42599641768203,-7163.231506026014,-3.55355807946645,-6.483886271091808,-0.08600555767877338,29876U
2025-06-30T07:12:29.237757,732.2734189706854,-850.3471134531027,-7154.888473467072,-3.6062006267629734,-6.442736584201724,0.3639542610288529,29876U
2025-06-30T07:13:29.237757,514.6608548905045,-1235.0729569144455,-7119.590663284322,-3.6452572421194915,-6.3774174170097195,0.8122014232790833,29876U
2025-06-30T07:14:29.237757,295.1157367425723,-1615.1610762949376,-7057.49008584705,-3.6706045088917882,-6.288201718281398,1.25709630306704,29876U
2025-06-30T07:15:29.237757,74.46317719322313,-1989.1878565587604,-6968.836701423721,-3.6821665883383603,-6.175444170571437,1.697014890518431,29876U
2025-06-30T07:16:29.237757,-146.46858910187638,-2355.753385283315,-6853.977342025812,-3.6799152478371147,-6.039579821968833,2.1303534905837784,29876U
2025-06-30T07:17:29.237757,-366.851062923453,-2713.486234004377,-6713.354352119265,-3.6638698137830104,-5.88112259817105,2.555533364535865,29876U
2025-06-30T07:18:29.237757,-585.8583327844735,-3061.0481462590824,-6547.503951301114,-3.634097048745973,-5.700663690365329,2.971005326532547,29876U
2025-06-30T07:19:29.237757,-802.6699173698346,-3397.1386244783025,-6357.054321417394,-3.590710950439948,-5.498869811351948,3.3752543053926725,29876U
2025-06-30T07:20:29.237757,-1016.473593197084,-3720.499407374327,-6142.723420117801,-3.533872468197835,-5.276481309795667,3.7668038790188367,29876U
2025-06-30T07:21:29.237757,-1226.4682022817892,-4029.9188288395744,-5905.316522530653,-3.4637891310153517,-5.034310130499843,4.144220785697396,29876U
2025-06-30T07:22:29.237757,-1431.8664342124573,-4324.236048645364,-5645.723492623975,-3.3807145798650335,-4.77323760721215,4.5061194129189825,29876U
2025-06-30T07:23:29.237757,-1631.8975765938796,-4602.3451444450075,-5364.915785910651,-3.2849479959248487,-4.494212073720207,4.851166260512809,29876U
2025-06-30T07:24:29.237757,-1825.810227320292,-4863.199053774787,-5063.943185470741,-3.176833415642646,-4.1982462788950725,5.178084370891545,29876U
2025-06-30T07:25:29.237757,-2012.8749616004354,-5105.813353934151,-4743.930273825217,-3.056758923193123,-3.8864145919045607,5.485657715166504,29876U
2025-06-30T07:26:29.237757,-2192.3869461437407,-5329.269866913351,-4406.072643923201,-2.9251557108586423,-3.5598499849505028,5.772735520015808,29876U
2025-06-30T07:27:29.237757,-2363.668492346784,-5532.720075815844,-4051.6328535493894,-2.782496998235015,-3.219740782704733,6.038236516409498,29876U
2025-06-30T07:28:29.237757,-2526.0715398461925,-5715.388338709141,-3681.936128605976,-2.6292968018481675,-2.867327169879872,6.281153087950398,29876U
2025-06-30T07:29:29.237757,-2678.98006133332,-5876.574885405201,-3298.365822120603,-2.4661085478066234,-2.503897451174726,6.500555293581694,29876U
2025-06-30T07:30:29.237757,-2821.81237913869,-6015.65858243063,-2902.358637365398,-2.2935235214509264,-2.13078406101653,6.695594736933814,29876U
2025-06-30T07:31:29.237757,-2954.023383786444,-6132.099451392393,-2495.3996251371805,-2.112169149567403,-1.7493593240241327,6.865508252672524,29876U
2025-06-30T07:32:29.237757,-3075.10664450644,-6225.440926093683,-2079.016967017032,-1.9227071125711368,-1.3610309708485229,7.009621378924353,29876U
2025-06-30T07:33:29.237757,-3184.596401590449,-6295.311834123088,-1654.7765582515283,-1.725831286080022,-0.9672374179017909,7.127351584240657,29876U
2025-06-30T07:34:29.237757,-3282.069430494206,-6341.428089230673,-1224.2764057506981,-1.5222655134503111,-0.5694428233720462,7.218211217633559,29876U
2025-06-30T07:35:29.237757,-3367.1467677295796,-6363.594081619533,-789.1408585340718,-1.3127612130674224,-0.16913193573241508,7.281810150982993,29876U
2025-06-30T07:36:29.237757,-3439.495288862925,-6361.703754315752,-351.01468973375506,-1.09809482642438,0.23219524541412698,7.317858084557956,29876U
2025-06-30T07:37:29.237757,-3498.829129336441,-6335.741355021449,88.44294904301728,-0.8790651152232152,0.6330289729388803,7.326166488480361,29876U
2025-06-30T07:38:29.237757,-3544.9109393591652,-6285.781854290759,527.5646786355733,-0.6564903178362204,1.0318553940159543,7.306650155638831,29876U
2025-06-30T07:39:29.237757,-3577.552964764315,-6211.991022474853,964.6811247821724,-0.43120517741819137,1.4271623013674544,7.259328344759619,29876U
2025-06-30T07:40:29.237757,-3596.6179464930233,-6114.625159635484,1398.1272071447147,-0.20405785571545584,1.817444963030625,7.184325495981628,29876U
2025-06-30T07:41:29.237757,-3602.0198322292213,-5994.03047449607,1826.2484589705775,0.02409325187648816,2.201211998221125,7.081871505263549,29876U
2025-06-30T07:42:29.237757,-3593.724294660991,-5850.642110456768,2247.407350700787,0.252382783220769,2.5769912659011114,6.952301548168264,29876U
2025-06-30T07:43:29.237757,-3571.749051865433,-5684.982818705237,2659.9895903500947,0.4799417406107524,2.9433357323107194,6.79605544790545,29876U
2025-06-30T07:44:29.237757,-3536.1639863868986,-5497.661280480654,3062.410373240011,0.7059008679044996,3.298829283947809,6.613676586854262,29876U
2025-06-30T07:45:29.237757,-3487.091060684806,-5289.3700825507085,3453.120553696163,0.9293940550644284,3.6420924532941443,6.40581036501056,29876U
2025-06-30T07:46:29.237757,-3424.704027746288,-5060.8833519165255,3830.6127115891245,1.149561751610336,3.971788025917789,6.173202212800612,29876U
2025-06-30T07:47:29.237757,-3349.2279367708975,-4813.054057624505,4193.427087117717,1.365554370883746,4.2866264993981025,5.916695169360834,29876U
2025-06-30T07:48:29.237757,-3260.938434921216,-4546.810989322026,4540.157357958168,1.576535667693239,4.585371366721823,5.637227040618204,29876U
2025-06-30T07:49:29.237757,-3160.160867176461,-4263.15542380967,4869.456233829658,1.7816860728424049,4.866844199317272,5.335827154230461,29876U
2025-06-30T07:50:29.237757,-3047.269177311631,-3963.1574923092685,5180.0408446057445,1.9802059691757432,5.129929507611497,5.013612730612706,29876U
2025-06-30T07:51:29.237757,-2922.684613937645,-3647.9522624583597,5470.697899317924,2.1713188950727753,5.373579359820263,4.6717848908376824,29876U
2025-06-30T07:52:29.237757,-2786.8742463730823,-3318.735550169661,5740.288594692199,2.3542746627020854,5.596817742482472,4.311624323159044,29876U
2025-06-30T07:53:29.237757,-2640.3492958643687,-2976.7594774394265,5987.753253219754,2.5283523797676453,5.798744648938431,3.934486630263373,29876U
2025-06-30T07:54:29.237757,-2483.6632883324087,-2623.3277929785795,6212.11567212927,2.6928633648603215,5.978539884402286,3.5417973791698607,29876U
2025-06-30T07:55:29.237757,-2317.410035397132,-2259.790973173133,6412.487165984938,2.8471539478165133,6.1354665784117675,3.1350468750147247,29876U
2025-06-30T07:56:29.237757,-2142.2214509276746,-1887.5411213899263,6588.070286937403,2.990608147615479,6.268874397163841,2.7157846788857047,29876U
2025-06-30T07:57:29.237757,-1958.7652107913948,-1508.0066840445731,6738.162207890223,3.1226502212724108,6.378202449509412,2.2856138885085002,29876U
2025-06-30T07:58:29.237757,-1767.7422638440964,-1122.6470021752068,6862.157754988742,3.242747077859907,6.462981881142364,1.846185199063677,29876U
2025-06-30T07:59:29.237757,-1569.8842025341894,-732.9467175519668,6959.552076882613,3.3504105521868257,6.522838151766028,1.3991907598692208,29876U
2025-06-30T08:00:29.237757,-1365.9505018008142,-340.41005262659803,7029.942939159334,3.4451995327668845,6.557492989770768,0.9463578412385002,29876U
2025-06-30T08:01:29.237757,-1156.7256352471652,53.44501608242128,7073.032633201369,3.5267219385200796,6.566766018252497,0.4894423246533339,29876U
2025-06-30T08:02:29.237757,-943.0160778893766,447.09267122684435,7088.629489498553,3.5946365381817467,6.550576045112221,0.030222028621564444,29876U
2025-06-30T08:03:29.237757,-725.6472051306798,839.0052341293512,7076.648986180263,3.6486546056835873,6.5089420085997665,-0.42951011767701647,29876U
2025-06-30T08:04:29.237757,-505.46009800783196,1227.6591896814639,7037.114444248827,3.6885414038652518,6.441983568117074,-0.8879530405122324,29876U
2025-06-30T08:05:29.237757,-283.30826521262236,1611.5412351649504,6970.1573017371575,3.7141174878378576,6.349921328513169,-1.3433046140384355,29876U
2025-06-30T08:06:29.237757,-60.054292916055836,1989.154330810587,6876.01695982234,3.7252598182261667,6.233076684631751,-1.7937688638687022,29876U
2025-06-30T08:07:29.237757,163.43356598301682,2359.023729103907,6755.0401948494855,3.721902673449564,6.091871271665573,-2.2375632641916563,29876U
2025-06-30T08:08:29.237757,386.28485090337927,2719.7029589720205,6607.680131299091,3.704038349251062,5.926826006077625,-2.6729261077519113,29876U
2025-06-30T08:09:29.237757,607.6303879157592,3069.7797400537734,6434.494772011841,3.6717176329400627,5.738559701612532,-3.0981239243364387,29876U
2025-06-30T08:10:29.237757,826.6058055982277,3407.8818013252926,6236.145083499156,3.6250500393643095,5.527787245360096,-3.511458919274144,29876U
2025-06-30T08:11:29.237757,1042.355057851211,3732.682577446336,6013.392635949355,3.5642037955510117,5.29531732005394,-3.9112763989872934,29876U
2025-06-30T08:12:29.237757,1254.0339383228043,4042.906755381975,5767.096799600073,3.489405561322674,5.042049660853,-4.295972146033355,29876U
2025-06-30T08:13:29.237757,1460.8135703305134,4337.335643175227,5498.211501501175,3.4009398740533574,4.768971837806881,-4.663999701520703,29876U
2025-06-30T08:14:29.237757,1661.8838554673623,4614.812332271648,5207.7815493240805,3.2991483071189975,4.477155559034539,-5.013877508502366,29876U
2025-06-30T08:15:29.237757,1856.4568634736304,4874.24662457043,4896.938531769175,3.184428333522867,4.167752494314439,-5.344195866149264,29876U
2025-06-30T08:16:29.237757,2043.7701454794258,5114.619695455989,4566.896308245579,3.0572318886348775,3.8419896242063603,-5.65362364139522,29876U
2025-06-30T08:17:29.237757,2223.089952413662,5334.988464499502,4218.946103791327,2.918063628932481,3.501164125871824,-5.940914682529639,29876U
2025-06-30T08:18:29.237757,2393.7143402500637,5534.489646330953,3854.451228628596,2.7674788870235547,3.1466378132980117,-6.20491387803713,29876U
2025-06-30T08:19:29.237757,2554.9761438663977,5712.343455423281,3474.8414452031425,2.6060813269756076,2.779831156441111,-6.444562804017305,29876U
2025-06-30T08:20:29.237757,2706.2458016285277,5867.856940184528,3081.607008998716,2.4345203079889925,2.4022169107207607,-6.658904904819383,29876U
2025-06-30T08:21:29.237757,2846.934013406715,6000.426923845239,2676.2924127330098,2.253487968611025,2.0153133950700357,-6.847090154173933,29876U
2025-06-30T08:22:29.237757,2976.4942155840026,6109.542532128294,2260.4898666644226,2.063716047877758,1.6206774631702772,-7.0083791480808895,29876U
2025-06-30T08:23:29.237757,3094.4248577290523,6194.787290574825,1835.8325505753155,1.8659724638589885,1.2198972183496504,-7.142146585976999,29876U
2025-06-30T08:24:29.237757,3200.27146696467,6255.840777626888,1403.9876754765728,1.6610576739448304,0.8145845277028423,-7.247884103153052,29876U
2025-06-30T08:25:29.237757,3293.628487652778,6292.479823082583,966.6493951235011,1.4498008447231885,0.4063673951106152,-7.325202424880653,29876U
2025-06-30T08:26:29.237757,3374.140885810535,6304.579245276346,525.531608982035,1.2330558623417434,-0.0031177441508122255,-7.3738328210533,29876U
2025-06-30T08:27:29.237757,3441.505509633654,6292.1121242198715,82.36069931097641,1.011697216736983,-0.41223374271347046,-7.393627849126185,29876U
2025-06-30T08:28:29.237757,3495.472199602591,6255.149611893086,-361.1317545433755,0.7866157949454463,-0.8193504093470413,-7.38456138251865,29876U
2025-06-30T08:29:29.237757,3535.8446438303085,6193.860284811046,-803.216241670905,0.5587146198556985,-1.2228520619315792,-7.346727931154892,29876U
2025-06-30T08:30:29.237757,3562.4809765418536,6108.5090478339125,-1242.1725227002382,0.3289045711559954,-1.6211449031197684,-7.2803412702087416,29876U
2025-06-30T08:31:29.237757,3575.2941198025565,5999.45560185079,-1676.2967295290268,0.0981001248841432,-2.012664160003324,-7.185732402124553,29876U
2025-06-30T08:32:29.237757,3574.251870790144,5867.1524913815165,-2103.908322549042,-0.13278485309560317,-2.3958809336122306,-7.063346885368335,29876U
2025-06-30T08:33:29.237757,3559.3767389903132,5712.14275123492,-2523.356868544631,-0.3628412261466666,-2.769308709609859,-6.913741570899385,29876U
2025-06-30T08:34:29.237757,3530.7455396454225,5535.057174086069,-2933.028605162209,-0.5911685873151589,-3.131509487913585,-6.737580793858809,29876U
2025-06-30T08:35:29.237757,3488.488751565506,5336.611223138574,-3331.3527609345683,-0.8168791130331461,-3.48109949600696,-6.535632073290605,29876U
2025-06-30T08:36:29.237757,3432.7896489888853,5117.601615894527,-3716.807603192461,-1.039101245352912,-3.8167544581872717,-6.3087613767379125,29876U
2025-06-30T08:37:29.237757,3363.883218532706,4878.902606441259,-4087.9261897418155,-1.2569831817915058,-4.137214400713494,-6.057928009220585,29876U
2025-06-30T08:38:29.237757,3282.0548733853257,4621.461994582684,-4443.30180382728,-1.4696961558999084,-4.441287980556354,-5.784179187384375,29876U
2025-06-30T08:39:29.237757,3187.638977751915,4346.296890592298,-4781.5930555757295,-1.6764374958377515,-4.7278563330132295,-5.488644359528593,29876U
2025-06-30T08:40:29.237757,3081.0171951718316,4054.489264377765,-5101.528636714963,-1.8764334524038468,-4.995876440623496,-5.172529330842201,29876U
2025-06-30T08:41:29.237757,2962.6166746830477,3747.1813074402335,-5401.911718840497,-2.0689417920457736,-5.244384032450007,-4.8371102505916435,29876U
2025-06-30T08:42:29.237757,2832.9080889308957,3425.570635244223,-5681.623988766195,-2.2532541542296305,-5.47249602870889,-4.483727514356397,29876U
2025-06-30T08:43:29.237757,2692.403538217906,3090.9053565158024,-5939.629317508865,-2.4286981761156334,-5.679412550831068,-4.113779629837021,29876U
2025-06-30T08:44:29.237757,2541.6543341944366,2744.4790346269483,-6174.977062157751,-2.5946393906650784,-5.864418521217703,-3.7287170894563606,29876U
2025-06-30T08:45:29.237757,2381.2486764205396,2387.6255646533536,-6386.8050022410025,-2.750482907040989,-6.026884880155276,-3.3300362871188343,29876U
2025-06-30T08:46:29.237757,2211.809234418966,2021.713987977209,-6574.34191419493,-2.8956748844068225,-6.166269449552898,-2.9192735102861467,29876U
2025-06-30T08:47:29.237757,2033.9906471143536,1648.1432644954516,-6736.909789163219,-3.0297038119487136,-6.282117474361493,-2.4979990321540915,29876U
2025-06-30T08:48:29.237757,1848.4769507522292,1268.3370206598884,-6873.925700591859,-3.152101609125459,-6.3740618727546465,-2.0678113223787467,29876U
2025-06-30T08:49:29.237757,1655.9789455410098,883.738289763323,-6984.903328960407,-3.2624445607933805,-6.441823225458669,-1.630331388667485,29876U
2025-06-30T08:50:29.237757,1457.23151039372,495.8042591490521,-7069.454151517378,-3.3603541019761,-6.485209533090112,-1.1871972557873949,29876U
2025-06-30T08:51:29.237757,1252.9908742920377,106.00103740455702,-7127.288305096718,-3.4454974666814038,-6.5041157680940875,-0.7400585832929851,29876U
2025-06-30T08:52:29.237757,1044.0318519793225,-284.20154686162186,-7158.215130018846,-3.5175882143531867,-6.498523244988301,-0.290571418653744,29876U
2025-06-30T08:53:29.237757,831.1450509406136,-673.3351043262425,-7162.14340276378,-3.5763866463356835,-6.4684988292315655,0.15960692142098357,29876U
2025-06-30T08:54:29.237757,615.1340559558861,-1059.9377930736075,-7139.081264594624,-3.6217001231846013,-6.41419400128533,0.6088228517593333,29876U
2025-06-30T08:55:29.237757,396.8125969452631,-1442.5593670976323,-7089.135852650267,-3.653383291848307,-6.335843788454159,1.0554314141477013,29876U
2025-06-30T08:56:29.237757,177.00170536826616,-1819.7661573472496,-7012.512639270308,-3.671338229733445,-6.23376557301382,1.4978010813150062,29876U
2025-06-30T08:57:29.237757,-43.473135898559704,-2190.1459778467915,-6909.514484510087,-3.675514510536563,-6.108357781091765,1.9343184839207865,29876U
2025-06-30T08:58:29.237757,-263.7848444926472,-2552.312949560688,-6780.540405998526,-3.6659091945371256,-5.960098452878916,2.3633930746696885,29876U
2025-06-30T08:59:29.237757,-483.10758768273524,-2904.9122346030927,-6626.08406952934,-3.6425667438783464,-5.789543691134046,2.7834617425792247,29876U
2025-06-30T09:00:29.237757,-700.6196240127874,-3246.624673117766,-6446.732003104065,-3.6055788612774564,-5.597325981699786,3.1929933885983313,29876U
2025-06-30T09:01:29.237757,-915.5061326693497,-3576.1713147223036,-6243.161536594016,-3.5550842486676286,-5.384152376961695,3.5904934713249554,29876U
2025-06-30T09:02:29.237757,-1126.9620255156467,-3892.317835827029,-6016.138468796409,-3.4912682805356328,-5.150802530927975,3.974508528568707,29876U
2025-06-30T09:03:29.237757,-1334.1947363927168,-4193.878833448438,-5766.514463451832,-3.4143625852307338,-4.8981265729401455,4.343630677072814,29876U
2025-06-30T09:04:29.237757,-1536.4269818740202,-4479.721985377,-5495.224175780133,-3.3246445263199855,-4.627042805976074,4.696502088966915,29876U
2025-06-30T09:05:29.237757,-1732.8994871633754,-4748.7720657252385,-5203.282111331317,-3.2224365751955526,-4.338535215135787,5.031819439538608,29876U
2025-06-30T09:06:29.237757,-1922.8736703637046,-5000.014804147419,-4891.779219312494,-3.1081055655807464,-4.03365077207877,5.348338316977811,29876U
2025-06-30T09:07:29.237757,-2105.634277701015,-5232.500576096689,-4561.87922336714,-2.9820618204546783,-3.7134965222202756,5.644877580579994,29876U
2025-06-30T09:08:29.237757,-2280.491961876795,-5445.347910949714,-4214.814693494244,-2.844758142039192,-3.379236442818037,5.920323650285891,29876U
2025-06-30T09:09:29.237757,-2446.785795099385,-5637.7468040725025,-3851.8828640435313,-2.6966886560817254,-3.032088062294859,6.173634706698387,29876U
2025-06-30T09:10:29.237757,-2603.8857079171876,-5808.961818490655,-3474.4412039435642,-2.538387502523033,-2.673318833644671,6.403844777620149,29876U
2025-06-30T09:11:29.237757,-2751.1948445341586,-5958.334961475601,-3083.902746817039,-2.370427365848023,-2.3042422578149906,6.610067684397975,29876U
2025-06-30T09:12:29.237757,-2888.151824943576,-6085.288321217557,-2681.7311902460174,-2.1934178399027497,-1.9262137563289015,6.791500819181336,29876U
2025-06-30T09:13:29.237757,-3014.232903958114,-6189.3264488097,-2269.4357751735492,-2.0080036236938508,-1.5406262960518402,6.947428722623255,29876U
2025-06-30T09:14:29.237757,-3128.954017055716,-6270.038471030281,-1848.565958244889,-1.814862546630728,-1.1489057728375622,7.077226430617825,29876U
2025-06-30T09:15:29.237757,-3231.8727029237043,-6327.0999199011185,-1420.7058917315137,-1.6147034237610465,-0.7525061646734582,7.18036255842783,29876U
2025-06-30T09:16:29.237757,-3322.5898926649015,-6360.27426571209,-987.4687275351218,-1.4082637437460253,-0.35290446881405685,7.256402091002186,29876U
2025-06-30T09:17:29.237757,-3400.7515558389177,-6369.414141136645,-550.4907635871789,-1.1963071945626507,0.04840455886718076,7.305008849418955,29876U
2025-06-30T09:18:29.237757,-3466.050193854795,-6354.462245214223,-111.42545269190101,-0.9796210341425641,0.4499138405719575,7.325947605189622,29876U
2025-06-30T09:19:29.237757,-3518.226171698546,-6315.451917325538,328.0627045050664,-0.7590133153166998,0.8501095643777274,7.31908581657585,29876U
2025-06-30T09:20:29.237757,-3557.0688795755523,-6252.50737282084,766.3043592693652,-0.5353099764609582,1.24747689541482,7.2843949640453705,29876U
2025-06-30T09:21:29.237757,-3582.4177167583875,-6165.843593653347,1201.6315827969436,-0.30935181109273613,1.6405057803583185,7.221951465447334,29876U
2025-06-30T09:22:29.237757,-3594.1628907497657,-6055.765869194512,1632.384176956347,-0.08199133129520086,2.027696813373969,7.131937155331043,29876U
2025-06-30T09:23:29.237757,-3592.246025782598,-5922.668984332623,2056.9160013522664,0.1459104587902322,2.4075671304259876,7.014639316960864,29876U
2025-06-30T09:24:29.237757,-3576.6605756693507,-5767.036053948958,2473.601289694524,0.37348736209479055,2.7786562982149228,6.870450259883675,29876U
2025-06-30T09:25:29.237757,-3547.452037064304,-5589.437004891463,2880.8409280996966,0.5998713423191598,3.1395321639733877,6.699866440266842,29876U
2025-06-30T09:26:29.237757,-3504.717960295142,-5390.526708587834,3277.068667859666,0.8241959137236182,3.4887966328965474,6.503487125523407,29876U
2025-06-30T09:27:29.237757,-3448.607756035697,-5171.042769426117,3660.757245367853,1.045599548453527,3.8250913410811944,6.282012608864778,29876U
2025-06-30T09:28:29.237757,-3379.322297209224,-4931.802975945445,4030.424382302347,1.2632290830840314,4.1471031934524705,6.036241983254906,29876U
2025-06-30T09:29:29.237757,-3297.113316612132,-4673.702423695165,4384.638639797248,1.4762431066101767,4.453569738193449,5.76707048768858,29876U
2025-06-30T09:30:29.237757,-3202.282601813402,-4397.710320307229,4722.025101175482,1.6838153129255922,4.743284351584226,5.475486441689742,29876U
2025-06-30T09:31:29.237757,-3095.1809898987462,-4104.866484869784,5041.270858828584,1.8851378018758898,5.015101209798625,5.16256778636297,29876U
2025-06-30T09:32:29.237757,-2976.2071655771247,-3796.2775550662664,5341.130281990018,2.0794243141997666,5.267940027002502,4.829478252179844,29876U
2025-06-30T09:33:29.237757,-2845.8062670387962,-3473.1129167513404,5620.430043414982,2.265913387018099,5.500790541930099,4.477463174923512,29876U
2025-06-30T09:34:29.237757,-2704.4683047423046,-3136.600371665868,5878.073884317675,2.4438714179412364,5.712716737875316,4.10784498185029,29876U
2025-06-30T09:35:29.237757,-2552.7263990089227,-2788.0215598574,6113.047098286429,2.612595627269425,5.902860783612009,3.7220183701886875,29876U
2025-06-30T09:36:29.237757,-2391.1548429165055,-2428.7071540764664,6324.4207162671655,2.7714169091004233,6.070446685055046,3.3214451996341867,29876U
2025-06-30T09:37:29.237757,-2220.3669975165685,-2060.031843985377,6511.355376038733,2.919702563367285,6.214783639400531,2.9076491195976293,29876U
2025-06-30T09:38:29.237757,-2041.0130268537098,-1683.4091284608878,6673.104860878912,3.0568589018567156,6.335269084973812,2.482209950718561,29876U
2025-06-30T09:39:29.237757,-1853.7774806637813,-1300.285934638198,6809.01929330673,3.1823337220508883,6.431391441012328,2.0467578386997465,29876U
2025-06-30T09:40:29.237757,-1659.3767329695013,-912.1370826357811,6918.547970886437,3.295618643168849,6.502732532103531,1.602967196958755,29876U
2025-06-30T09:41:29.237757,-1458.556285112254,-520.4596151857253,7001.24183206887,3.3962512990214933,6.548969691975296,1.1525504531068982,29876U
2025-06-30T09:42:29.237757,-1252.0879420556116,-126.76701166396228,7056.75554094825,3.483817382244399,6.5698775408416346,0.6972516129515901,29876U
2025-06-30T09:43:29.237757,-1040.7668711123456,267.41669365253847,7084.849180623891,3.5579525341290883,6.565329429585602,0.23883965476713412,29876U
2025-06-30T09:44:29.237757,-825.4085525707254,660.5628689111647,7085.389545614639,3.6183440736781067,6.535298542810695,-0.22089823395084046,29876U
2025-06-30T09:45:29.237757,-606.8456320778563,1051.1442969205405,7058.351024494192,3.6647325586869313,6.479858651310001,-0.6801635649593443,29876U
2025-06-30T09:46:29.237757,-385.9246850568585,1437.6412210825306,7003.816064646138,3.696913170678412,6.399184502923948,-1.13715359000305,29876U
2025-06-30T09:47:29.237757,-163.50290393435998,1818.5474031245076,6921.97521181365,3.7147369144409734,6.293551839222643,-1.5900684594334114,29876U
2025-06-30T09:48:29.237757,59.55528049285481,2192.376169989998,6813.126717986844,3.7181116218391432,6.16333702410671,-2.0371184822511967,29876U
2025-06-30T09:49:29.237757,282.3816315874855,2557.6664263893645,6677.675712177341,3.707002748554197,6.009016269427403,-2.4765314683120043,29876U
2025-06-30T09:50:29.237757,504.1075806427539,2912.988608610223,6516.132929816405,3.681433951569802,5.831164442224478,-2.9065601300274855,29876U
2025-06-30T09:51:29.237757,723.867728495371,3256.9505542538395,6329.112997919598,3.641487434626896,5.630453438302585,-3.3254895169577003,29876U
2025-06-30T09:52:29.237757,940.8033608002256,3588.203261641072,6117.332274820714,3.5873040486204104,5.407650107727049,-3.731644452358024,29876U
2025-06-30T09:53:29.237757,1154.0659619961662,3905.446511774774,5881.606245212252,3.519083134069874,5.163613719498897,-4.12339693619054,29876U
2025-06-30T09:54:29.237757,1362.8207122172234,4207.434325004387,5622.846473450168,3.4370820934259747,4.899292955219344,-4.499173474520407,29876U
2025-06-30T09:55:29.237757,1566.2499506714125,4492.980223963457,5342.05712059178,3.341615682120669,4.615722424994059,-4.85746229079221,29876U
2025-06-30T09:56:29.237757,1763.5565883636957,4760.962274015183,5040.331033410317,3.2330550089461116,4.314018703120472,-5.196820370455226,29876U
2025-06-30T09:57:29.237757,1953.9674524997656,5010.327872374322,4718.84541665691,3.1118262385642006,3.9953758861985804,-5.515880286963203,29876U
2025-06-30T09:58:29.237757,2136.7365445203864,5240.098257347188,4378.85710306346,2.9784089916742813,3.6610606820878604,-5.813356754542774,29876U
2025-06-30T09:59:29.237757,2311.1481935091347,5449.37270977606,4021.6974389464203,2.8333344415566217,3.3124070444624625,-6.088052851474665,29876U
2025-06-30T10:00:29.237757,2476.5200867113863,5637.332419816457,3648.7668067268496,2.6771831092978164,2.950810374433341,-6.33886585710657,29876U
2025-06-30T10:01:29.237757,2632.2061591363154,5803.243993650077,3261.528809129176,2.510582363895479,2.5777213175903206,-6.5647926465510595,29876U
2025-06-30T10:02:29.237757,2777.5993246867824,5946.462576630098,2861.504143206719,2.334203637538013,2.1946391916840464,-6.764934589060042,29876U
2025-06-30T10:03:29.237757,2912.1340320008194,6066.434571679804,2450.2641955499257,2.1487593705313865,1.8031050867641663,-6.938501899457721,29876U
2025-06-30T10:04:29.237757,3035.288629178699,6162.699934480119,2029.424393013007,1.9549997044864156,1.4046946857282048,-7.084817396704056,29876U
2025-06-30T10:05:29.237757,3146.5875228192976,6234.894030065697,1600.6373459324564,1.7537089463454805,1.0010108586730628,-7.203319629594737,29876U
2025-06-30T10:06:29.237757,3245.603118273137,6282.749038841618,1165.5858230573801,1.5457018295017282,0.593676089010619,-7.293565336640804,29876U
2025-06-30T10:07:29.237757,3331.957529720347,6306.094903679114,725.9755991873438,1.3318196015220292,0.18432479283196315,-7.355231215152287,29876U
2025-06-30T10:08:29.237757,3405.3240505682766,6304.859813575632,283.52821777455705,1.1129259707262704,-0.225404404641252,-7.388114983267861,29876U
2025-06-30T10:09:29.237757,3465.428376700284,6279.070223296814,-160.02628855616376,0.889902946004846,-0.6338763705966961,-7.392135727896633,29876U
2025-06-30T10:10:29.237757,3512.049577251635,6228.850412371538,-602.9566764890601,0.6636466057140615,-1.039467079461347,-7.367333541013514,29876U
2025-06-30T10:11:29.237757,3545.0208097999953,6154.4215907044945,-1043.5377268927073,0.43506283221714753,-1.44057107787118,-7.3138684562184535,29876U
2025-06-30T10:12:29.237757,3564.2297790840685,6056.100561824087,-1480.057394508957,0.20506304863227875,-1.8356087394404361,-7.232018706669684,29876U
2025-06-30T10:13:29.237757,3569.6189405663094,5934.297958314454,-1910.8238324798779,-0.025440006413149634,-2.223033253022438,-7.122178334181513,29876U
2025-06-30T10:14:29.237757,3561.185452279585,5789.51606722789,-2334.172253814857,-0.2555364316819138,-2.60133729323193,-6.9848541872105985,29876U
2025-06-30T10:15:29.237757,3538.9808804092927,5622.346266165959,-2748.4715944607,-0.4843232116800489,-2.969059328029248,-6.820662352433007,29876U
2025-06-30T10:16:29.237757,3503.1106659167467,5433.4660932163,-3152.1309455562705,-0.7109081309835651,-3.324789524916289,-6.630324070475855,29876U
2025-06-30T10:17:29.237757,3453.733361177898,5223.635975989984,-3543.605725697648,-0.9344135282939844,-3.667175224603673,-6.414661190977419,29876U
2025-06-30T10:18:29.237757,3391.059647064176,4993.6956466023075,-3921.4035675056634,-1.1539798676151174,-3.994925958645515,-6.174591225423627,29876U
2025-06-30T10:19:29.237757,3315.3511421109397,4744.560270568198,-4284.089896392788,-1.368769107873126,-4.3068179952908805,-5.911122058108176,29876U
2025-06-30T10:20:29.237757,3226.9190163908675,4477.216318241826,-4630.293183093484,-1.5779678564123814,-4.601698405464421,-5.625346376086045,29876U
2025-06-30T10:21:29.237757,3126.1224234267074,4192.717207630361,-4958.709855168416,-1.7807902959736606,-4.878488648162085,-5.3184358781764836,29876U
2025-06-30T10:22:29.237757,3013.3667639474666,3892.178747195368,-5268.1088562222785,-1.976480878873906,-5.136187681431747,-4.991635321019995,29876U
2025-06-30T10:23:29.237757,2889.1017955159373,3576.7744066387445,-5557.335844947225,-2.1643167860676074,-5.373874611368025,-4.646256456999125,29876U
2025-06-30T10:24:29.237757,2753.8196020533815,3247.730442715157,-5825.317029230906,-2.3436101524661628,-5.590710897028016,-4.283671914658368,29876U
2025-06-30T10:25:29.237757,2608.0524370760463,2906.320905862786,-6071.062633412382,-2.5137100632449716,-5.785942133776235,-3.9053090672615793,29876U
2025-06-30T10:26:29.237757,2452.370454065541,2553.86255196403,-6293.669999281383,-2.6740043288023,-5.958899441211803,-3.5126439294995704,29876U
2025-06-30T10:27:29.237757,2287.3793368447373,2191.7096818854643,-6492.326323578978,-2.8239210485005026,-6.109000484484145,-3.107195116285375,29876U
2025-06-30T10:28:29.237757,2113.7178421544086,1821.248929669336,-6666.311036544023,-2.962929975274094,-6.235750159446751,-2.690517891253625,29876U
2025-06-30T10:29:29.237757,1932.055265861216,1443.8940184269288,-6814.997827453021,-3.0905436946064726,-6.338740972748194,-2.2641983262173477,29876U
2025-06-30T10:30:29.237757,1743.0888433925588,1061.0805011440652,-6937.856324142179,-3.2063186322637134,-6.417653147673761,-1.8298475865802806,29876U
2025-06-30T10:31:29.237757,1547.5410941360901,674.2605018391498,-7034.453434174748,-3.30985590552494,-6.472254485382704,-1.3890963517647883,29876U
2025-06-30T10:32:29.237757,1346.1571186797833,284.89747083657295,-7104.454355664331,-3.4008020324990245,-6.502400009239064,-0.943589374218196,29876U
2025-06-30T10:33:29.237757,1139.7018569358295,-105.53903361486682,-7147.623265811978,-3.478849513500499,-6.508031417309468,-0.49498017564736746,29876U
2025-06-30T10:34:29.237757,928.9573144076985,-495.5785265133363,-7163.823695002185,-3.5437372974224646,-6.489176364922367,-0.0449258748984289,29876U
2025-06-30T10:35:29.237757,714.719763158513,-883.7547303472448,-7153.018593871468,-3.595251144644744,-6.445947595576607,0.40491786154588105,29876U
2025-06-30T10:36:29.237757,497.7969234191505,-1268.6106536399354,-7115.270100165457,-3.6332238963224426,-6.378541934590961,0.8529017581195061,29876U
2025-06-30T10:37:29.237757,279.00513127043183,-1648.7036057240748,-7050.739011479463,-3.6575356579743064,-6.287239155831087,1.2973877712071633,29876U
2025-06-30T10:38:29.237757,59.16649744298583,-2022.6101401449746,-6959.683969187856,-3.6681139032085004,-6.17240072777314,1.7367538469935775,29876U
2025-06-30T10:39:29.237757,-160.89393799222984,-2388.930919336087,-6842.460358054326,-3.6649335012566002,-6.034468441185878,2.1693986105223466,29876U
2025-06-30T10:40:29.237757,-380.3510504110456,-2746.295493225657,-6699.518925227165,-3.6480166698037935,-5.873962916957855,2.5937459995998084,29876U
2025-06-30T10:41:29.237757,-598.38247028849,-3093.3669842473687,-6531.4041216054475,-3.6174328524757366,-5.691481989169018,3.0082498556706985,29876U
2025-06-30T10:42:29.237757,-814.1714130102959,-3428.846670867209,-6338.752167948707,-3.573298518331825,-5.4876989554965565,3.411398481616287,29876U
2025-06-30T10:43:29.237757,-1026.9094939275585,-3751.4784612107487,-6122.288847636081,-3.515776878880708,-5.263360684540229,3.8017191736499747,29876U
2025-06-30T10:44:29.237757,-1235.7995234373873,-4060.053247731719,-5882.827027683923,-3.4450775165271854,-5.01928556770773,4.177782731237408,29876U
2025-06-30T10:45:29.237757,-1440.0582764843828,-4353.413133121338,-5621.263909532082,-3.361455917025364,-4.756361301968747,4.538207945340993,29876U
2025-06-30T10:46:29.237757,-1638.9192304252972,-4630.455516862956,-5338.578011221798,-3.2652128974857075,-4.475542489092341,4.881666061410992,29876U
2025-06-30T10:47:29.237757,-1831.6352646973176,-4890.137031019638,-5035.825882924884,-3.156693920790376,-4.177848036939623,5.206885209532253,29876U
2025-06-30T10:48:29.237757,-2017.481315195586,-5131.4773130366075,-4714.138558353527,-3.036288286931479,-3.864358348993002,5.512654790104356,29876U
2025-06-30T10:49:29.237757,-2195.7569757267174,-5353.562602593653,-4374.71774536831,-2.9044281918045844,-3.5362122895304857,5.797829799517523,29876U
2025-06-30T10:50:29.237757,-2365.7890383711047,-5555.549148873401,-4018.8317601141475,-2.7615876443684004,-3.194603913676095,6.061335076581688,29876U
2025-06-30T10:51:29.237757,-2526.933964084119,-5736.666414061044,-3647.8112102286873,-2.608281233808596,-2.840778953917193,6.302169447089741,29876U
2025-06-30T10:52:29.237757,-2678.580274414318,-5896.220058488664,-3263.044434061867,-2.445062739398679,-2.4760310575088753,6.5194097409450364,29876U
2025-06-30T10:53:29.237757,-2820.150854829805,-6033.5946926023935,-2865.9727044013857,-2.2725235771093173,-2.101697772416268,6.712214653835647,29876U
2025-06-30T10:54:29.237757,-2951.1051598400904,-6148.256380888355,-2458.0852068835993,-2.0912910786431618,-1.7191562829885867,6.879828423569208,29876U
2025-06-30T10:55:29.237757,-3070.9413098967952,-6239.754883060274,-2040.9138050461986,-1.9020266004219628,-1.3298189003175065,7.021584289948509,29876U
2025-06-30T10:56:29.237757,-3179.198069960347,-6307.725618196277,-1616.0276058174925,-1.705423462081426,-0.93512831611461,7.136907706504232,29876U
2025-06-30T10:57:29.237757,-3275.4566996438284,-6351.891338121846,-1185.0273410968857,-1.502204716184338,-0.5365526328443335,7.2253192725298865,29876U
2025-06-30T10:58:29.237757,-3359.3426649954486,-6372.0634971712625,-749.539582920691,-1.2931207530872586,-0.13558018666662736,7.2864373546876084,29876U
2025-06-30T10:59:29.237757,-3430.527202260499,-6368.143306513922,-311.2108114902843,-1.0789467471351353,0.26628581661908646,7.319980368953771,29876U
2025-06-30T11:00:29.237757,-3488.7287243733126,-6340.122462494762,128.29864297251103,-0.860479952553842,0.6675328290746472,7.325768695815646,29876U
2025-06-30T11:01:29.237757,-3533.7140614670234,-6288.083539892869,567.3207620286904,-0.6385368595031262,1.0666446250200925,7.303726204361428,29876U
2025-06-30T11:02:29.237757,-3565.299527345687,-6212.200042628395,1004.1860805746817,-0.4139502226971579,1.4621070732119692,7.253881364154741,29876U
2025-06-30T11:03:29.237757,-3583.351804634934,-6112.736106218738,1437.2299830524041,-0.18756597673332107,1.85241398564027,7.176367927467652,29876U
2025-06-30T11:04:29.237757,-3587.78864219621,-5990.045848172094,1864.799028248524,0.03975994623576263,2.2360730102724324,7.0714251684638985,29876U
2025-06-30T11:05:29.237757,-3578.5793593461203,-5844.572364476243,2285.257275888909,0.2671648796450949,2.6116115341587642,6.9393976701684865,29876U
2025-06-30T11:06:29.237757,-3555.745152447086,-5676.84637236125,2696.992587752772,0.493782748731036,2.977582562991268,6.780734654418162,29876U
2025-06-30T11:07:29.237757,-3519.3592005113683,-5487.484501546576,3098.422875820495,0.7187474415025202,3.3325705434912565,6.595988854336683,29876U
2025-06-30T11:08:29.237757,-3469.5465675675214,-5277.187238195664,3488.002270007964,0.9411962059157057,3.6751970958478446,6.3858149331057295,29876U
2025-06-30T11:09:29.237757,-3406.4839006572183,-5046.736527757691,3864.2271783357,1.1602730547891769,4.00412662481022,6.1509674567907116,29876U
2025-06-30T11:10:29.237757,-3330.398923440933,-4796.993044744529,4225.642212915082,1.37513216040276,4.318071779887588,5.892298432624611,29876U
2025-06-30T11:11:29.237757,-3241.569726475169,-4528.893139247358,4570.845955879666,1.5849412214132617,4.615798737349771,5.610754427364688,29876U
2025-06-30T11:12:29.237757,-3140.3238562624365,-4243.445471608329,4898.496540336288,1.7888847856673,4.896132279271117,5.307373283029541,29876U
2025-06-30T11:13:29.237757,-3027.0372061569087,-3941.727348126851,5207.317022501362,1.9861675136333254,5.15796064759679,4.98328044945953,29876U
2025-06-30T11:14:29.237757,-2902.132713116152,-3624.8807719656243,5496.100522418878,2.176017368475833,5.400240154051104,4.639684954666943,29876U
2025-06-30T11:15:29.237757,-2766.078865117162,-3294.1082245365405,5763.715111967511,2.3576887201818355,5.621999529519665,4.277875034859735,29876U
2025-06-30T11:16:29.237757,-2619.388024797394,-2950.6681935924253,6009.10843022454,2.530465352561384,5.822343999216133,3.899213446349782,29876U
2025-06-30T11:17:29.237757,-2462.6145755348616,-2595.870465025371,6231.312007634761,2.6936633633229676,6.000459072391274,3.5051324813272675,29876U
2025-06-30T11:18:29.237757,-2296.352896750329,-2231.0711960020617,6429.445281788393,2.846633948699238,6.1556140374543045,3.0971287087760526,29876U
2025-06-30T11:19:29.237757,-2121.235175705386,-1857.667787567872,6602.719288919292,2.9887660652150467,6.2871651550799745,2.676757460708763,29876U
2025-06-30T11:20:29.237757,-1937.9290634917372,-1477.0935752476123,6750.440016469808,3.1194889620979627,6.3945585431110565,2.245627082523685,29876U
2025-06-30T11:21:29.237757,-1747.1351832748103,-1090.8123564981963,6872.011403211338,3.238274578486768,6.477332747796806,1.8053929647632063,29876U
2025-06-30T11:22:29.237757,-1549.5844991799331,-700.3127741461371,6966.9379744563275,3.3446397999736637,6.535120996126954,1.3577513720097043,29876U
2025-06-30T11:23:29.237757,-1346.035554520018,-307.1025752269891,7034.827100839202,3.4381485690969638,6.5676531237399125,0.9044330832585045,29876U
2025-06-30T11:24:29.237757,-1137.2715883636056,87.29723506665063,7075.390870002171,3.518413844197478,6.574757172157233,0.44719685696274647,29876U
2025-06-30T11:25:29.237757,-924.0975397628246,481.3583242705983,7088.447561303201,3.5850994005698835,6.556360647988765,-0.012177266785315766,29876U
2025-06-30T11:26:29.237757,-707.3369493138442,873.551027886031,7073.922714400743,3.6379214671209326,6.5124914353670835,-0.4718948146867043,29876U
2025-06-30T11:27:29.237757,-487.82876812316016,1262.3503879711911,7031.849783295752,3.6766501908376426,6.443278351325222,-0.930153866637024,29876U
2025-06-30T11:28:29.237757,-266.4240847104601,1646.2422134806482,6962.370368164509,3.70111092033546,6.3489513322627635,-1.3851521663882305,29876U
2025-06-30T11:29:29.237757,-43.982780911061596,2023.7291400197087,6865.734018140725,3.711185298671734,6.229841238203842,-1.8350943409765779,29876U
2025-06-30T11:30:29.237757,178.62987156881186,2393.336665885232,6742.297599145858,3.7068121545619865,6.086379260383445,-2.2781992109601377,29876U
2025-06-30T11:31:29.237757,400.5466616208727,2753.6191403720304,6592.524221970706,3.687988180210624,5.91909591696245,-2.7127071703625214,29876U
2025-06-30T11:32:29.237757,620.9019231895287,3103.1656794101214,6416.981727115004,3.6547683832561195,5.728619621498544,-3.136887611523936,29876U
2025-06-30T11:33:29.237757,838.8350399069984,3440.60598266202,6216.340724437001,3.607266299918916,5.515674809318759,-3.549046365890025,29876U
2025-06-30T11:34:29.237757,1053.493955319881,3764.616025324274,5991.372187472776,3.545653956406569,5.2810796082404785,-3.94753312730853,29876U
2025-06-30T11:35:29.237757,1264.0386733325695,4073.9235970752866,5742.944604378676,3.4701615660420564,5.025743042244495,-4.330748819809567,29876U
2025-06-30T11:36:29.237757,1469.6447327425246,4367.3136599612435,5472.020689829668,3.3810769504878078,4.750661759742042,-4.697152867334168,29876U
2025-06-30T11:37:29.237757,1669.5066390568409,4643.633496565074,5179.653664863013,3.278744674869929,4.456916281990349,-5.0452703186537775,29876U
2025-06-30T11:38:29.237757,1862.8412361858468,4901.79761960582,4866.983114578715,3.1635648885785037,4.145666771961404,-5.373698776993772,29876U
2025-06-30T11:39:29.237757,2048.8910001572876,5140.79241424152,4535.230436740528,3.0359918660112912,3.8181483294488974,-5.681115080872816,29876U
2025-06-30T11:40:29.237757,2226.927236701833,5359.680484820146,4185.693897630333,2.8965322445080557,3.4756658243010565,-5.966281680560884,29876U
2025-06-30T11:41:29.237757,2396.2531644600936,5557.604678683056,3819.7433149347444,2.7457429601333936,3.119588286233959,-6.228052653514934,29876U
2025-06-30T11:42:29.237757,2556.206865691254,5733.79176091302,3438.8143908904563,2.584228885718416,2.751342876501201,-6.46537930232304,29876U
2025-06-30T11:43:29.237757,2706.164086720533,5887.555715618612,3044.4027223453704,2.4126401795827563,2.3724084736043443,-6.677315280128858,29876U
2025-06-30T11:44:29.237757,2845.5408709856665,6018.300651487769,2638.0575176764155,2.231669357498326,1.9843089119594088,-6.86302119130315,29876U
2025-06-30T11:45:29.237757,2973.7960084138676,6125.523291882396,2221.3750536017074,2.042048104620182,1.5886059188091997,-7.021768619236393,29876U
2025-06-30T11:46:29.237757,3090.4332859946844,6208.815032673527,1795.9919077171942,1.844543848156522,1.186891800439522,-7.1529435385176265,29876U
2025-06-30T11:47:29.237757,3195.003525791157,6267.8635542770335,1363.578005014263,1.6399561153586772,0.7807819337340103,-7.256049075321628,29876U
2025-06-30T11:48:29.237757,3287.106398233155,6302.453977890387,925.829518628701,1.429112704862471,0.37190712311244967,-7.330707587401881,29876U
2025-06-30T11:49:29.237757,3366.3920003404037,6312.469559686881,484.46166656147824,1.2128657023875715,-0.0380941142178224,-7.376662043496928,29876U
2025-06-30T11:50:29.237757,3432.562190490252,6297.891920617926,41.201447065946276,0.9920873742103644,-0.44758327010562904,-7.393776690976763,29876U
2025-06-30T11:51:29.237757,3485.371673442215,6258.800813427929,-402.21964422577764,0.767665973585949,-0.8549295094415995,-7.382037009942839,29876U
2025-06-30T11:52:29.237757,3524.6288315113684,6195.373432416293,-844.0728725671346,0.5405014963538133,-1.258517212287756,-7.341548961490309,29876U
2025-06-30T11:53:29.237757,3550.196300002478,6107.883275306408,-1282.6394556658593,0.3115014222854834,-1.6567533324085253,-7.27253754718417,29876U
2025-06-30T11:54:29.237757,3561.9912872299783,5996.698570220217,-1716.2176478243218,0.0815764783084218,-2.0480745139604974,-7.175344705734819,29876U
2025-06-30T11:55:29.237757,3559.9856416067223,5862.28028413904,-2143.1296777867487,-0.14836354140475208,-2.430953912720979,-7.050426581144027,29876U
2025-06-30T11:56:29.237757,3544.2056703471376,5705.179732288483,-2561.7285037830497,-0.37741386533004384,-2.8039076738619353,-6.898350204013376,29876U
2025-06-30T11:57:29.237757,3514.731716253851,5526.035810565778,-2970.404352021733,-0.6046787137769958,-3.165501024722812,-6.7197896340802385,29876U
2025-06-30T11:58:29.237757,3471.6975008086492,5325.57187538477,-3367.5910079962646,-0.8292751196821425,-3.5143539481231314,-6.515521617222446,29876U
2025-06-30T11:59:29.237757,3415.289243336409,5104.5922971209375,-3751.771833339591,-1.0503365767852455,-3.8491464092668,-6.286420814048734,29876U
2025-06-30T12:00:29.237757,3345.7445673337716,4863.97871467723,-4121.485484514269,-1.2670164947647653,-4.168623117017374,-6.033454659705208,29876U
2025-06-30T12:01:29.237757,3263.3512061354586,4604.686019559127,-4475.331313273127,-1.4784914449411353,-4.471597808051237,-5.757677915661488,29876U
2025-06-30T12:02:29.237757,3168.4455209203115,4327.7380982476,-4811.974432491265,-1.6839641843064406,-4.7569570499240035,-5.4602269740128575,29876U
2025-06-30T12:03:29.237757,3061.4108446401383,4034.223361631624,-5130.150434548927,-1.8826664497758585,-5.02366356620097,-5.142313973331914,29876U
2025-06-30T12:04:29.237757,2942.67566578367,3725.2900898088096,-5428.669752907891,-2.073861518596283,-5.270759093371937,-4.805220782393625,29876U
2025-06-30T12:05:29.237757,2812.7116659886838,3402.1416197641643,-5706.421660750309,-2.25684653465501,-5.497366785100432,-4.450292904355693,29876U
2025-06-30T12:06:29.237757,2672.0316253936962,3066.0314023050278,-5962.377903533232,-2.430954603945735,-5.7026931843710225,-4.07893334932016,29876U
2025-06-30T12:07:29.237757,2521.1872093087536,2718.257953248997,-6195.59596497059,-2.5955566655697044,-5.88602978817562,-3.6925965178409275,29876U
2025-06-30T12:08:29.237757,2360.7666493022584,2360.159722271644,-6405.2219682763425,-2.750063147327184,-6.046754232482784,-3.2927821320446,29876U
2025-06-30T12:09:29.237757,2191.3923311811127,1993.1099010918479,-6590.49321645393,-2.893925417136162,-6.184331127327917,-2.8810292448051134,29876U
2025-06-30T12:10:29.237757,2013.7183016113395,1618.5111908562885,-6750.740376994901,-3.0266370431755107,-6.298312572957518,-2.4589103510397123,29876U
2025-06-30T12:11:29.237757,1828.4277043246334,1237.7905467533928,-6885.389317545498,-3.147734876769697,-6.3883383880840094,-2.0280256188795893,29876U
2025-06-30T12:12:29.237757,1636.230156005754,852.393916075858,-6993.962599937184,-3.2567999726234005,-6.454136080527676,-1.589997252366849,29876U
2025-06-30T12:13:29.237757,1437.8590710927422,463.7809842233841,-7076.080640467054,-3.353458361087635,-6.495520588912312,-1.1464639916154498,29876U
2025-06-30T12:14:29.237757,1234.0689438779516,73.41994154044897,-7131.462544487604,-3.4373816867270404,-6.512393821744453,-0.699075751192105,29876U
2025-06-30T12:15:29.237757,1025.6325954895867,-317.21771756326456,-7159.926623265119,-3.508287726608531,-6.504744017261043,-0.24948839292045033,29876U
2025-06-30T12:16:29.237757,813.3383925934155,-706.6623530115263,-7161.390600724897,-3.5659408004922635,-6.472644943997268,0.20064137449668268,29876U
2025-06-30T12:17:29.237757,597.9874439989023,-1093.4512858169376,-7135.871517171158,-3.6101520835396808,-6.416254958241147,0.6496609796457713,29876U
2025-06-30T12:18:29.237757,380.39078079822895,-1476.133844841227,-7083.485336396647,-3.640779830327966,-6.3358159305387565,1.0959268691291915,29876U
2025-06-30T12:19:29.237757,161.36652522213302,-1853.2763457863546,-7004.446261830664,-3.657729516944542,-6.231652049326391,1.537809298912121,29876U
2025-06-30T12:20:29.237757,-58.26294692518702,-2223.4669949819795,-6899.065766563888,-3.6609539058006635,-6.104168505724939,1.9736970507828628,29876U
2025-06-30T12:21:29.237757,-277.6738455881895,-2585.320710649687,-6767.751341283337,-3.650453035623014,-5.9538500596588255,2.4020020880218653,29876U
2025-06-30T12:22:29.237757,-496.0438029536588,-2937.4838542340976,-6611.004963391757,-3.626274136924074,-5.781259483866998,2.8211641632050397,29876U
2025-06-30T12:23:29.237757,-712.5547024779726,-3278.6388640899386,-6429.4212899234935,-3.588511471183598,-5.587035879164825,3.2296553891633546,29876U
2025-06-30T12:24:29.237757,-926.3954956604467,-3607.5087833718394,-6223.685576325628,-3.5373060900540962,-5.3718928515639375,3.625984781620237,29876U
2025-06-30T12:25:29.237757,-1136.7650015050478,-3922.86167336229,-5994.571322800319,-3.472845509189341,-5.136616539654087,4.0087027789616,29876U
2025-06-30T12:26:29.237757,-1342.8746832671238,-4223.514902777855,-5742.937649709449,-3.3953632898325097,-4.88206347903007,4.376405741130126,29876U
2025-06-30T12:27:29.237757,-1543.9513966554214,-4508.339302814348,-5469.726403556503,-3.3051385201294967,-4.609158289557829,4.727740425851025,29876U
2025-06-30T12:28:29.237757,-1739.2401031728925,-4776.263176870633,-5175.958995300687,-3.2024951872864063,-4.318891170939458,5.061408436416798,29876U
2025-06-30T12:29:29.237757,-1928.0065417639457,-5026.276153082617,-4862.732973213892,-3.087801431184606,-4.012315192342482,5.376170631228188,29876U
2025-06-30T12:30:29.237757,-2109.5398513896885,-5257.432867008699,-4531.218333188824,-2.9614686699222945,-3.690543362816858,5.670851481289357,29876U
2025-06-30T12:31:29.237757,-2283.1551366162885,-5468.85646110107,-4182.653570315654,-2.82395058796328,-3.3547454707781297,5.9443433580408955,29876U
2025-06-30T12:32:29.237757,-2448.19596778019,-5659.741886984119,-3818.3414766724013,-2.6757419781424643,-3.0061446829622995,6.195610730367912,29876U
2025-06-30T12:33:29.237757,-2604.0368068158728,-5829.358996085731,-3439.6446915914694,-2.517377429683784,-2.646013895886122,6.4236942464591555,29876U
2025-06-30T12:34:29.237757,-2750.085349412145,-5977.055403850803,-3047.9810121519804,-2.3494298556076623,-2.2756718359090407,6.627714673501599,29876U
2025-06-30T12:35:29.237757,-2885.784773816706,-6102.259112630541,-2644.8184732834807,-2.172508854412787,-1.89647890741427,6.806876666047632,29876U
2025-06-30T12:36:29.237757,-3010.6158863583387,-6204.48087841111,-2231.6702086048635,-1.987258902666561,-1.5098327923022057,6.960472332361288,29876U
2025-06-30T12:37:29.237757,-3124.0991536060806,-6283.316306826884,-1810.0891049435209,-1.7943573770910743,-1.1171638078390362,7.087884567171317,29876U
2025-06-30T12:38:29.237757,-3225.796611052038,-6338.4476644095985,-1381.6622653382913,-1.5945124068342578,-0.7199300338175598,7.188590119067761,29876U
2025-06-30T12:39:29.237757,-3315.31363829469,-6369.645391757616,-948.0052971875627,-1.3884605588150738,-0.3196122238658778,7.262162361284685,29876U
2025-06-30T12:40:29.237757,-3392.300590918923,-6376.769306265524,-510.7564440188951,-1.1769643612696121,0.08229148052113232,7.308273735806195,29876U
2025-06-30T12:41:29.237757,-3456.454279616545,-6359.7694832241,-71.57058110108741,-0.9608096728497652,0.4842710111390667,7.3266978425870715,29876U
2025-06-30T12:42:29.237757,-3507.5192875702346,-6318.686805472925,367.88690326324763,-0.740802906771504,0.8848099841524942,7.3173111481522835,29876U
2025-06-30T12:43:29.237757,-3545.28911772504,-6253.653173340431,805.9463174532407,-0.5177681215294414,1.2823914330471173,7.280094290863988,29876U
2025-06-30T12:44:29.237757,-3569.60716229043,-6164.891368318402,1240.9399426500258,-0.2925439915344445,1.6755036331026392,7.215132963645388,29876U
2025-06-30T12:45:29.237757,-3580.3674876415485,-6052.714565758314,1671.2083496910004,-0.0659806726370093,2.062645985273822,7.122618358833601,29876U
2025-06-30T12:46:29.237757,-3577.5154287049368,-5917.525493818761,2095.106730131756,0.16106342115091243,2.442334926162233,7.002847163995426,29876U
2025-06-30T12:47:29.237757,-3561.047987909292,-5759.815237898035,2511.011214401607,0.3877249123805399,2.8131098301704682,6.856221101867403,29876U
2025-06-30T12:48:29.237757,-3531.0140348357395,-5580.161691823195,2917.325149596574,0.6131388082533428,3.173538869929966,6.683246011958381,29876U
2025-06-30T12:49:29.237757,-3487.5143037968955,-5379.227659096966,3312.4853093797337,0.8364418835933994,3.5222248016861557,6.4845304756584525,29876U
2025-06-30T12:50:29.237757,-3430.7011876895685,-5157.758609495921,3694.968008636965,1.056776080164819,3.8578106434661463,6.260783990818205,29876U
2025-06-30T12:51:29.237757,-3360.7783275828924,-4916.580098231358,4063.295095962667,1.2732919040551134,4.178985215498899,6.012814705585499,29876U
2025-06-30T12:52:29.237757,-3277.999998601514,-4656.594856697936,4416.039797705765,1.4851518034085303,4.484488514434861,5.741526724713188,29876U
2025-06-30T12:53:29.237757,-3182.6702937260256,-4378.779565523463,4751.832388160306,1.69153350962188,4.773116895330166,5.447917004501069,29876U
2025-06-30T12:54:29.237757,-3075.1421081420976,-4084.1813221689736,5069.365661518909,1.891633326173744,5.043728038032186,5.133071854937456,29876U
2025-06-30T12:55:29.237757,-2955.815927713197,-3773.9138167012557,5367.400182380402,2.0846693504907483,5.295245677414953,4.798163069419203,29876U
2025-06-30T12:56:29.237757,-2825.1384260168197,-3449.153230555898,5644.76929288518,2.2698846156083716,5.5266640797588895,4.444443703628447,29876U
2025-06-30T12:57:29.237757,-2683.600875168606,-3111.1338741391146,5900.3838558928865,2.4465501397883753,5.737052250325686,4.0732435257480715,29876U
2025-06-30T12:58:29.237757,-2531.7373763512687,-2761.143579965412,6133.2367150018845,2.6139678736597753,5.925557859756951,3.685964160214954,29876U
2025-06-30T12:59:29.237757,-2370.1229165741947,-2400.5188687282725,6342.406853580209,2.7714735357770772,6.091410879204883,3.2840739467199898,29876U
2025-06-30T13:00:29.237757,-2199.3712587161867,-2030.6399062601022,6527.063236314638,2.918439328686137,6.233926916009872,2.8691025352369337,29876U
2025-06-30T13:01:29.237757,-2020.1326723550294,-1652.9252697779243,6686.4683180605925,3.054276528598946,6.352510243204277,2.4426352365991035,29876U
2025-06-30T13:02:29.237757,-1833.0915132796945,-1268.8265421694045,6819.981205964228,3.1784379425548597,6.446656517091602,2.006307146675487,29876U
2025-06-30T13:03:29.237757,-1638.9636599232865,-879.8227533694421,6927.060461924083,3.290420227457323,6.515955177610498,1.561797060646399,29876U
2025-06-30T13:04:29.237757,-1438.493815271393,-487.4146881576799,7007.2665334516705,3.389766065595952,6.560091526141766,1.1108211924016167,29876U
2025-06-30T13:05:29.237757,-1232.4526831010753,-93.11907998618433,7060.263801890749,3.476066191194545,6.578848474893642,0.6551267128032345,29876U
2025-06-30T13:06:29.237757,-1021.6340277175532,301.5372892277055,7085.822237770939,3.548961262169789,6.572107961060684,0.19648511962769039,29876U
2025-06-30T13:07:29.237757,-806.8516266886176,695.0235630268735,7083.8186538304535,3.6081435706762477,6.539852017686057,-0.2633145484686709,29876U
2025-06-30T13:08:29.237757,-588.9361264556907,1085.810837266242,7054.237546972124,3.6533585851876818,6.4821634916735995,-0.7224726415047521,29876U
2025-06-30T13:09:29.237757,-368.73181112936567,1472.3782185353964,6997.171521156994,3.6844063158860947,6.399226397826856,-1.1791859580453208,29876U
2025-06-30T13:10:29.237757,-147.09329527202303,1853.2188921267727,6912.821284029241,3.7011424940646163,6.291325896278414,-1.6316549207319884,29876U
2025-06-30T13:11:29.237757,75.11784796428934,2226.8461767544613,6801.495210953216,3.7034795551802673,6.158847879368732,-2.0780908506588496,29876U
2025-06-30T13:12:29.237757,297.0365113483739,2591.799542386669,6663.608471169407,3.6913874142060195,6.00227815308712,-2.516723320947389,29876U
2025-06-30T13:13:29.237757,517.7975180348986,2946.650566642375,6499.681711988839,3.664894021115794,5.822201197748782,-2.9458075664146466,29876U
2025-06-30T13:14:29.237757,736.5391125494119,3290.0088042786674,6310.339298378355,3.6240856837820887,5.619298492775589,-3.3636319222692954,29876U
2025-06-30T13:15:29.237757,952.4064640806956,3620.527543380748,6096.307106978467,3.5691071453540064,5.394346391389897,-3.7685252604253012,29876U
2025-06-30T13:16:29.237757,1164.5551670850577,3936.909421027047,5858.409875557777,3.500161403386798,5.1482135327943235,-4.158864387479146,29876U
2025-06-30T13:17:29.237757,1372.1547234381876,4237.911870476062,5597.568111159955,3.4175092586709575,4.881857782051866,-4.5330813638288365,29876U
2025-06-30T13:18:29.237757,1574.3919896545335,4522.352371380309,5314.794562731962,3.3214685828978094,4.596322691402091,-4.889670699045294,29876U
2025-06-30T13:19:29.237757,1770.4745720457852,4789.11347420285,5011.190266846085,3.2124132960294745,4.292733481148142,-5.227196374618479,29876U
2025-06-30T13:20:29.237757,1959.6341522268003,5037.147570064439,4687.940178086632,3.0907720464648403,3.9722925433295444,-5.544298641951252,29876U
2025-06-30T13:21:29.237757,2141.1297248909827,5265.481377397449,4346.308399084482,2.9570265899138652,3.6362744774124187,-5.83970054074174,29876U
2025-06-30T13:22:29.237757,2314.250729742264,5473.220117680296,3987.6330283329407,2.8117098660279365,3.286020673375813,-6.112214081630323,29876U
2025-06-30T13:23:29.237757,2478.3200593698384,5659.551353448353,3613.320647546944,2.655403775497723,2.9229334644860607,-6.360746036387762,29876U
2025-06-30T13:24:29.237757,2632.6969251663622,5823.748463379116,3224.84047368112,2.488736664194143,2.54846987885149,-6.584303279896466,29876U
2025-06-30T13:25:29.237757,2776.779563876019,5965.173731172299,2823.7182041013193,2.312380525020453,2.1641350257063454,-6.781997630336406,29876U
2025-06-30T13:26:29.237757,2910.0077681157954,6083.2810273102195,2411.5295865935,2.1270479323005347,1.7714751589324984,-6.9530501375103135,29876U
2025-06-30T13:27:29.237757,3031.865225230651,6177.6180655455155,1989.893748822587,1.933488727629146,1.372070466383203,-7.096794774071528,29876U
2025-06-30T13:28:29.237757,3141.881650107231,6247.828219078988,1560.466324455553,1.7324864800319728,0.9675276389300075,-7.212681490462119,29876U
2025-06-30T13:29:29.237757,3239.634699071846,6293.651884814724,1124.93241535097,1.5248547468970357,0.5594722776099749,-7.3002786015068315,29876U
2025-06-30T13:30:29.237757,3324.751653710142,6314.927387747448,684.9994309359986,1.311433165331385,0.14954120065190982,-7.359274480663736,29876U
2025-06-30T13:31:29.237757,3396.910865338167,6311.591421377984,242.38984709324566,1.093083406266265,-0.2606252856162387,-7.389478546699837,29876U
2025-06-30T13:32:29.237757,3455.842952894958,6283.679023990885,-201.16607249409137,0.8706850256830728,-0.6693910870386013,-7.39082153680716,29876U
2025-06-30T13:33:29.237757,3501.331749166717,6231.3230945776695,-643.9375495209034,0.6451312487147446,-1.0751319284954342,-7.3633550696431636,29876U
2025-06-30T13:34:29.237757,3533.2149924567743,6154.753456071167,-1084.2005162846156,0.41732472302562945,-1.4762428044659426,-7.307250511214988,29876U
2025-06-30T13:35:29.237757,3551.3847630296955,6054.29547728772,-1520.2447515689778,0.18817327779040935,-1.8711452133389062,-7.222797165665037,29876U
2025-06-30T13:36:29.237757,3555.78766584123,5930.368268478157,-1950.3808874527167,-0.04141427623358709,-2.2582941196629913,-7.110399821610109,29876U
2025-06-30T13:37:29.237757,3546.4247631703956,5783.482468599558,-2372.9472494416477,-0.2705322715689314,-2.636184593714867,-6.970575692512269,29876U
2025-06-30T13:38:29.237757,3523.351262755799,5614.2376452719645,-2786.316494923184,-0.4982822020326175,-3.003358083875851,-6.80395079641221,29876U
2025-06-30T13:39:29.237757,3486.675968866002,5423.319330836533,-3188.9020178945957,-0.7237766048788526,-3.358408284121682,-6.611255826078394,29876U
2025-06-30T13:40:29.237757,3436.5605053726085,5211.495719942979,-3579.164091182858,-0.9461427813065025,-3.699986566279287,-6.393321565088048,29876U
2025-06-30T13:41:29.237757,3373.2183213173066,4979.614055640703,-3955.6157208574696,-1.1645263332201328,-4.026806954363373,-6.151073908477466,29876U
2025-06-30T13:42:29.237757,3296.9134906530307,4728.596732029687,-4316.828191142824,-1.3780944980606225,-4.337650626050876,-5.885528548350125,29876U
2025-06-30T13:43:29.237757,3207.9593187792866,4459.437142129985,-4661.4362818112495,-1.5860392676264223,-4.6313699340003405,-5.597785385200586,29876U
2025-06-30T13:44:29.237757,3106.7167691838267,4173.195299794145,-4988.14314365324,-1.7875802809466317,-4.90689194703696,-5.289022724774221,29876U
2025-06-30T13:45:29.237757,2993.592723942127,3870.9932642168305,-5295.724821149311,-1.9819674853562954,-5.163221518063415,-4.960491318095699,29876U
2025-06-30T13:46:29.237757,2869.038092028187,3554.010394947437,-5583.034414801908,-2.168483563836389,-5.399443891730594,-4.6135082990039695,29876U
2025-06-30T13:47:29.237757,2733.5457793660935,3223.4784643222665,-5849.005878683541,-2.3464461303285495,-5.614726870295408,-4.2494510692655645,29876U
2025-06-30T13:48:29.237757,2587.6485343237314,2880.6766529567503,-6092.657451563207,-2.515209698032285,-5.808322560597919,-3.869751176273214,29876U
2025-06-30T13:49:29.237757,2431.9166819419556,2526.926452434151,-6313.0947224480615,-2.6741674285691386,-5.979568728635788,-3.475888222658443,29876U
2025-06-30T13:50:29.237757,2266.955759632257,2163.586497652336,-6509.513333494767,-2.822752672302509,-6.127889790762246,-3.0693838410456933,29876U
2025-06-30T13:51:29.237757,2093.4040663942546,1792.0473495071033,-6681.201324988373,-2.9604403119947404,-6.2527974720742,-2.6517957608489704,29876U
2025-06-30T13:52:29.237757,1911.9301368320803,1413.7262467568803,-6827.541128451903,-3.0867479233448574,-6.353891163112017,-2.224711987649473,29876U
2025-06-30T13:53:29.237757,1723.2301504198226,1030.0618440894436,-6948.01121494334,-3.201236766776508,-6.430858005608252,-1.7897451094803005,29876U
2025-06-30T13:54:29.237757,1528.0252856057482,642.5089516369726,-7042.187406239206,-3.303512625149939,-6.483472736775006,-1.348526738436072,29876U
2025-06-30T13:55:29.237757,1327.0590274937585,252.53328953020522,-7109.743856912133,-3.3932265018737326,-6.511597319594,-0.9027020905962105,29876U
2025-06-30T13:56:29.237757,1121.0944370115685,-138.3937304434597,-7150.453715328719,-3.470075193237932,-6.515180383887435,-0.4539247023953966,29876U
2025-06-30T13:57:29.237757,910.9113887075976,-528.8001853464461,-7164.1894713519905,-3.5338017477203896,-6.494256499714813,-0.003851277432012428,29876U
2025-06-30T13:58:29.237757,697.3037836210171,-917.2187741713342,-7150.922998081942,-3.584195823596359,-6.44894530099661,0.44586334567411146,29876U
2025-06-30T13:59:29.237757,481.07674307029595,-1302.1918948137875,-7110.725294350497,-3.6210939544676894,-6.3794504733404045,0.8935711163011814,29876U
2025-06-30T14:00:29.237757,263.043788712018,-1682.2766569370917,-7043.765933956113,-3.6443797303927497,-6.286058615977518,1.3376355993302556,29876U
2025-06-30T14:01:29.237757,44.02401384066364,-2056.049823180814,-6950.31222682467,-3.65398390021351,-6.169137983635015,1.7764367215698584,29876U
2025-06-30T14:02:29.237757,-175.1607493486033,-2422.112671371,-6830.728096468785,-3.6498843985098324,-6.029137110201798,2.2083754514948333,29876U
2025-06-30T14:03:29.237757,-393.68876194416424,-2779.0957703894155,-6685.472677332818,-3.6321062984389356,-5.8665833123109214,2.6318784258653145,29876U
2025-06-30T14:04:29.237757,-610.7412053710719,-3125.663662159356,-6515.098634894353,-3.6007216896032475,-5.682081067556426,3.0454025352207292,29876U
2025-06-30T14:05:29.237757,-825.5049986170264,-3460.5194418039787,-6320.250210796589,-3.555849478098045,-5.476310259097877,3.4474394779787665,29876U
2025-06-30T14:06:29.237757,-1037.1756007273364,-3782.4092275079934,-6101.660994826108,-3.4976551040783317,-5.250024275936248,3.8365202900618893,29876U
2025-06-30T14:07:29.237757,-1244.9597933464358,-4090.126510941236,-5860.151425274047,-3.4263501706034685,-5.004047956254472,4.2112198536634535,29876U
2025-06-30T14:08:29.237757,-1448.078437691671,-4382.516378354788,-5596.626019135797,-3.3421919762110157,-4.739275359934288,4.5701613851088485,29876U
2025-06-30T14:09:29.237757,-1645.7691998847793,-4658.47959165328,-5312.070333738393,-3.245482942673092,-4.45666735572428,4.912020897859583,29876U
2025-06-30T14:10:29.237757,-1837.2892380589187,-4916.976517922306,-5007.547661744672,-3.136569928725899,-4.157249008551395,5.235531632677268,29876U
2025-06-30T14:11:29.237757,-2021.917844125729,-5157.030895086456,-4684.195462069048,-3.01584342025113,-3.842106753129583,5.539488442934243,29876U
2025-06-30T14:12:29.237757,-2198.9590325401964,-5377.733420618044,-4343.221530058742,-2.883736587437399,-3.512385341312695,5.822752119135201,29876U
2025-06-30T14:13:29.237757,-2367.7440678725006,-5578.245149557183,-3985.899911321529,-2.74072419985409,-3.1692845525101476,6.084253633031552,29876U
2025-06-30T14:14:29.237757,-2527.6339224923736,-5757.800687556084,-3613.5665648205954,-2.5873213911242354,-2.8140556588996573,6.322998278351642,29876U
2025-06-30T14:15:29.237757,-2678.021655223585,-5915.711164268154,-3227.6147822690345,-2.424082265960654,-2.4479976400473196,6.538069682251681,29876U
2025-06-30T14:16:29.237757,-2818.3347014419555,-6051.366972177458,-2829.490372434242,-2.2515983437103686,-2.0724531448226804,6.728633659180247,29876U
2025-06-30T14:17:29.237757,-2948.037064794474,-6164.240255938367,-2420.6866206573427,-2.0704968341930097,-1.6888042020713652,6.89394187702874,29876U
2025-06-30T14:18:29.237757,-3066.6314005164254,-6253.887137475201,-2002.7390356898295,-1.881438743485353,-1.2984676853037616,7.033335304252106,29876U
2025-06-30T14:19:29.237757,-3173.6609802368775,-6319.949662496471,-1577.219897792065,-1.6851168093401074,-0.9028905405576233,7.146247406137444,29876U
2025-06-30T14:20:29.237757,-3268.7115281922247,-6362.157454704647,-1145.7326239140443,-1.4822532680920935,-0.5035447905175805,7.2322070585799,29876U
2025-06-30T14:21:29.237757,-3351.412918928002,-6380.329064840226,-709.9059676136686,-1.2735974571276194,-0.10192233179179076,7.290841148610023,29876U
2025-06-30T14:22:29.237757,-3421.440726855293,-6374.373002771428,-271.38807315913755,-1.059923259233545,0.3004704541104289,7.3218768324719115,29876U
2025-06-30T14:23:29.237757,-3478.5176184464435,-6344.2884421253975,168.1595950573221,-0.8420263973297837,0.7021182522065252,7.325143424251067,29876U
2025-06-30T14:24:29.237757,-3522.4145783988183,-6290.165588431795,607.0684251140515,-0.62072159017675,1.101502500993899,7.300573890834326,29876U
2025-06-30T14:25:29.237757,-3552.95196176201,-6212.185703394663,1043.6689081125212,-0.39683958157273236,1.4971071855200249,7.248205932282463,29876U
2025-06-30T14:26:29.237757,-3570.0003647988533,-6110.620779698079,1476.2969414463676,-0.1712240572835897,1.8874247051245137,7.168182630420918,29876U
2025-06-30T14:27:29.237757,-3573.481308227813,-5985.83286265356,1903.3001585996021,0.055271534585138594,2.270961782949494,7.0607526525079995,29876U
2025-06-30T14:28:29.237757,-3563.367727454175,-5838.273016983887,2323.0442585627743,0.2817872428697097,2.646245383426808,6.926270001113976,29876U
2025-06-30T14:29:29.237757,-3539.684265426447,-5668.479939066648,2733.9193075087633,0.5074599345073856,3.011828603685371,6.765193305719392,29876U
2025-06-30T14:30:29.237757,-3502.507364831949,-5477.078217006858,3134.3459851613666,0.731426659241272,3.3662965051337728,6.578084655904491,29876U
2025-06-30T14:31:29.237757,-3451.96515745415,-5264.776242924462,3522.7817483606527,0.9528280393263049,3.708271852374589,6.365607980227559,29876U
2025-06-30T14:32:29.237757,-3388.2371496324804,-5032.363783804385,3897.726884639946,1.1708116658016472,4.036420728025952,6.128526978871709,29876U
2025-06-30T14:33:29.237757,-3311.553703874408,-4780.7092191267475,4257.730429183917,1.3845354833203214,4.349457993916879,5.867702621767265,29876U
2025-06-30T14:34:29.237757,-3222.1953177507057,-4510.756455248753,4601.395919303677,1.5931711462352305,4.646152571398352,5.584090227083393,29876U
2025-06-30T14:35:29.237757,-3120.491702240603,-4223.521528122302,4927.386961522668,1.7959073295973065,4.925332516085226,5.27873613764985,29876U
2025-06-30T14:36:29.237757,-3006.8206626679357,-3920.088907381916,5234.43258748523,1.991952979880445,5.185889865112665,4.952774014961369,29876U
2025-06-30T14:37:29.237757,-2881.6067862746518,-3601.6075161263275,5521.332376130889,2.1805404915468105,5.426785237833741,4.607420771912756,29876U
2025-06-30T14:38:29.237757,-2745.319941297242,-3269.286481817435,5786.961320909478,2.3609287969600903,5.64705217371177,4.243972166283319,29876U
2025-06-30T14:39:29.237757,-2598.473593149478,-2924.3906346605672,6030.274422177023,2.532406358561376,5.845801193833637,3.8637980772813334,29876U
2025-06-30T14:40:29.237757,-2441.6229439618746,-2568.235770597569,6250.310986298847,2.6942940535931355,6.022223574907163,3.468337487195609,29876U
2025-06-30T14:41:29.237757,-2275.3629022917476,-2202.1836966654446,6446.1986143470895,2.845947942921274,6.175594826700693,3.0590931894644027,29876U
2025-06-30T14:42:29.237757,-2100.3258903035016,-1827.637076968238,6617.156864588745,2.986761916607002,6.305277865562702,2.6376262433537145,29876U
2025-06-30T14:43:29.237757,-1917.179496137291,-1446.034097903936,6762.500574194705,3.1161702097698907,6.410725877866564,2.20555019405069,29876U
2025-06-30T14:44:29.237757,-1726.6239795462316,-1058.8429716056223,6881.642826745321,3.233649782923261,6.491484867927892,1.7645250754455455,29876U
2025-06-30T14:45:29.237757,-1529.3896392113802,-667.5562968456057,6974.097553148825,3.338722561318717,6.547195885126492,1.3162512113545404,29876U
2025-06-30T14:46:29.237757,-1326.2340504464512,-273.68529692022247,7039.4817545366805,3.43095752790577,6.577596924659974,0.8624628295422125,29876U
2025-06-30T14:47:29.237757,-1117.9391823119747,121.24604565918361,7077.517336553603,3.5099726642868543,6.582524495601521,0.4049215018044256,29876U
2025-06-30T14:48:29.237757,-905.3084034763656,515.7069374976909,7088.032545247646,3.5754367335573587,6.561914848812147,-0.054590577327008415,29876U
2025-06-30T14:49:29.237757,-689.1633865199495,908.1657850632378,7070.962995507059,3.6270708981900848,6.515804855863732,-0.5142774608563065,29876U
2025-06-30T14:50:29.237757,-470.34092077990323,1297.096246723749,7026.3522837255305,3.664650165214399,6.444332528588129,-0.9723364557257625,29876U
2025-06-30T14:51:29.237757,-249.68964429703172,1680.9833043296985,6954.352177142553,3.6880046499097854,6.347737167315131,-1.4269652513756286,29876U
2025-06-30T14:52:29.237757,-28.06670595781423,2058.329331871735,6855.222373145944,3.6970206481611654,6.226359124449253,-1.8763691546531809,29876U
2025-06-30T14:53:29.237757,193.6656304760235,2427.660137932497,6729.329822785345,3.691641506593493,6.080639168913683,-2.3187684127346326,29876U
2025-06-30T14:54:29.237757,414.64342809733887,2787.530957776857,6577.147613869154,3.671868278703599,5.911117436305301,-2.752405602553119,29876U
2025-06-30T14:55:29.237757,634.0045512622399,3136.532369992113,6399.253410351632,3.6377601545276,5.718431949504983,-3.1755530614709615,29876U
2025-06-30T14:56:29.237757,850.8921588432187,3473.2961116797583,6196.327446285674,3.5894346510088266,5.503316695077535,-3.5865203297673114,29876U
2025-06-30T14:57:29.237757,1064.4582017059506,3796.500765314441,5969.150074457771,3.527067550240175,5.266599242185919,-3.983661571034422,29876U
2025-06-30T14:58:29.237757,1273.8669090170952,4104.877289611458,5718.598871940227,3.4508925732105244,5.009197892983864,-4.365382932011794,29876U
2025-06-30T14:59:29.237757,1478.2982472448462,4397.214366108277,5445.645307207702,3.3612007776383996,4.732118356582402,-4.730149798904408,29876U
2025-06-30T15:00:29.237757,1676.9513350480684,4672.363532756874,5151.35097614056,3.258339669950963,4.436449942675187,-5.0764939030807925,29876U
2025-06-30T15:01:29.237757,1869.04779666155,4929.2440756451415,4836.863417195187,3.142712023483407,4.123361275748229,-5.403020225379098,29876U
2025-06-30T15:02:29.237757,2053.8350359728847,5166.847650159722,4503.411519139068,3.014774397490532,3.7940955363128457,-5.70841364538519,29876U
2025-06-30T15:03:29.237757,2230.5894131860455,5384.242603377386,4152.3005381069215,2.875035354583193,3.4499652417925852,-5.9914452800046325,29876U
2025-06-30T15:04:29.237757,2398.6193059132515,5580.57797041103,3784.9067441276115,2.724053377619992,3.09234658625672,-6.250978454778491,29876U
2025-06-30T15:05:29.237757,2557.2680366780537,5755.087118754513,3402.6717207276774,2.5624344908488474,2.72267336503908,-6.485974251682162,29876U
2025-06-30T15:06:29.237757,2705.916649196283,5907.091016420749,3007.09634462911,2.3908295940988626,2.342430517172712,-6.695496578734267,29876U
2025-06-30T15:07:29.237757,2843.9865164479284,6036.001101854669,2599.7344758167137,2.20993152294476,1.953147325263858,-6.878716709679026,29876U
2025-06-30T15:08:29.237757,2970.94176444613,6141.32173618452,2182.1863913130055,2.02047185189994,1.556390318743533,-7.034917246247297,29876U
2025-06-30T15:09:29.237757,3086.291496763794,6222.652221340911,1756.0919987457125,1.8232174616974435,1.1537559321192494,-7.1634954610160095,29876U
2025-06-30T15:10:29.237757,3189.5918062691935,6279.688370864316,1323.123868178235,1.6189668954775231,0.7468629747340477,-7.263965985545574,29876U
2025-06-30T15:11:29.237757,3280.4475621405177,6312.223623790751,884.9801225994761,1.4085465320831014,0.33734497242219824,-7.335962816140543,29876U
2025-06-30T15:12:29.237757,3358.5139620385035,6320.149695776812,443.377228906105,1.1928066075724695,-0.07315755578610157,-7.379240618046686,29876U
2025-06-30T15:13:29.237757,3423.497841288727,6303.456765529316,0.04273210254397532,0.9726171183929685,-0.4830048212321646,-7.393675317952108,29876U
2025-06-30T15:14:29.237757,3475.158733022575,6262.233198559639,-443.2920242521895,0.7488636413365881,-0.8905654245773073,-7.3792639840548055,29876U
2025-06-30T15:15:29.237757,3513.309675398087,6196.6648142041995,-884.8991485745896,0.5224431063858157,-1.29422388632301,-7.336124002431016,29876U
2025-06-30T15:16:29.237757,3537.8177642335977,6107.033705659997,-1323.0613808515336,0.29425955879662175,-1.6923879874993857,-7.26449156773289,29876U
2025-06-30T15:17:29.237757,3548.6044515820786,5993.71662639969,-1756.0791607773422,0.0652199462814414,-2.08349586272216,-7.16471951510294,29876U
