timestamp,x_km,y_km,z_km,vx_km_s,vy_km_s,vz_km_s,name
2025-06-29T02:58:39.038017,6376.042397871574,-3909.44954882058,0.004757984630464094,-0.7318416632693615,-1.2708237466766112,7.064603607325059,32455U
2025-06-29T02:59:39.038017,6321.220259765238,-3978.940990914577,423.6274283000312,-1.0951437790850342,-1.045116292200861,7.052453146744586,32455U
2025-06-29T03:00:39.038017,6244.716528248592,-4034.784777327561,845.7936161430129,-1.4544156068166776,-0.8159965426190309,7.016069874743236,32455U
2025-06-29T03:01:39.038017,6146.807477126157,-4076.79840208216,1265.0537361729907,-1.8085085911622159,-0.5842047455212825,6.9556024256160685,32455U
2025-06-29T03:02:39.038017,6027.83774456788,-4104.843919351027,1679.969112450724,-2.1562913439336775,-0.3504867600788393,6.871266111645656,32455U
2025-06-29T03:03:39.038017,5888.219243391476,-4118.8282349335805,2089.115945849921,-2.496651783087384,-0.11559255938654216,6.763342153513633,32455U
2025-06-29T03:04:39.038017,5728.429946076951,-4118.703309908239,2491.0892358536794,-2.8284992295006623,0.11972524456526562,6.632176896353649,32455U
2025-06-29T03:05:39.038017,5549.0125464266375,-4104.4662776098285,2884.5066565622733,-3.1507664708457868,0.3547128581776448,6.47818101492733,32455U
2025-06-29T03:06:39.038017,5350.572999246468,-4076.1594747058552,3268.0123865481937,-3.4624118020172,0.5886167509938305,6.301828710360477,32455U
2025-06-29T03:07:39.038017,5133.778938714248,-4033.870386773074,3640.280892453322,-3.7624210520911636,0.8206850937496022,6.10365689959456,32455U
2025-06-29T03:08:39.038017,4899.357975504012,-3977.731508363742,4000.0206660340273,-4.0498096079721275,1.0501691959874222,5.884264397380844,32455U
2025-06-29T03:09:39.038017,4648.095872095241,-3907.9201171275513,4345.977914231266,-4.323624445113695,1.2763249500065696,5.644311089137201,32455U
2025-06-29T03:10:39.038017,4380.834595079732,-3824.657961112755,4676.940201576247,-4.5829461758067,1.4984142883858886,5.384517091334865,32455U
2025-06-29T03:11:39.038017,4098.470242678894,-3728.2108579135047,4991.740043877443,-4.826891125511459,1.7157066627463124,5.105661894265117,32455U
2025-06-29T03:12:39.038017,3801.950845109449,-3618.8882038634733,5289.258451661768,-5.054613447539466,1.9274805517962172,4.808583480051526,32455U
2025-06-29T03:13:39.038017,3492.2740348948687,-3497.0423910018067,5568.428421256526,-5.265307286027434,2.133025007001739,4.494177406622581,32455U
2025-06-29T03:14:39.038017,3170.4845837231187,-3363.068129061753,5828.238370693631,-5.458208996556037,2.3316412444223444,4.163395846050552,32455U
2025-06-29T03:15:39.038017,2837.6718020094613,-3217.4016692602963,6067.735516789689,-5.632599432908569,2.5226442913218357,3.817246563208711,32455U
2025-06-29T03:16:39.038017,2494.966796950644,-3060.519926206289,6286.029188798767,-5.7878063072993005,2.70536469607517,3.456791818125851,32455U
2025-06-29T03:17:39.038017,2143.5395845674034,-2892.9394938027854,6482.294072946473,-5.923206629888805,2.8791503096103974,3.0831471727571005,32455U
2025-06-29T03:18:39.038017,1784.5960510438274,-2715.2155506066247,6655.773380932067,-6.038229231504023,3.043368146116938,2.697480180188328,32455U
2025-06-29T03:19:39.038017,1419.3747586039685,-2527.9406497366454,6805.7819341281065,-6.132357371159195,3.1974063299810314,2.3010089316068956,32455U
2025-06-29T03:20:39.038017,1049.1435912383313,-2331.7433881042034,6931.70915371841,-6.205131427200161,3.340676134841211,1.8950004337735293,32455U
2025-06-29T03:21:39.038017,675.1962358292132,-2127.2869494915103,7033.021945399401,-6.2561516676465585,3.4726141192563764,1.4807687873045194,32455U
2025-06-29T03:22:39.038017,298.8484946484548,-1915.2675158420477,7109.267465536855,-6.285081091573359,3.5926843617161466,1.059673133919497,32455U
2025-06-29T03:23:39.038017,-78.5655741611877,-1696.4125410718016,7160.0757538351845,-6.291648329157034,3.7003807955722476,0.6331153390390621,32455U
2025-06-29T03:24:39.038017,-455.6976906319818,-1471.478881781375,7185.1622156592075,-6.2756505833334675,3.7952296419115643,0.20253737485461096,32455U
2025-06-29T03:25:39.038017,-831.1895629140265,-1241.2507794690744,7184.329935177452,-6.236956590913166,3.8767919354204863,-0.23058163162745343,32455U
2025-06-29T03:26:39.038017,-1203.6772730542073,-1006.5376892367199,7157.471798505444,-6.175509575539796,3.944666134908487,-0.6647287209012603,32455U
2025-06-29T03:27:39.038017,-1571.7958368119032,-768.1719505664612,7104.572404060814,-6.091330159148834,3.998490806388965,-1.0983608278810655,32455U
2025-06-29T03:28:39.038017,-1934.1839336480584,-527.0062965508639,7025.709735451339,-5.9845191927030035,4.037947362494431,-1.5299089455131585,32455U
2025-06-29T03:29:39.038017,-2289.4888006259434,-283.9111989998948,6921.0565704619175,-5.85526046109672,4.062762837590262,-1.9577827538182255,32455U
2025-06-29T03:30:39.038017,-2636.3712812268177,-39.77204814586041,6790.881598156606,-5.70382321140907,4.072712673327298,-2.3803757384458395,32455U
2025-06-29T03:31:39.038017,-2973.5110170202634,204.51383276636184,6635.550214842626,-5.530564448347652,4.067623484642402,-2.7960708167764774,32455U
2025-06-29T03:32:39.038017,-3299.611766758081,448.0403358739111,6455.524968737562,-5.335930935990518,4.047375771505724,-3.2032464821224487,32455U
2025-06-29T03:33:39.038017,-3613.4068338159977,689.8958758262979,6251.365622724631,-5.1204608410466435,4.011906537172423,-3.6002834676543394,32455U
2025-06-29T03:34:39.038017,-3913.6645790380694,929.1668490158029,6023.728804662053,-4.88478495007307,3.9612117694957525,-3.98557192136467,32455U
2025-06-29T03:35:39.038017,-4199.193992011046,1164.9412356373764,5773.367215416181,-4.629627391666798,3.895348738180972,-4.357519071789608,32455U
2025-06-29T03:36:39.038017,-4468.8502896906775,1396.3123324551125,5501.128366194832,-4.355805794838833,3.81443805790237,-4.714557351521354,32455U
2025-06-29T03:37:39.038017,-4721.540507220089,1622.3826011272258,5207.952818934527,-4.0642308167989185,3.7186654651644337,-5.055152932012965,32455U
2025-06-29T03:38:39.038017,-4956.2290418313105,1842.267613797191,4894.871906499326,-3.755904977419635,3.6082832558556746,-5.37781460912153,32455U
2025-06-29T03:39:39.038017,-5171.943107034761,2055.100074467291,4563.004913311479,-3.431920743837196,3.4836113307943766,-5.681102964648827,32455U
2025-06-29T03:40:39.038017,-5367.778051010803,2260.033891510504,4213.555701764765,-3.0934578170501354,3.3450377983475055,-5.963639715266051,32455U
2025-06-29T03:41:39.038017,-5542.902490362466,2456.248273638747,3847.8087753510067,-2.74177958298101,3.193019086528637,-6.224117147144977,32455U
2025-06-29T03:42:39.038017,-5696.563208310373,2642.9518188286265,3467.1247758042127,-2.3782287031628058,3.0280795219083347,-6.461307522885648,32455U
2025-06-29T03:43:39.038017,-5828.089765139978,2819.3865632110274,3072.935418651088,-2.004221834801559,2.8508103392070434,-6.674072337457223,32455U
2025-06-29T03:44:39.038017,-5936.898768369142,2984.8319548620498,2666.737879226096,-1.6212434861451461,2.6618680935239163,-6.861371292366542,32455U
2025-06-29T03:45:39.038017,-6022.497750787851,3138.6087158871787,2250.0886493113085,-1.2308390304620491,2.461972456656796,-7.022270852602506,32455U
2025-06-29T03:46:39.038017,-6084.488606305494,3280.082555258303,1824.5968929060286,-0.8346069200174164,2.2519033896872016,-7.15595224946813,32455U
2025-06-29T03:47:39.038017,-6122.5705364618125,3408.6676946194507,1391.917338009645,-0.4341901596763807,2.032497695673997,-7.261718794498655,32455U
2025-06-29T03:48:39.038017,-6136.542464518768,3523.830169778703,953.7427494803529,-0.031267117561845935,1.804644968591653,-7.339002375446371,32455U
2025-06-29T03:49:39.038017,-6126.304879211812,3625.090871884829,511.79603577444607,0.3724582330788277,1.5692829671894721,-7.387369014821259,32455U
2025-06-29T03:50:39.038017,-6091.861076419539,3712.028294356955,67.82204943311552,0.7752665316098879,1.3273924548258,-7.406523384590754,32455U
2025-06-29T03:51:39.038017,-6033.3177740876545,3784.280954473523,-376.4208526598848,1.175433585398392,1.0799915581231343,-7.396312187084345,32455U
2025-06-29T03:52:39.038017,-5950.885083556363,3841.549462085235,-819.1694181832356,1.5712411309453316,0.8281297080764345,-7.356726331492785,32455U
2025-06-29T03:53:39.038017,-5844.875828796614,3883.598212120565,-1258.6642026265647,1.960987662087365,0.5728812366328777,-7.2879018570333525,32455U
2025-06-29T03:54:39.038017,-5715.704213741252,3910.256682299553,-1693.1582897295168,2.342999183353699,0.3153387094027591,-7.190119577196089,32455U
2025-06-29T03:55:39.038017,-5563.883846669793,3921.4203226394106,-2120.9259511332775,2.7156397469880704,0.05660608077423439,-7.063803443731342,32455U
2025-06-29T03:56:39.038017,-5390.025139227372,3917.051028786343,-2540.271167979445,3.0773216362507694,-0.20220823891139156,-6.9095176533815295,32455U
2025-06-29T03:57:39.038017,-5194.832105897288,3897.177196789904,-2949.5359394197653,3.4265150652582235,-0.4599983134216031,-6.727962543986288,32455U
2025-06-29T03:58:39.038017,-4979.098597380338,3861.893362498529,-3347.1083066686056,3.7617572765120375,-0.7156675185370698,-6.519969348721117,32455U
2025-06-29T03:59:39.038017,-4743.704008168562,3811.359434145645,-3731.4300262120264,4.081660930999176,-0.9681352019807091,-6.286493897156039,32455U
2025-06-29T04:00:39.038017,-4489.608504474373,3745.7995317757423,-4101.003831911704,4.384921701785362,-1.2163430852251156,-6.028609368939946,32455U
2025-06-29T04:01:39.038017,-4217.8478234637305,3665.500451803454,-4454.400232807692,4.6703249997748575,-1.4592613345455507,-5.747498219755275,32455U
2025-06-29T04:02:39.038017,-3929.527698366726,3570.8097791020978,-4790.263801198615,4.936751779118716,-1.6958942377186386,-5.444443409426747,32455U
2025-06-29T04:03:39.038017,-3625.8179664620634,3462.133672500711,-5107.3189138244625,5.18318338896166,-1.9252854329560294,-5.1208190685434944,32455U
2025-06-29T04:04:39.038017,-3307.9464181635717,3339.934352376364,-5404.374917448467,5.4087054571778745,-2.1465226476118193,-4.778080742665659,32455U
2025-06-29T04:05:39.038017,-2977.192445524789,3204.727321133745,-5680.330698598013,5.6125108098658245,-2.3587419155130327,-4.417755352281697,32455U
2025-06-29T04:06:39.038017,-2634.880547505652,3057.078348766077,-5934.178645461737,5.793901447129468,-2.5611312530473427,-4.041431002444321,32455U
2025-06-29T04:07:39.038017,-2282.3737474234836,2897.6002564113523,-6165.007997763405,5.952289610643477,-2.752933785045956,-3.650746768829219,32455U
2025-06-29T04:08:39.038017,-1921.0669752775937,2726.9495309009576,-6372.007587678016,6.0871979913575185,-2.9334503217074124,-3.247382577311856,32455U
2025-06-29T04:09:39.038017,-1552.380464233476,2545.822802801833,-6554.46798140386,6.198259136233806,-3.1020413970678185,-2.8330492825636324,32455U
2025-06-29T04:10:39.038017,-1177.753206638704,2354.9532194530875,-6711.783036763089,6.285214121029008,-3.258128787636226,-2.4094790381867095,32455U
2025-06-29T04:11:39.038017,-798.6365106649152,2155.1067430722105,-6843.450897124408,6.347910561832409,-3.401196536653132,-1.978416037077229,32455U
2025-06-29T04:12:39.038017,-416.48769417874246,1947.0784022409177,-6949.074446003801,6.386300041449682,-3.5307915149259483,-1.5416076865516064,32455U
2025-06-29T04:13:39.038017,-32.76394786667396,1731.6885230581909,-7028.36124991662,6.400435027948869,-3.6465235533420035,-1.1007962687523765,32455U
2025-06-29T04:14:39.038017,351.0836049010931,1509.7789640517913,-7081.123019460711,6.390465361990984,-3.748065184996439,-0.6577111233802201,32455U
2025-06-29T04:15:39.038017,733.6156283947914,1282.2093766397295,-7107.274620264885,6.356634387225035,-3.8351510364903403,-0.21406137719869148,32455U
2025-06-29T04:16:39.038017,1113.4100561598325,1049.8535105998774,-7106.832666408534,6.299274794329235,-3.9075769084681364,0.2284707667105209,32455U
2025-06-29T04:17:39.038017,1489.0673190090927,813.5955816930802,-7079.913729288365,6.218804244530491,-3.965198585017528,0.6682361771319533,32455U
2025-06-29T04:18:39.038017,1859.2153080301844,574.3267163389926,-7026.732194761625,6.115720832925151,-4.007930410306499,1.1036243862962214,32455U
2025-06-29T04:19:39.038017,2222.514064533536,332.9414861025697,-6947.5978008170005,5.990598445933304,-4.035743668937476,1.5330686381368916,32455U
2025-06-29T04:20:39.038017,2577.6601917850357,90.33454273751926,-6842.912887096978,5.844082060993173,-4.048664804119729,1.95505041241638,32455U
2025-06-29T04:21:39.038017,2923.3909859351293,-152.60263733022103,-6713.169386396285,5.676883030357292,-4.046773505042129,2.3681034484769032,32455U
2025-06-29T04:22:39.038017,3258.4882857847856,-394.984891900847,-6558.94558685848,5.489774384764964,-4.030200691907003,2.770817295693691,32455U
2025-06-29T04:23:39.038017,3581.782042935357,-635.9363896447212,-6380.902692049207,5.2835861869780505,-3.999126424076322,3.161840419915421,32455U
2025-06-29T04:24:39.038017,3892.153615478786,-874.5935202379508,-6179.781204450459,5.059200959781226,-3.9537777537848764,3.53988289641756,32455U
2025-06-29T04:25:39.038017,4188.538789718979,-1110.1076549601437,-5956.3971562408,4.817549208135905,-3.8944265449692104,3.9037187203145662,32455U
2025-06-29T04:26:39.038017,4469.93053550599,-1341.6477758037931,-5711.638209534139,4.559605050776018,-3.8213872740071895,4.252187765131459,32455U
2025-06-29T04:27:39.038017,4735.381501633543,-1568.4029720832439,-5446.459646574541,4.286381972661092,-3.735014826603616,4.584197419460298,32455U
2025-06-29T04:28:39.038017,4984.006258428854,-1789.5848043452852,-5161.880268743658,3.9989287063454775,-3.6357023027201443,4.898723930460807,32455U
2025-06-29T04:29:39.038017,5214.9832951693925,-2004.4295360782248,-4858.978221649991,3.698325247463916,-3.5238788393458953,5.1948134815156015,32455U
2025-06-29T04:30:39.038017,5427.556780322111,-2212.200234308429,-4538.886762040221,3.3856790071304794,-3.400007459040915,5.471583029728608,32455U
2025-06-29T04:31:39.038017,5621.03809283055,-2412.1887406685264,-4202.789980813945,3.0621211020607544,-3.264582950551929,5.728220927237045,32455U
2025-06-29T04:32:39.038017,5794.807132794656,-2603.7175149312434,-3851.9184950346134,2.728802781604238,-3.118129786383905,5.963987348565901,32455U
2025-06-29T04:33:39.038017,5948.313419909921,-2786.141353335704,-3487.545120513906,2.386891989564103,-2.961200080994157,6.178214544539948,32455U
2025-06-29T04:34:39.038017,6081.07698796878,-2958.8489842951344,-3110.98053530541,2.0375700576358646,-2.7943715922362378,6.370306941619914,32455U
2025-06-29T04:35:39.038017,6192.689083589088,-3121.2645442739445,-2723.568943275064,1.6820285264653385,-2.61824576779534,6.539741103973078,32455U
2025-06-29T04:36:39.038017,6282.8126771301,-3272.848936762977,-2326.683745819008,1.3214660896655055,-2.4334458376016803,6.68606557413965,32455U
2025-06-29T04:37:39.038017,6351.182793493178,-3413.101077369069,-1921.7232287749093,0.9570856556020089,-2.2406149525605885,6.808900606819296,32455U
2025-06-29T04:38:39.038017,6397.606670188596,-3541.559028073582,-1510.106270617615,0.590091521321426,-2.0404143693754153,6.90793780907729,32455U
2025-06-29T04:39:39.038017,6421.96374968651,-3657.80102370653,-1093.2680771452935,0.22168665262699025,-1.8335216807421282,6.98293969914809,32455U
2025-06-29T04:40:39.038017,6424.20551266443,-3761.446393632501,-672.6559470462711,-0.14692993602356605,-1.620629089744137,7.033739194984756,32455U
2025-06-29T04:41:39.038017,6404.355158318846,-3852.156381553604,-249.7250719905867,-0.5145657084325007,-1.4024417268567961,7.060239042749438,32455U
2025-06-29T04:42:39.038017,6362.507137429601,-3929.6348662055225,174.0656257869783,-0.8800370473280508,-1.1796760075691193,7.062411194545928,32455U
2025-06-29T04:43:39.038017,6298.826543355124,-3993.6289855573677,597.2576160505869,-1.242171616029803,-0.953058028235358,7.040296143840093,32455U
2025-06-29T04:44:39.038017,6213.548365598525,-4043.929666927001,1018.3968414485632,-1.5998106486852643,-0.723321997369791,6.99400222617803,32455U
2025-06-29T04:45:39.038017,6106.976610022102,-4080.372065191274,1436.0377553553813,-1.9518111769856876,-0.4912086991905772,6.923704891973688,32455U
2025-06-29T04:46:39.038017,5979.483289204202,-4102.835911007943,1848.7473156944573,-2.297048201622784,-0.25746398579510765,6.829645957276705,32455U
2025-06-29T04:47:39.038017,5831.507285831643,-4111.245770674288,2255.1089340757217,-2.6344168171102833,-0.02283729390986817,6.712132837526523,32455U
2025-06-29T04:48:39.038017,5663.553091405418,-4105.571218927751,2653.7263798158074,-2.962834298962408,0.2119198183008436,6.57153776832981,32455U
2025-06-29T04:49:39.038017,5476.189421912686,-4085.8269256485646,3043.227638557798,-3.2812421625800594,0.44605511935589387,6.408297016245991,32455U
2025-06-29T04:50:39.038017,5270.047711485848,-4052.072657054538,3422.2687252764204,-3.588608203537081,0.6788171429842664,6.222910081410072,32455U
2025-06-29T04:51:39.038017,5045.820484436189,-4004.4131915861167,3789.537451431534,-3.883928529260322,0.9094566230261887,6.015938892547876,32455U
2025-06-29T04:52:39.038017,4804.259605418674,-3942.9981502669684,4143.757145921637,-4.166229592343909,1.137227931168057,5.7880069935284935,32455U
2025-06-29T04:53:39.038017,4546.174406861557,-3868.021740894668,4483.690329280646,-4.434570235903094,1.3613905244485203,5.539798719040425,32455U
2025-06-29T04:54:39.038017,4272.429692185409,-3779.7224149692975,4808.1423402535265,-4.688043761431738,1.5812104099244355,5.272058355260539,32455U
2025-06-29T04:55:39.038017,3983.9436127489203,-3678.382435808657,5115.9649134728725,-4.92578002954822,1.7959616342925993,4.985589279502369,32455U
2025-06-29T04:56:39.038017,3681.685415899115,-3564.327355830313,5406.0597064365,-5.146947603766599,2.0049278066083995,4.681253070779348,32455U
2025-06-29T04:57:39.038017,3366.673060982957,-3437.9254005078014,5677.38177334727,-5.3507559469745205,2.2074036625008806,4.359968581004379,32455U
2025-06-29T04:58:39.038017,3039.970699705461,-3299.586756035643,5928.942982617881,-5.536457679600431,2.40269667843048,4.0227109541791295,32455U
2025-06-29T04:59:39.038017,2702.686016806669,-3149.762757271634,6159.815373960232,-5.703350907470046,2.5901287445429,3.6705105784218786,32455U
2025-06-29T05:00:39.038017,2355.9674266947677,-2988.944972073778,6369.134449964462,-5.850781626043001,2.769037904505929,3.304451953073063,32455U
2025-06-29T05:01:39.038017,2001.0011214255621,-2817.664177720181,6556.102395927646,-5.978146206048511,2.9387801703453564,2.9256724504363603,32455U
2025-06-29T05:02:39.038017,1639.0079652819227,-2636.4892247057865,6719.991220411427,-6.084893963462882,3.098731419683162,2.5353609490146205,32455U
2025-06-29T05:03:39.038017,1271.2402311981832,-2446.025782861187,6860.145807593853,-6.170529814259771,3.2482893818921452,2.1347563124455897,32455U
2025-06-29T05:04:39.038017,898.9781744169013,-2246.914964450351,6975.986870936473,-6.234617011388956,3.3868757184792573,1.7251456858095455,32455U
2025-06-29T05:05:39.038017,523.5264390809514,-2039.8318186920517,7067.013796020877,-6.276779957982686,3.513938201464275,1.3078625786601958,32455U
2025-06-29T05:06:39.038017,146.21029398001895,-1825.4836920325452,7132.807358630113,-6.296707086845159,3.6289529915994407,0.8842847021280994,32455U
2025-06-29T05:07:39.038017,-231.62830559042146,-1604.6084484933622,7173.03230227811,-6.294153791859619,3.731427015959652,0.45583152587767733,32455U
2025-06-29T05:08:39.038017,-608.6348319080968,-1377.9725445510237,7187.439757446755,-6.268945392077194,3.8209004417048003,0.02396151969746635,32455U
2025-06-29T05:09:39.038017,-983.4464756268023,-1146.3689532953892,7175.869482807102,-6.220980103982101,3.896949239675039,-0.40983095579791284,32455U
2025-06-29T05:10:39.038017,-1354.6966125248025,-910.6149330856463,7138.2519067158955,-6.150231991833217,3.959187827936343,-0.8440191443291954,32455U
2025-06-29T05:11:39.038017,-1721.0194435414764,-671.549636598028,7074.609945338856,-6.056753860164739,4.007271781474936,-1.277047808421106,32455U
2025-06-29T05:12:39.038017,-2081.0548032332936,-430.03155706182895,6985.0605719128,-5.940680046618742,4.0409005899924155,-1.7073375939640976,32455U
2025-06-29T05:13:39.038017,-2433.4531292336383,-186.93580962688787,6869.8161099842655,-5.802229067439836,4.059820441246145,-2.1332898717537034,32455U
2025-06-29T05:14:39.038017,-2776.88058241866,56.84875278562303,6729.185222024516,-5.64170606237543,4.063827002702186,-2.553292077642642,32455U
2025-06-29T05:15:39.038017,-3110.0243042767947,300.42258811544497,6563.573563699364,-5.45950498060912,4.052768169535048,-2.965723566273752,32455U
2025-06-29T05:16:39.038017,-3431.5977944817027,542.8786752873351,6373.4840733506535,-5.256110444945127,4.02654674235631,-3.3689619852507477,32455U
2025-06-29T05:17:39.038017,-3740.3463879135197,783.3058806035323,6159.516866012631,-5.032099228011588,3.9851229936416566,-3.761390167062969,32455U
2025-06-29T05:18:39.038017,-4035.052806421146,1020.7924726890402,5922.368701627546,-4.788141272017979,3.9285170778287766,-4.141403525190947,32455U
2025-06-29T05:19:39.038017,-4314.542756539849,1254.4297755460573,5662.831998124697,-4.525000182842001,3.8568112366678293,-4.507417928721038,32455U
2025-06-29T05:20:39.038017,-4577.690540263575,1483.3159463451289,5381.79336176096,-4.243533130174429,3.77015174881747,-4.857878016701762,32455U
2025-06-29T05:21:39.038017,-4823.424641925543,1706.5598615012634,5080.231609652562,-3.944690088323859,3.6687505710898676,-5.191265899664102,32455U
2025-06-29T05:22:39.038017,-5050.733250382631,1923.2850914141397,4759.215262802354,-3.629512357243083,3.552886618342612,-5.506110181555563,32455U
2025-06-29T05:23:39.038017,-5258.669672159696,2132.633941065927,4419.899492169373,-3.2991303104903666,3.422906629959036,-5.800995221218705,32455U
2025-06-29T05:24:39.038017,-5446.357588128425,2333.771530556045,4063.522505431746,-2.954760326211041,3.279225573284459,-6.074570538952415,32455U
2025-06-29T05:25:39.038017,-5612.9961038097135,2525.8898866982154,3691.4013680315297,-2.5977008687703433,3.122326538385357,-6.325560261131838,32455U
2025-06-29T05:26:39.038017,-5757.864541640119,2708.212014117991,3304.927258786695,-2.2293277022326334,2.9527600841090536,-6.552772484866455,32455U
2025-06-29T05:27:39.038017,-5880.32692265669,2879.995911965297,2905.5601677159434,-1.8510882322267543,2.7711430026210078,-6.755108435762988,32455U
2025-06-29T05:28:39.038017,-5979.83608514353,3040.5385005022763,2494.823051603741,-1.464494989512679,2.5781564782950244,-6.931571285531171,32455U
2025-06-29T05:29:39.038017,-6055.9373889356275,3189.1794205341544,2074.2954710699178,-1.0711182863383972,2.374543626869123,-7.0812744928605325,32455U
2025-06-29T05:30:39.038017,-6108.27195635008,3325.30466800484,1645.6067412992086,-0.6725780949294528,2.161106411926188,-7.203449531060659,32455U
2025-06-29T05:31:39.038017,-6136.579404134039,3448.3500261473127,1210.4286369126921,-0.27053521561036,1.9387019477218668,-7.297452869638527,32455U
2025-06-29T05:32:39.038017,-6140.700025368798,3557.804258409788,770.4676994849909,0.13331818050405433,1.7082382098102862,-7.3627720843981725,32455U
2025-06-29T05:33:39.038017,-6120.5763858904265,3653.212026993828,327.45720369303666,0.5372685332115059,1.4706691874229718,-7.399030981754516,32455U
2025-06-29T05:34:39.038017,-6076.254306382243,3734.1765042391603,-116.85115521932472,0.9395912841431876,1.2269895237163575,-7.405993637567343,32455U
2025-06-29T05:35:39.038017,-6007.883208721132,3800.361647238141,-560.6957842769541,1.338561550098167,0.978228701396893,-7.383567268577895,32455U
2025-06-29T05:36:39.038017,-5915.715813244583,3851.4941099014627,-1002.3138530208684,1.7324649433506394,0.7254448414486095,-7.331803874980621,32455U
2025-06-29T05:37:39.038017,-5800.107182141494,3887.3647711391254,-1439.9500151276964,2.119608398216524,0.46971819135062326,-7.250900615169955,32455U
2025-06-29T05:38:39.038017,-5661.51311293175,3907.829862755289,-1871.8651136754415,2.49833086149606,0.21214438596162083,-7.141198897548955,32455U
2025-06-29T05:39:39.038017,-5500.487894748564,3912.8116859528677,-2296.344792171474,2.867013706437576,-0.04617243108328599,-7.003182198688998,32455U
2025-06-29T05:40:39.038017,-5317.681448633498,3902.2989108593583,-2711.7079348385896,3.2240907355403894,-0.3041265352350429,-6.837472641272676,32455U
2025-06-29T05:41:39.038017,-5113.835881068282,3876.346459067444,-3116.3148625217696,3.5680576466210554,-0.5606175078926137,-6.644826388332603,32455U
2025-06-29T05:42:39.038017,-4889.7814872869285,3835.0749746802094,-3508.5752148401034,3.897480848767479,-0.8145569942998772,-6.426127931562033,32455U
2025-06-29T05:43:39.038017,-4646.432247357176,3778.669894614918,-3886.955454711172,4.211005529625854,-1.0648752490074223,-6.182383370253618,32455U
2025-06-29T05:44:39.038017,-4384.780863443714,3707.3801338170865,-4249.985937939092,4.507362892348944,-1.3105273919162366,-5.91471279316996,32455U
2025-06-29T05:45:39.038017,-4105.893390962173,3621.516405451185,-4596.267497965045,4.785376498851911,-1.5504993061150074,-5.6243418879550715,32455U
2025-06-29T05:46:39.038017,-3810.9035194440185,3521.449199972645,-4924.477503890874,5.043967675110127,-1.7838131182812156,-5.312592911309412,32455U
2025-06-29T05:47:39.038017,-3501.006560838465,3407.606450177406,-5233.375358264954,5.2821599534381996,-2.009532212962073,-4.980875157978129,32455U
2025-06-29T05:48:39.038017,-3177.453203706729,3280.470911828657,-5521.807409618171,5.49908254537981,-2.2267657431837056,-4.630675067710538,32455U
2025-06-29T05:49:39.038017,-2841.543091379832,3140.577291258644,-5788.711263131984,5.693972856450245,-2.434672611161164,-4.263546106945482,32455U
2025-06-29T05:50:39.038017,-2494.61828075107,2988.5091524467407,-6033.119480901553,5.866178070023547,-2.6324649040224326,-3.881098556397275,32455U
2025-06-29T05:51:39.038017,-2138.056636080832,2824.8956365143704,-6254.162670848436,6.01515584176221,-2.8194107800787913,-3.4849893273901373,32455U
2025-06-29T05:52:39.038017,-1773.2652091441162,2650.408026403429,-6451.071970295164,6.140474157875158,-2.994836810983463,-3.0769119192161405,32455U
2025-06-29T05:53:39.038017,-1401.6736534043555,2465.756188784915,-6623.180936427243,6.241810419995799,-3.158129793889156,-2.6585866175172947,32455U
2025-06-29T05:54:39.038017,-1024.7277158004908,2271.6849240534634,-6769.926861268199,6.318949826544263,-3.30873805527864,-2.2317510202641837,32455U
2025-06-29T05:55:39.038017,-643.8828453418602,2068.970253684772,-6890.851533340413,6.371783125119576,-3.4461722743953938,-1.7981509638616533,32455U
2025-06-29T05:56:39.038017,-260.59795315396656,1858.415672350693,-6985.601471875796,6.400303812889749,-3.5700058591057724,-1.359531907751341,32455U
2025-06-29T05:57:39.038017,123.67064596169381,1640.848390084493,-7053.9276622969655,6.404604862308758,-3.6798749105913338,-0.91763082204681,32455U
2025-06-29T05:58:39.038017,507.4750848922088,1417.1155875438278,-7095.684823759077,6.384875048041196,-3.775477815565343,-0.4741686096002444,32455U
2025-06-29T05:59:39.038017,889.3815672722343,1188.0807051022846,-7110.830240887415,6.341394948001135,-3.856574505830576,-0.030843081758036815,32455U
2025-06-29T06:00:39.038017,1267.9757450976363,954.6197841737076,-7099.422192542214,6.274532687211598,-3.922985425077873,0.41067750386514684,32455U
2025-06-29T06:01:39.038017,1641.8678375491552,717.617876889882,-7061.618010573062,6.184739488066106,-3.9745902420135764,0.8487603448344427,32455U
2025-06-29T06:02:39.038017,2009.6974811502503,477.9655380514164,-6997.671801176273,6.072545084811222,-4.011326347359778,1.2818134439505753,32455U
2025-06-29T06:03:39.038017,2370.138304501726,236.55541118866307,-6907.931860724394,5.938553053934959,-4.033187170151626,1.7082904240042789,32455U
2025-06-29T06:04:39.038017,2721.9022236040437,-5.721081376053436,-6792.837816877658,5.783436105874242,-4.040220346215902,2.1266948286362077,32455U
2025-06-29T06:05:39.038017,3063.7434561965683,-247.97693636426618,-6652.917524487335,5.607931377245287,-4.032525768896616,2.535583934715168,32455U
2025-06-29T06:06:39.038017,3394.4622556311947,-489.33264880638757,-6488.783744325265,5.41283575681503,-4.010253549123779,2.9335721044668563,32455U
2025-06-29T06:07:39.038017,3712.908366569666,-728.9191677341272,-6301.13063108154,5.199001272796095,-3.973601908909473,3.3193337073474543,32455U
2025-06-29T06:08:39.038017,4017.9842062805665,-965.8807246088671,-6090.730055409647,4.967330563848832,-3.9228150293922313,3.691605642517529,32455U
2025-06-29T06:09:39.038017,4308.647776534907,-1199.3775319510028,-5858.42778310628,4.7187724514703016,-3.858180871706195,4.049189492877051,32455U
2025-06-29T06:10:39.038017,4583.915312087413,-1428.5883506481432,-5605.1395328229055,4.454317627269246,-3.780028986279602,4.3909533411208335,32455U
2025-06-29T06:11:39.038017,4842.863672510935,-1652.7129252998564,-5331.846932041591,4.174994464972056,-3.68872832370294,4.715833277304623,32455U
2025-06-29T06:12:39.038017,5084.632484748776,-1870.9742877142978,-5039.593389426935,3.881864963862023,-3.584685058072288,5.0228346260997325,32455U
2025-06-29T06:13:39.038017,5308.426044185972,-2082.6209293174106,-4729.4799001025785,3.5760208276944065,-3.468340431716291,5.311032920367972,32455U
2025-06-29T06:14:39.038017,5513.51498233907,-2286.9288437810947,-4402.6607989012455,3.2585796809105165,-3.3401686284536094,5.579574646005406,32455U
2025-06-29T06:15:39.038017,5699.237709439575,-2483.203441630218,-4060.3394752098625,2.930681422150786,-3.2006746809927495,5.827677781256748,32455U
2025-06-29T06:16:39.038017,5865.001640258588,-2670.781338961267,-3703.7640616750473,2.593484713586101,-3.0503924167606087,6.054632151957525,32455U
2025-06-29T06:17:39.038017,6010.284211499541,-2849.0320227033803,-3334.223107753035,2.248163603400141,-2.8898824453107212,6.259799622461592,32455U
2025-06-29T06:18:39.038017,6134.633698985177,-3017.3593950836735,-2953.0412478819517,1.8959042778126534,-2.7197301894953725,6.442614140391083,32455U
2025-06-29T06:19:39.038017,6237.669842694851,-3175.2032001301477,-2561.5748729181537,1.5379019382844645,-2.5405439617613346,6.602581651827717,32455U
2025-06-29T06:20:39.038017,6319.084287473845,-3322.0403351594473,-2161.2078124185246,1.1753577989528488,-2.352953086227209,6.739279902154965,32455U
2025-06-29T06:21:39.038017,6378.640846947775,-3457.3860502609346,-1753.3470343588165,0.809476198866041,-2.1576060665951347,6.852358136467211,32455U
2025-06-29T06:22:39.038017,6416.175597836098,-3580.795038804787,-1339.4183679579521,0.44146182318903526,-1.9551687994217868,6.941536712277482,32455U
2025-06-29T06:23:39.038017,6431.596811474702,-3691.862421973624,-920.8622544275439,0.07251702721022424,-1.7463228318029893,7.006606636171101,32455U
2025-06-29T06:24:39.038017,6424.884728933371,-3790.2246302474737,-499.1295296851318,-0.2961607433325903,-1.531763662096197,7.0474290350552,32455U
2025-06-29T06:25:39.038017,6396.0911856529965,-3875.560184664112,-75.67724235701996,-0.6633814423874376,-1.3121990818993856,7.063934571726706,32455U
2025-06-29T06:26:39.038017,6345.339091033907,-3947.590380530281,348.03549024432596,-1.027964831262747,-1.0883475571126384,7.056122813605681,32455U
2025-06-29T06:27:39.038017,6272.8217678836645,-4006.0798760796565,770.5515860538774,-1.3887428112268987,-0.8609366455182881,7.024061562636757,32455U
2025-06-29T06:28:39.038017,6178.8021560837515,-4050.837188359792,1190.420060485213,-1.7445616887422113,-0.6307014479176656,6.967886153528245,32455U
2025-06-29T06:29:39.038017,6063.6118842634405,-4081.715098384727,1606.2000457682836,-2.094284381378305,-0.39838308945536355,6.8877987266553475,32455U
2025-06-29T06:30:39.038017,5927.650212678066,-4098.610967315752,2016.464766556459,-2.4367925728046727,-0.1647272273352503,6.784067481079355,32455U
2025-06-29T06:31:39.038017,5771.382849882806,-4101.466965129199,2419.805471236725,-2.7709888256213846,0.06951741930908673,6.65702591220867,32455U
2025-06-29T06:32:39.038017,5595.340645174326,-4090.2702129006957,2814.835318571543,-3.0957986611487005,0.30360052208773997,6.507072037629062,32455U
2025-06-29T06:33:39.038017,5400.1181581455785,-4065.0528394803646,3200.193219412076,-3.4101726156458754,0.5367715837453582,6.334667613541129,32455U
2025-06-29T06:34:39.038017,5186.372106067956,-4025.891952955378,3574.5476332481203,-3.713088282752342,0.7682813719289598,6.140337343043742,32455U
2025-06-29T06:35:39.038017,4954.8196891831685,-3972.9095268970204,3936.600319297818,-4.003552352223747,0.997383352482328,5.924668076176525,32455U
2025-06-29T06:36:39.038017,4706.236793362098,-3906.2722009701306,4285.090041682801,-4.2806026552466925,1.2233351288990575,5.688308000168712,32455U
2025-06-29T06:37:39.038017,4441.456068971012,-3826.190995047119,4618.796227983372,-4.5433102267395595,1.4453998950333542,5.431965816721063,32455U
2025-06-29T06:38:39.038017,4161.364884188284,-3732.9209355184107,4936.542580111618,-4.790781395048048,1.6628479085988912,5.156409901366638,32455U
2025-06-29T06:39:39.038017,3866.903150439369,-3626.7605920295478,5237.200635980187,-5.022159909298089,1.8749579933687366,4.862467438006405,32455U
2025-06-29T06:40:39.038017,3559.061017076894,-3508.0515224067913,5519.693279869975,-5.236629114335795,2.0810190782987106,4.5510235196002,32455U
2025-06-29T06:41:39.038017,3238.876431933405,-3377.1776230616133,5782.9981987096235,-5.433414182630646,2.2803317820106366,4.223020203716694,32455U
2025-06-29T06:42:39.038017,2907.43256392792,-3234.5643816959046,6026.151280667337,-5.611784411703708,2.4722100511635428,3.8794555092210077,32455U
2025-06-29T06:43:39.038017,2565.855083530203,-3080.678028671737,6248.249951514101,-5.771055594525159,2.65598286117791,3.521382337831396,32455U
2025-06-29T06:44:39.038017,2215.3092965872434,-2916.0245829680416,6448.456443148559,-5.910592468868134,2.830995987531789,3.1499073016322003,32455U
2025-06-29T06:45:39.038017,1856.9971268185698,-2741.1487882335205,6626.00098746836,-6.029811249764713,2.9966138553793327,2.766189434940309,32455U
2025-06-29T06:46:39.038017,1492.1539422040528,-2556.6329340703983,6780.184927435384,-6.128182246951856,3.1522214745198807,2.3714387662362797,32455U
2025-06-29T06:47:39.038017,1122.0452205440458,-2363.095557360472,6910.383735711405,-6.20523256648721,3.2972264657308785,1.9669147232617419,32455U
2025-06-29T06:48:39.038017,747.9630496864171,-2161.190018188213,7016.0499296434855,-6.260548892534078,3.431061183138728,1.5539243419317192,32455U
2025-06-29T06:49:39.038017,371.2224583184914,-1951.6029447441224,7096.715869661091,-6.293780341647223,3.553184935602989,1.1338202475171455,32455U
2025-06-29T06:50:39.038017,-6.842426170603088,-1735.052541519511,7151.996426327435,-6.30464137773876,3.663086308009532,0.7079983747193771,32455U
2025-06-29T06:51:39.038017,-384.8823954021032,-1512.2867551578431,7181.591499380975,-6.29291477128081,3.7602855808825892,0.277895391921286,32455U
2025-06-29T06:52:39.038017,-761.5373548316203,-1284.081292524806,7185.288370139551,-6.258454581248039,3.844337243828362,-0.15501420581831502,32455U
2025-06-29T06:53:39.038017,-1135.4406958301536,-1051.2374859231918,7162.963866651192,-6.201189132877797,3.9148325950150675,-0.5892213704154167,32455U
2025-06-29T06:54:39.038017,-1505.2238434644019,-814.5800009356959,7114.586319004549,-6.121123958614243,3.9714024151928022,-1.0231861754888179,32455U
2025-06-29T06:55:39.038017,-1869.5209763967757,-574.9543831460031,7040.2172803090225,-6.018344663720569,4.013719700698798,-1.4553419245986479,32455U
2025-06-29T06:56:39.038017,-2226.973912965499,-333.2244409923222,6940.0129870791325,-5.8930196721328345,4.041502435532501,-1.8840997222466147,32455U
2025-06-29T06:57:39.038017,-2576.237154809279,-90.2694632622856,6814.225531176973,-5.745402802362533,4.054516378000064,-2.307853532415626,32455U
2025-06-29T06:58:39.038017,-2915.9830763735536,153.01872873992767,6663.2037141561395,-5.575835617834543,4.052577832717316,-2.724985743570042,32455U
2025-06-29T06:59:39.038017,-3244.9072452953974,395.7388925265949,6487.393553892442,-5.384749491196031,4.035556374050098,-3.1338732517448307,32455U
2025-06-29T07:00:39.038017,-3561.733855044488,636.9836353592937,6287.338412865752,-5.1726673180958995,4.003377482505539,-3.5328940646138416,32455U
2025-06-29T07:01:39.038017,-3865.221247343567,875.8428385387208,6063.678717463239,-4.940204812970679,3.956025051334607,-3.920434419284984,32455U
2025-06-29T07:02:39.038017,-4154.167497870147,1111.4072262165535,5817.151238291093,-4.68807131773837,3.893543716848098,-4.2948963951314125,32455U
2025-06-29T07:03:39.038017,-4427.416034627996,1342.7720670788697,5548.587902792067,-4.417070054250201,3.8160409628779908,-4.654705990399978,32455U
2025-06-29T07:04:39.038017,-4683.861254271427,1569.0409942546125,5258.914113540678,-4.12809775310858,3.7236889476320374,-4.998321617886089,32455U
2025-06-29T07:05:39.038017,-4922.454097679438,1789.329925681625,4949.146548481011,-3.8221435952186265,3.616726000083727,-5.324242960942292,32455U
2025-06-29T07:06:39.038017,-5142.207542332455,2002.7710639801417,4620.390423124259,-3.50028740834512,3.4954577331904457,-5.631020116873667,32455U
2025-06-29T07:07:39.038017,-5342.201965679528,2208.516951721828,4273.836199343767,-3.1636970690688795,3.3602577227927566,-5.917262940812982,32455U
2025-06-29T07:08:39.038017,-5521.590330837438,2405.7445549286294,3910.7557308793102,-2.813625070873477,3.211567704132463,-6.181650489950164,32455U
2025-06-29T07:09:39.038017,-5679.603143774563,2593.659344786943,3532.4978419429794,-2.451404231553328,3.049897242607598,-6.422940456033723,32455U
2025-06-29T07:10:39.038017,-5815.553129737719,2771.4993450202433,3140.4833423227783,-2.0784425275271743,2.8758228416700873,-6.639978463898339,32455U
2025-06-29T07:11:39.038017,-5928.839576201243,2938.5391102317967,2736.1994899881734,-1.6962170586755618,2.689986458616489,-6.8317071059191266,32455U
2025-06-29T07:12:39.038017,-6018.95229015565,3094.09359890461,2321.193920266103,-1.3062671646158455,2.4930934083044307,-6.997174577220827,32455U
2025-06-29T07:13:39.038017,-6085.475119186385,3237.5219037210422,1897.0680689901444,-0.9101867314063415,2.28590964535696,-7.135542774587134,32455U
2025-06-29T07:14:39.038017,-6128.088988564952,3368.230801517383,1465.4701254201002,-0.5096157459853493,2.0692584269357557,-7.246094723629545,32455U
2025-06-29T07:15:39.038017,-6146.574410491167,3485.678085576341,1028.0875589597463,-0.10623117360582546,1.8440163703556258,-7.328241204074437,32455U
2025-06-29T07:16:39.038017,-6140.813426654674,3589.375644123941,586.6392715201098,0.29826274951202025,1.6111089323045313,-7.381526452064461,32455U
2025-06-29T07:17:39.038017,-6110.790951348326,3678.8922508453525,142.86743455065013,0.70214470073825,1.3715053488244746,-7.405632831042249,32455U
2025-06-29T07:18:39.038017,-6056.595489349493,3753.856035954711,-301.47092394586724,1.10368681209022,1.1262130870734273,-7.400384378835228,32455U
2025-06-29T07:19:39.038017,-5978.419210530621,3813.9566098003684,-744.6125118943384,1.501165436675632,0.876271870808361,-7.365749157579772,32455U
2025-06-29T07:20:39.038017,-5876.557371478643,3858.9468150887196,-1184.796470666887,1.8928720021770373,0.6227473511076723,-7.301840354563645,32455U
2025-06-29T07:21:39.038017,-5751.40708307732,3888.6440884698713,-1620.2731006587348,2.277123809294528,0.3667245017316367,-7.208916105262644,32455U
2025-06-29T07:22:39.038017,-5603.46543180455,3902.93141732568,-2049.3125369095683,2.652274632990464,0.10930082441530903,-7.087378034049434,32455U
2025-06-29T07:23:39.038017,-5433.326971177435,3901.7578829999643,-2470.213297273126,3.016724988008621,-0.14842054691681125,-6.937768532456138,32455U
2025-06-29T07:24:39.038017,-5241.680608103823,3885.1387872634023,-2881.3106276743642,3.368931927344926,-0.4053377526517913,-6.76076681866226,32455U
2025-06-29T07:25:39.038017,-5029.30591664786,3853.1553643589527,-3280.9845724825736,3.707418252858075,-0.6603570353172943,-6.557183844269236,32455U
2025-06-29T07:26:39.038017,-4797.068918687631,3805.954086377539,-3667.6677028546214,4.0307810306279785,-0.9123994026067842,-6.327956134690209,32455U
2025-06-29T07:27:39.038017,-4545.917376969948,3743.7455748265124,-4039.85244189355,4.337699319479984,-1.1604070448401111,-6.074138667011171,32455U
2025-06-29T07:28:39.038017,-4276.8756510206085,3666.803135948052,-4396.097932429114,4.626941038701977,-1.4033494333446175,-5.796896903475638,32455U
2025-06-29T07:29:39.038017,-3991.0391701597905,3575.4609415138775,-4735.036400932694,4.897368919743059,-1.640229035052902,-5.4974981094661155,32455U
2025-06-29T07:30:39.038017,-3689.5685804672403,3470.1118803838744,-5055.378979280263,5.147945505924685,-1.8700865886231441,-5.177302091825615,32455U
2025-06-29T07:31:39.038017,-3373.68362393138,3351.2051090098503,-5355.920954544477,5.37773718328028,-2.0920058982174536,-4.8377514965489254,32455U
2025-06-29T07:32:39.038017,-3044.6568082565504,3219.2433312631147,-5635.546425476762,5.585917243949444,-2.305118112312378,-4.480361804418363,32455U
2025-06-29T07:33:39.038017,-2703.8069249617333,3074.779839458551,-5893.2323526275195,5.771768000566352,-2.508605466185089,-4.106711159317266,32455U
2025-06-29T07:34:39.038017,-2352.4924715998245,2918.415349259978,-6128.051996941234,5.934681985348765,-2.7017044776515178,-3.7184301571156855,32455U
2025-06-29T07:35:39.038017,-1992.1050312830157,2750.79466131925,-6339.177748998694,6.0741622807840825,-2.883708595917014,-3.3171917136426887,32455U
2025-06-29T07:36:39.038017,-1624.0626593716192,2572.6031820863973,-6525.883357723111,6.18982203968967,-3.053970312766906,-2.9047011188714893,32455U
2025-06-29T07:37:39.038017,-1249.8033233166288,2384.5633352970162,-6687.545573235269,6.2813832608878855,-3.2119027535758047,-2.482686371587857,32455U
2025-06-29T07:38:39.038017,-870.7784373974511,2187.430894278066,-6823.645223574384,6.3486748927675904,-3.3569807726096474,-2.052888875042068,32455U
2025-06-29T07:39:39.038017,-488.44652961417785,1981.9912634979573,-6933.767749173708,6.391630340688498,-3.488741582756631,-1.617054559924321,32455U
2025-06-29T07:40:39.038017,-104.26707340815707,1769.0557358036906,-7017.603222303222,6.410284455686041,-3.606784954139706,-1.1769254869233325,32455U
2025-06-29T07:41:39.038017,280.3054876796037,1549.4577496193467,-7074.945881197104,6.404770081474745,-3.7107730190667216,-0.7342319675461962,32455U
2025-06-29T07:42:39.038017,663.8274987459592,1324.0491681010376,-7105.69321032658,6.375314234596421,-3.8004297225469093,-0.29068522913368094,32455U
2025-06-29T07:43:39.038017,1044.8716162310768,1093.69659992104,-7109.844599328404,6.322233989008609,-3.875539958258331,0.15202936163637057,32455U
2025-06-29T07:44:39.038017,1422.032079138789,859.2777790431595,-7087.499613536045,6.2459321317612995,-3.9359484295298426,0.5922585128246006,32455U
2025-06-29T07:45:39.038017,1793.92971697631,621.6780186053867,-7038.8559089677065,6.146892650963026,-3.9815582737551667,1.0283866639077393,32455U
2025-06-29T07:46:39.038017,2159.2166859412796,381.7867518760563,-6964.206824090222,6.025676111270371,-4.0123294868478645,1.4588410976033763,32455U
2025-06-29T07:47:39.038017,2516.5809278517927,140.49417122866728,-6863.93867978239,5.882914965901317,-4.028277182029499,1.8820965254802748,32455U
2025-06-29T07:48:39.038017,2864.750348931703,-101.31202579515869,-6738.527817744387,5.719308847892635,-4.029469714569833,2.2966791707259966,32455U
2025-06-29T07:49:39.038017,3202.496717837082,-342.74977598356406,-6588.537406211373,5.53561987717827,-4.016026701202982,2.701170374916037,32455U
2025-06-29T07:50:39.038017,3528.639284257256,-582.9456697185288,-6414.614040292529,5.332668014205902,-3.988116959946431,3.0942097579667442,32455U
2025-06-29T07:51:39.038017,3842.0481210684934,-821.0378456067149,-6217.484162624058,5.111326485341539,-3.945956393051771,3.4744979618020286,32455U
2025-06-29T07:52:39.038017,4141.64719438408,-1056.1787573157446,-5997.950328342181,4.872517300312395,-3.8898058328992255,3.8407990087697113,32455U
2025-06-29T07:53:39.038017,4426.417166961092,-1287.5378105447262,-5756.8873366839225,4.617206877449583,-3.8199688678748056,4.1919423056610885,32455U
2025-06-29T07:54:39.038017,4695.397941316145,-1514.303869008286,-5495.238249839387,4.346401788532057,-3.7367896626851236,4.526824323457614,32455U
2025-06-29T07:55:39.038017,4947.690949595704,-1735.6876291342915,-5214.01031803109,4.0611446315984505,-3.640650785200123,4.844409981784704,32455U
2025-06-29T07:56:39.038017,5182.461197769693,-1950.9238638810425,-4914.2708281962705,3.7625100371581652,-3.531971049782586,5.143733765618393,32455U
2025-06-29T07:57:39.038017,5398.939072085458,-2159.2735366756656,-4597.142892113078,3.4516008107683187,-3.411203385170952,5.423900600161516,32455U
2025-06-29T07:58:39.038017,5596.421915960214,-2360.025786978253,-4263.801188341291,3.1295442128981783,-3.278832733321072,5.6840865080784955,32455U
2025-06-29T07:59:39.038017,5774.275385614153,-2552.499789389314,-3915.467670953974,2.7974883753358992,-3.1353739841723804,5.923539071513288,32455U
2025-06-29T08:00:39.038017,5931.934592773442,-2736.0464885553815,-3553.407256713648,2.4565988520460333,-2.9813699500654094,6.141577719575827,32455U
2025-06-29T08:01:39.038017,6068.905042712522,-2910.050212392508,-3178.9235011004225,2.1080553013146357,-2.817389382479989,6.337593860304201,32455U
2025-06-29T08:02:39.038017,6184.763375769939,-3073.9301663500305,-2793.354272425649,1.753048295168303,-2.644025032863627,6.511050874523289,32455U
2025-06-29T08:03:39.038017,6279.157920269294,-3227.141811579242,-2398.0674321670276,1.3927762513844895,-2.4618917585548257,6.661483987539707,32455U
2025-06-29T08:04:39.038017,6351.809064516908,-3369.17812996265,-1994.4565286320494,1.0284424828746936,-2.271624674151153,6.788500033248354,32455U
2025-06-29T08:05:39.038017,6402.50945523335,-3499.5707789999283,-1583.936510101557,0.6612523587900179,-2.073877348107081,6.891777123973572,32455U
2025-06-29T08:06:39.038017,6431.124029415541,-3617.8911395418586,-1167.9394627186457,0.29241057133470943,-1.86932004384955,6.971064238223818,32455U
2025-06-29T08:07:39.038017,6437.589886222492,-3723.7512593156853,-747.910377572967,-0.0768814980452728,-1.6586380042528666,7.026180737489947,32455U
2025-06-29T08:08:39.038017,6421.916005036278,-3816.804695098203,-325.30295068234494,-0.44542831972950186,-1.442529777900799,7.057015822250106,32455U
2025-06-29T08:09:39.038017,6384.182815373457,-3896.7472562669054,98.42458110171357,-0.8120426711651673,-1.2217055851709664,7.063527936439598,32455U
2025-06-29T08:10:39.038017,6324.541623815302,-3963.31765229867,521.8135658454244,-1.1755480134981922,-0.9968857217906671,7.0457441287844285,32455U
2025-06-29T08:11:39.038017,6243.213902590496,-4016.2980465902765,943.4090220570943,-1.5347807971141023,-0.7687989971261289,7.003759378560897,32455U
2025-06-29T08:12:39.038017,6140.490443885366,-4055.5145187480407,1361.7636825635284,-1.8885927039321193,-0.5381812040709899,6.937735892510164,32455U
2025-06-29T08:13:39.038017,6016.730383377233,-4080.8374372359585,1775.441995705707,-2.2358528346338895,-0.3057736169899576,6.847902378785318,32455U
2025-06-29T08:14:39.038017,5872.360095889337,-4092.1817439856623,2183.0240831361803,-2.575449849361334,-0.07232151374512287,6.734553302917051,32455U
2025-06-29T08:15:39.038017,5707.871965454922,-4089.50715225736,2583.109653733354,-2.9062940707734057,0.161427282612047,6.598048129833604,32455U
2025-06-29T08:16:39.038017,5523.823031456861,-4072.818258701415,2974.321873304711,-3.2273195587069687,0.39472384736361116,6.438810554939542,32455U
2025-06-29T08:17:39.038017,5320.833511881042,-4042.1645702069272,3355.311189820858,-3.5374861660225623,0.6268195882194438,6.257327726128563,32455U
2025-06-29T08:18:39.038017,5099.585204091995,-3997.6404457374506,3724.759113907805,-3.8357815855201682,0.85696767582421,6.054149457359381,32455U
2025-06-29T08:19:39.038017,4860.819762911325,-3939.384952947822,4081.3819542188776,-4.121223398060709,1.0844244770029787,5.829887433045019,32455U
2025-06-29T08:20:39.038017,4605.336855158896,-3867.5816389513725,4423.93450710811,-4.392861132204897,1.3084509975461847,5.585214400980614,32455U
2025-06-29T08:21:39.038017,4333.99218921046,-3782.458214166501,4751.2136997274065,-4.649778345753829,1.528314341785014,5.320863349852782,32455U
2025-06-29T08:22:39.038017,4047.695417537866,-3684.2861477180645,5062.062185268375,-4.8910947395188655,1.7432891966200608,5.037626665525692,32455U
2025-06-29T08:23:39.038017,3747.4079096391274,-3573.3801724063724,5355.371888558057,-5.11596831342568,1.9526593480182415,4.736355258284022,32455U
2025-06-29T08:24:39.038017,3434.1403922430995,-3450.097696788077,5630.087499593437,-5.3235975746360324,2.1557192382644446,4.417957651032005,32455U
2025-06-29T08:25:39.038017,3108.950453198432,-3314.838121445331,5885.209911854869,-5.513223806710096,2.351775572419153,4.083399016111458,32455U
2025-06-29T08:26:39.038017,2772.939905039665,-3168.0420560559805,6119.799601371414,-5.684133407895015,2.54014898246378,3.733700145924737,32455U
2025-06-29T08:27:39.038017,2427.2520038801363,-3010.190433428438,6332.979941513928,-5.83566030536753,2.7201757574796535,3.369936339960122,32455U
2025-06-29T08:28:39.038017,2073.068519025478,-2841.8035162359283,6523.940447364007,-5.967188450642664,2.891209647871918,2.9932361881509304,32455U
2025-06-29T08:29:39.038017,1711.60664855325,-2663.4397917891138,6691.939942244344,-6.07815439934504,3.0526237510800476,2.6047802278076415,32455U
2025-06-29T08:30:39.038017,1344.115776079857,-2475.6947498329687,6836.309637601197,-6.16804997609285,3.2038124853775565,2.2057994487018426,32455U
2025-06-29T08:31:39.038017,971.8740640596069,-2279.1995380589583,6956.456115903666,-6.236425022335439,3.3441936572187005,1.7975736183300326,32455U
2025-06-29T08:32:39.038017,596.1848792570963,-2074.619489802873,7051.864204574149,-6.282890221595751,3.473210626105105,1.3814293970341367,32455U
2025-06-29T08:33:39.038017,218.37304652157263,-1862.6525182671194,7122.099727202692,-6.307119992691056,3.590334569093686,0.9587382106011156,32455U
2025-06-29T08:34:39.038017,-160.21907229455292,-1644.027371587564,7166.812116437614,-6.308855437144258,3.6950668448208916,0.530913846331971,32455U
2025-06-29T08:35:39.038017,-538.2356764724027,-1419.5017431771282,7185.736871011629,-6.2879073221815,3.7869414542645345,0.09940973748197263,32455U
2025-06-29T08:36:39.038017,-914.3118025888461,-1189.8602320434352,7178.697837384643,-6.244159075484257,3.8655275923978816,-0.3342840994336779,32455U
2025-06-29T08:37:39.038017,-1287.0777781464435,-955.9121482221293,7145.609294498294,-6.177569762297801,3.9304322814183235,-0.7686445095522544,32455U
2025-06-29T08:38:39.038017,-1655.1638502737662,-718.4891591097805,7086.477818190311,-6.088177009690408,3.9813030723814893,-1.2021190604905552,32455U
2025-06-29T08:39:39.038017,-2017.2049849275663,-478.4427733457105,7001.403899961738,-5.9760998368361005,4.017830797883224,-1.6331303502874257,32455U
2025-06-29T08:40:39.038017,-2371.8458295213413,-236.6416599983933,6890.583293090711,-5.841541344313295,4.039752353971868,-2.0600807899369205,32455U
2025-06-29T08:41:39.038017,-2717.7458290585882,6.031197821249903,6754.308057614011,-5.684791209759788,4.046853484827284,-2.4813578829220795,32455U
2025-06-29T08:42:39.038017,-3053.5844826806324,248.68151416200027,6592.96727452982,-5.506227932010974,4.038971539023002,-2.895340017685907,32455U
2025-06-29T08:43:39.038017,-3378.0667240692524,490.40687358062667,6407.047398795818,-5.3063207613083705,4.015998161525845,-3.300402781054587,32455U
2025-06-29T08:44:39.038017,-3689.9284054091327,730.3000617791666,6197.1322203947575,-5.085631249553202,3.9778818811389387,-3.69492579126708,32455U
2025-06-29T08:45:39.038017,-3987.94186067728,967.4525462278636,5963.90240299933,-4.844814352149644,3.924630549033375,-4.077300038543891,32455U
2025-06-29T08:46:39.038017,-4270.9215199459295,1200.958096780535,5708.134570677649,-4.584619011997981,3.856313580528153,-4.445935709166237,32455U
2025-06-29T08:47:39.038017,-4537.729542257566,1429.9165333956487,5430.6999147151555,-4.305888156898184,3.77306394956463,-4.799270456046179,32455U
2025-06-29T08:48:39.038017,-4787.281430555481,1653.4375850236577,5132.562295052892,-4.0095580442265195,3.6750798835757674,-5.135778065018793,32455U
2025-06-29T08:49:39.038017,-5018.551588248737,1870.6448405685328,4814.775814107204,-3.696656891424419,3.5626262058604934,-5.453977451922033,32455U
2025-06-29T08:50:39.038017,-5230.578773387386,2080.6797696524077,4478.481844865446,-3.3683027377034414,3.436035273307116,-5.752441911360641,32455U
2025-06-29T08:51:39.038017,-5422.471403258654,2282.70578778799,4124.905500151069,-3.025700491468072,3.2957074595061564,-6.029808524338754,32455U
2025-06-29T08:52:39.038017,-5593.412659631638,2475.912337589899,3755.351535784184,-2.6701381292441835,3.1421111370479644,-6.284787619202892,32455U
2025-06-29T08:53:39.038017,-5742.665343010894,2659.5189549275465,3371.1996869761197,-2.3029820252475455,2.9757821181632416,-6.516172169083451,32455U
2025-06-29T08:54:39.038017,-5869.576423244953,2832.7792865472425,2973.899444580281,-1.925671405892075,2.7973225198175085,-6.722846999795955,32455U
2025-06-29T08:55:39.038017,-5973.581233782292,2994.985023765457,2564.964285654879,-1.5397119401983341,2.6073990278380874,-6.903797675455837,32455U
2025-06-29T08:56:39.038017,-6054.2072578720035,3145.469715458973,2145.9653810011755,-1.1466684947859733,2.4067405444810217,-7.05811892532706,32455U
2025-06-29T08:57:39.038017,-6111.077457129588,3283.612422833915,1718.5248107345485,-0.7481571004158739,2.1961352148188773,-7.185022475028291,32455U
2025-06-29T08:58:39.038017,-6143.913096160276,3408.841178416304,1284.3083273016814,-0.34583619531149623,1.9764268391621373,-7.283844148422847,32455U
2025-06-29T08:59:39.038017,-6152.536021341804,3520.636212421436,845.017713443468,0.058602771879515576,1.7485106910767247,-7.35405011344949,32455U
2025-06-29T09:00:39.038017,-6136.870357364281,3618.532911155379,402.3827901767558,0.4634452802555465,1.5133287730416272,-7.39524215579708,32455U
2025-06-29T09:01:39.038017,-6096.943591612025,3702.124474380315,-41.84686330963399,0.8669641022499708,1.2718645539891886,-7.407161878517152,32455U
2025-06-29T09:02:39.038017,-6032.887023816372,3771.0642416074766,-485.91041010008627,1.2674299708904482,1.0251372444638394,-7.389693743080274,32455U
2025-06-29T09:03:39.038017,-5944.935566437641,3825.0676610127293,-928.0444039190794,1.6631224138899097,0.7741956755089127,-7.3428668875421765,32455U
2025-06-29T09:04:39.038017,-5833.426889745732,3863.913879015846,-1366.4915096614718,2.0523406139716687,0.5201118562662499,-7.266855679791437,32455U
2025-06-29T09:05:39.038017,-5698.799914339022,3887.446933418617,-1799.5092184409307,2.4334141526599287,0.26397429232329284,-7.1619789875953135,32455U
2025-06-29T09:06:39.038017,-5541.592662628688,3895.5765382322415,-2225.3784791562903,2.8047134963091334,0.006881151803098209,-7.028698171564077,32455U
2025-06-29T09:07:39.038017,-5362.439489384647,3888.278453797224,-2642.4121697520404,3.164660088350063,-0.25006663110166716,-6.867613831403961,32455U
2025-06-29T09:08:39.038017,-5162.067719551049,3865.594441360558,-3048.963334034896,3.5117359204257768,-0.5057722250907875,-6.6794613591144785,32455U
2025-06-29T09:09:39.038017,-4941.293728985658,3827.6318067722173,-3443.433113994094,3.844492466931688,-0.7591496551178459,-6.465105374346602,32455U
2025-06-29T09:10:39.038017,-4701.018510365721,3774.562543248024,-3824.278312934159,4.161558882021772,-1.009130356238045,-6.225533136289763,32455U
2025-06-29T09:11:39.038017,-4442.222772086171,3706.6220880848864,-4190.01853116942,4.461649374831595,-1.2546694502286113,-5.961847042635021,32455U
2025-06-29T09:12:39.038017,-4165.961622440531,3624.1077126865375,-4539.2428233473165,4.7435696968844026,-1.494751675213239,-5.675256338938503,32455U
2025-06-29T09:13:39.038017,-3873.358894654428,3527.376569167387,-4870.615834422413,5.006222694724628,-1.7283969078774823,-5.367068170811509,32455U
2025-06-29T09:14:39.038017,-3565.601170414788,3416.843420076022,-5182.8833796534445,5.248612900101248,-1.9546652282532977,-5.038678116679547,32455U
2025-06-29T09:15:39.038017,-3243.9315604232793,3292.9780803719677,-5474.877442499431,5.469850148868246,-2.1726614880837065,-4.69156034042684,32455U
2025-06-29T09:16:39.038017,-2909.6433002612257,3156.3026026796365,-5745.520572717277,5.669152237602951,-2.3815393550558817,-4.3272575012675905,32455U
2025-06-29T09:17:39.038017,-2564.0732185806523,3007.38823803969,-5993.829675099554,5.84584664326716,-2.58050481633431,-3.9473705529826675,32455U
2025-06-29T09:18:39.038017,-2208.5951324451876,2846.8522049051503,-6218.919186962719,5.999371345658407,-2.7688191354967246,-3.553548556642882,32455U
2025-06-29T09:19:39.038017,-1844.6132216846386,2675.354299040346,-6420.003649543425,6.12927480462223,-2.945801266872594,-3.1474786206136205,32455U
2025-06-29T09:20:39.038017,-1473.555430539707,2493.5933763353432,-6596.399684779846,6.2352151538504055,-3.110829740175916,-2.7308760695285557,32455U
2025-06-29T09:21:39.038017,-1096.8669408175842,2302.3037394237017,-6747.527394463699,6.316958680502111,-3.2633440360327373,-2.305474930590738,32455U
2025-06-29T09:22:39.038017,-716.0037564066065,2102.251457468681,-6872.911203407022,6.374377664889276,-3.4028454794179606,-1.8730188115477546,32455U
2025-06-29T09:23:39.038017,-332.4264344480301,1894.2306466458224,-6972.180172067906,6.407447657183319,-3.5288976830888648,-1.4352522304955306,32455U
2025-06-29T09:24:39.038017,52.40600613137949,1679.0597367822338,-7045.06780703909,6.416244268719485,-3.6411265768384817,-0.9939124437474015,32455U
2025-06-29T09:25:39.038017,437.04197255216417,1457.5777473923274,-7091.411399967431,6.40093955424308,-3.7392200608493393,-0.55072180474071,32455U
2025-06-29T09:26:39.038017,820.0429607745923,1230.6405940493896,-7111.150926901393,6.361798058639903,-3.8229273227008638,-0.10738067465405439,32455U
2025-06-29T09:27:39.038017,1199.988975081183,999.1174437129979,-7104.327540833283,6.299172597620971,-3.892057857800516,0.33443910570131724,32455U
2025-06-29T09:28:39.038017,1575.4836908249029,763.887135349516,-7071.081690394796,6.213499836791329,-3.9464802323132453,0.7731001829154218,32455U
2025-06-29T09:29:39.038017,1945.1593500373417,525.8346799789529,-7011.650897364774,6.105295727815589,-3.986120626214725,1.2070051054762203,32455U
2025-06-29T09:30:39.038017,2307.681382764273,285.8478521885573,-6926.367224941715,5.9751508542682314,-4.010961192049935,1.6346012011650144,32455U
2025-06-29T09:31:39.038017,2661.752749811985,44.813883198088355,-6815.654467702107,5.823725733464559,-4.021038262493893,2.0543849382780115,32455U
2025-06-29T09:32:39.038017,3006.118005054602,-196.3837362425881,-6680.025092883981,5.65174611431427,-4.016440437029719,2.4649057957711573,32455U
2025-06-29T09:33:39.038017,3339.567077583348,-436.8683364881794,-6520.07696117063,5.4599983051899565,-3.9973065751102412,2.8647696703861305,32455U
2025-06-29T09:34:39.038017,3660.938775790114,-675.7730280111906,-6336.489853560695,5.249324560090192,-3.9638237201636644,3.2526418506992565,32455U
2025-06-29T09:35:39.038017,3969.124016997168,-912.2435349630244,-6130.021829247872,5.020618546093419,-3.916224975834788,3.627249588993214,32455U
2025-06-29T09:36:39.038017,4263.068787497125,-1145.4409006214896,-5901.50543773687,4.7748209103067705,-3.854787352994222,3.987384302032909,32455U
2025-06-29T09:37:39.038017,4541.776838879978,-1374.544063087859,-5651.843806724501,4.512914960245106,-3.779829603354469,4.33190343138107,32455U
2025-06-29T09:38:39.038017,4804.312127323749,-1598.7523004859027,-5382.006625602124,4.2359224678376926,-3.6917100530416183,4.659731992954844,32455U
2025-06-29T09:39:39.038017,5049.80100313956,-1817.2875456824281,-5093.026042804435,3.9448996040384365,-3.590824447207786,4.969863844232494,32455U
2025-06-29T09:40:39.038017,5277.434158308853,-2029.3965711998205,-4785.9924936589705,3.6409330082878872,-3.4776038147438944,5.261362695974998,32455U
2025-06-29T09:41:39.038017,5486.468340061633,-2234.3530455455552,-4462.050473878762,3.3251359947915744,-3.3525123603615707,5.533362893640574,32455U
2025-06-29T09:42:39.038017,5676.227838725033,-2431.459462639729,-4122.394272408082,2.998644895707823,-3.2160453897524333,5.785069991903087,32455U
2025-06-29T09:43:39.038017,5846.105758150851,-2620.0489464001535,-3768.2636759658326,2.6626155398142735,-3.068727272183286,6.015761143919517,32455U
2025-06-29T09:44:39.038017,5995.565077013843,-2799.486932845715,-3400.9396563447785,2.3182198640043126,-2.9111094437307092,6.224785325263301,32455U
2025-06-29T09:45:39.038017,6124.139509175384,-2969.1727323128785,-3021.74005031292,1.966642653998447,-2.743768453374569,6.411563410790119,32455U
2025-06-29T09:46:39.038017,6231.434171139061,-3128.5409745541806,-2632.0152408244658,1.609078409892413,-2.5673040533338605,6.575588121152915,32455U
2025-06-29T09:47:39.038017,6317.126064393152,-3277.0629396042727,-2233.1438471845654,1.2467283315635815,-2.3823373343173166,6.716423854243854,32455U
2025-06-29T09:48:39.038017,6380.964380148467,-3414.2477773662445,-1826.5284308174116,0.8807974184752936,-2.189508905750812,6.833706415519557,32455U
2025-06-29T09:49:39.038017,6422.770633642581,-3539.643618888615,-1413.5912223681057,0.512491678028251,-1.9894771205151611,6.927142659955368,32455U
2025-06-29T09:50:39.038017,6442.438634800285,-3652.838582279445,-995.7698750155166,0.1430154362717802,-1.782916343258448,6.996510057269513,32455U
2025-06-29T09:51:39.038017,6439.934301618331,-3753.4616761366638,-574.5132480924156,-0.22643125551138063,-1.5705152609212816,7.041656191043043,32455U
2025-06-29T09:52:39.038017,6415.295322184351,-3841.1836032690794,-151.2772243975877,-0.5946551251175339,-1.3529752337153915,7.062498201421344,32455U
2025-06-29T09:53:39.038017,6368.630670749315,-3915.717467340939,272.47943605837486,-0.9604721016866388,-1.131008684411583,7.059022180199459,32455U
2025-06-29T09:54:39.038017,6300.119982753571,-3976.819384896003,695.2992037014238,-1.3227096632644064,-0.9053375234138034,7.031282526246071,32455U
2025-06-29T09:55:39.038017,6210.012793161039,-4024.289005008626,1115.729846765473,-1.680209117315182,-0.6766916067102008,6.979401268389794,32455U
2025-06-29T09:56:39.038017,6098.627641887468,-4057.9699385693243,1532.3284571457461,-2.0318278221650954,-0.4458072233936489,6.9035673620538285,32455U
2025-06-29T09:57:39.038017,5966.351049529676,-4077.750098940413,1943.6654338188084,-2.3764413576717534,-0.2134256090465648,6.804035965066971,32455U
2025-06-29T09:58:39.038017,5813.636365974301,-4083.5619554260848,2348.328423278119,-2.7129456538409964,0.019708519194946275,6.68112769714986,32455U
2025-06-29T09:59:39.038017,5641.002493901033,-4075.382700665505,2744.9262164567613,-3.040259086317479,0.2528484104337838,6.535227886633166,32455U
2025-06-29T10:00:39.038017,5449.032488508734,-4053.2343327228596,3132.092601940588,-3.3573245482018574,0.485246715782984,6.36678580685235,32455U
2025-06-29T10:01:39.038017,5238.372034215763,-4017.183652265395,3508.4901751332977,-3.6631115078237984,0.7161569176171453,6.176313903527926,32455U
2025-06-29T10:02:39.038017,5009.727798432372,-3967.3421748324818,3872.814103064894,-3.9566180624540936,0.9448347583364642,5.9643870131255134,32455U
2025-06-29T10:03:39.038017,4763.865661887798,-3903.865957784685,4223.795844359863,-4.236872998136754,1.1705396751394508,5.731641570761962,32455U
2025-06-29T10:04:39.038017,4501.608824379382,-3826.955341092316,4560.206823642218,-4.502937865960247,1.3925362477668113,5.478774804636263,32455U
2025-06-29T10:05:39.038017,4223.835784214901,-3736.854600678548,4880.862059307591,-4.7539090851059465,1.610095666611676,5.206543912218157,32455U
2025-06-29T10:06:39.038017,3931.4781890447907,-3633.8515125762897,5184.623743143195,-4.988920082888808,1.8224972289788461,4.915765211513093,32455U
2025-06-29T10:07:39.038017,3625.518555240003,-3518.276825695228,5470.404769713805,-5.207143481700936,2.0290298715944672,4.6073132586422005,32455U
2025-06-29T10:08:39.038017,3306.98785246754,-3390.5036405276473,5737.172212757569,-5.407793342252555,2.2289937476979036,4.2821199207298495,32455U
2025-06-29T10:09:39.038017,2976.9629496690795,-3250.9466906579655,5983.9507450346255,-5.590127471729162,2.4217018571569917,3.9411733906995905,32455U
2025-06-29T10:10:39.038017,2636.563918261527,-3100.061523484305,6209.825997149762,-5.753449804416438,2.6064817380135388,3.5855171280538563,32455U
2025-06-29T10:11:39.038017,2286.9511880740524,-2938.343576121057,6413.94784981601,-5.897112860938579,2.782677227650369,3.216248707090882,32455U
2025-06-29T10:12:39.038017,1929.322551325665,-2766.3271420373862,6595.533652840418,-6.020520290474014,2.94965030134364,2.8345185513315454,32455U
2025-06-29T10:13:39.038017,1564.9100098522692,-2584.5842236091867,6753.871362793579,-6.123129498116906,3.1067829952866166,2.4415285302451317,32455U
2025-06-29T10:14:39.038017,1194.9764608309915,-2393.7232654340937,6888.322589872377,-6.204454356910546,3.2534794202099566,2.0385303917427877,32455U
2025-06-29T10:15:39.038017,820.8122164471616,-2194.387762995477,6998.325542885212,-6.264068000964958,3.3891678704415504,1.6268240014329614,32455U
2025-06-29T10:16:39.038017,443.7313533248759,-1987.2547410768657,7083.397859590358,-6.301605692470983,3.513303031617212,1.2077553573955504,32455U
2025-06-29T10:17:39.038017,65.06788812895478,-1773.0330962447629,7143.139307810876,-6.3167677513331215,3.625368288240204,0.7827143473480638,32455U
2025-06-29T10:18:39.038017,-313.82822343825376,-1552.4617977519906,7177.234340856548,-6.3093225315797445,3.724878129876213,0.35313221366081676,32455U
2025-06-29T10:19:39.038017,-691.5952659473036,-1326.3079413884316,7185.454488827233,-6.279109423704681,3.8113806519465325,-0.0795213091340415,32455U
2025-06-29T10:20:39.038017,-1066.8641222016463,-1095.3646511460595,7167.660565386044,-6.226041856705459,3.8844601438470194,-0.513741219760028,32455U
2025-06-29T10:21:39.038017,-1438.2628085301048,-860.4488240886876,7123.804667616792,-6.150110267893298,3.9437397534903473,-0.9479908731438074,32455U
2025-06-29T10:22:39.038017,-1804.4211841071278,-622.3987145530598,7053.9319446662785,-6.051385002669011,3.9888842133731255,-1.380706033643086,32455U
2025-06-29T10:23:39.038017,-2163.9758286798983,-382.07135477102236,6958.182109077088,-5.930019100525834,4.019602608964356,-1.8102993882954623,32455U
2025-06-29T10:24:39.038017,-2515.5750804230925,-140.33981021683198,6836.790663106721,-5.78625091772503,4.035651165666503,-2.2351655455345263,32455U
2025-06-29T10:25:39.038017,-2857.8842226500187,101.9097305379256,6690.0898109791615,-5.620406531590755,4.036836025914758,-2.653686539150767,32455U
2025-06-29T10:26:39.038017,-3189.590804803184,343.7810299295004,6518.509027005365,-5.432901866408256,4.023015983273355,-3.0642378501761844,32455U
2025-06-29T10:27:39.038017,-3509.4100795514314,584.3710359070558,6322.575248926428,-5.2242444767298135,3.9941051358022444,-3.4651949508185496,32455U
2025-06-29T10:28:39.038017,-3816.0905339859573,822.7732709810751,6102.912665764303,-4.995034920750785,3.950075416666987,-3.8549403646064637,32455U
2025-06-29T10:29:39.038017,-4108.419488891331,1058.081367407944,5860.242069997414,-4.745967654575172,3.8909589561300226,-4.231871225621225,32455U
2025-06-29T10:30:39.038017,-4385.2287359499605,1289.3927373265415,5595.37974509336,-4.477831377899955,3.816850225883981,-4.594407307250462,32455U
2025-06-29T10:31:39.038017,-4645.400178611505,1515.8123636974126,5309.235861402946,-4.19150876314492,3.7279079143655904,-4.940999477531806,32455U
2025-06-29T10:32:39.038017,-4887.871438337659,1736.456694797682,5002.812356203558,-3.8879755035346886,3.624356480414454,-5.270138524173184,32455U
2025-06-29T10:33:39.038017,-5111.641384132854,1950.4576218534917,4677.200277321751,-3.568298621259605,3.506487332596608,-5.580364278103577,32455U
2025-06-29T10:34:39.038017,-5315.775539836682,2156.9665162315036,4333.576574273153,-3.2336339846781192,3.3746595828531176,-5.870274950371223,32455U
2025-06-29T10:35:39.038017,-5499.411320714805,2355.158299541064,3973.200326229512,-2.8852229935941587,3.229300325983644,-6.138536583838691,32455U
2025-06-29T10:36:39.038017,-5661.763048592389,2544.2355171231748,3597.408402303072,-2.5243884038561264,3.070904400907028,-6.383892508957364,32455U
2025-06-29T10:37:39.038017,-5802.126693254542,2723.4323828138604,3207.610556562858,-2.15252927671578,2.900033595681557,-6.605172682455793,32455U
2025-06-29T10:38:39.038017,-5919.884287224737,2892.0187606775153,2805.2839677408765,-1.7711150542673424,2.717315265870993,-6.801302779579779,32455U
2025-06-29T10:39:39.038017,-6014.507961425502,3049.304047705557,2391.967241608616,-1.3816787794922019,2.5234403449021703,-6.971312905051196,32455U
2025-06-29T10:40:39.038017,-6085.563550708485,3194.6409203612807,1969.2539023233994,-0.9858094974954843,2.3191607353952586,-7.114345785587215,32455U
2025-06-29T10:41:39.038017,-6132.713720862354,3327.4289074017142,1538.7854074529575,-0.5851438928974028,2.1052860818102888,-7.229664307964997,32455U
2025-06-29T10:42:39.038017,-6155.720572478378,3447.1177516838243,1102.243729662137,-0.18135723644143806,1.882679936835833,-7.316658271434235,32455U
2025-06-29T10:43:39.038017,-6154.447681948156,3553.2105247086174,661.34355593924,0.2238462689327359,1.652255346380841,-7.37485023184336,32455U
2025-06-29T10:44:39.038017,-6128.861545813835,3645.2664594839757,217.82416252310617,0.6287436366485515,1.414969890425742,-7.40390032706932,32455U
2025-06-29T10:45:39.038017,-6079.032401577172,3722.903469889306,-226.5589698812433,1.0316036202707495,1.171820228917209,-7.40360998899222,32455U
2025-06-29T10:46:39.038017,-6005.134405747435,3785.8003280584867,-670.0427306455078,1.4306974822558036,0.9238362129362669,-7.373924465940978,32455U
2025-06-29T10:47:39.038017,-5907.445158183785,3833.6984752965477,-1110.865069452204,1.8243098697268483,0.6720746311286955,-7.314934100723723,32455U
2025-06-29T10:48:39.038017,-5786.344570451212,3866.403446615365,-1547.2737254330145,2.210749655090938,0.41761266950096654,-7.2268743323941935,32455U
2025-06-29T10:49:39.038017,-5642.313084728529,3883.7858939984267,-1977.5349171958405,2.588360598745651,0.16154116885554798,-7.110124414049797,32455U
2025-06-29T10:50:39.038017,-5475.929258541269,3885.782198849723,-2399.9419160386738,2.955531694269689,-0.09504223185947984,-6.965204863407772,32455U
2025-06-29T10:51:39.038017,-5287.866739002284,3872.3946696014873,-2812.8234264894904,3.3107070632499163,-0.3510399763122748,-6.792773686846549,32455U
2025-06-29T10:52:39.038017,-5078.890658102393,3843.691325997147,-3214.55170162189,3.6523952770183854,-0.6053614063313324,-6.593621440235225,32455U
2025-06-29T10:53:39.038017,-4849.853487698429,3799.8052769793694,-3603.5503252597096,3.9791779956688003,-0.8569294258342353,-6.368665210472834,32455U
2025-06-29T10:54:39.038017,-4601.690399024562,3740.9337042556967,-3978.3015990393887,4.289717830290275,-1.1046869318120283,-6.118941619586999,32455U
2025-06-29T10:55:39.038017,-4335.414176668907,3667.3364683570317,-4337.353479153723,4.582765351812399,-1.34760293801544,-5.845598967987957,32455U
2025-06-29T10:56:39.038017,-4052.109740919212,3579.334358237101,-4679.326015228251,4.857165188552585,-1.5846783255684833,-5.5498886446776385,32455U
2025-06-29T10:57:39.038017,-3752.9283351434606,3477.307009098229,-5002.9172519405665,5.1118611738271635,-1.8149511645636558,-5.23315593967326,32455U
2025-06-29T10:58:39.038017,-3439.081436426429,3361.6905161081113,-5306.908562443655,5.345900524179958,-2.037501561389253,-4.896830397575072,32455U
2025-06-29T10:59:39.038017,-3111.8344480707674,3232.974773959363,-5590.169391155783,5.558437047280198,-2.25145599770423,-4.542415851200519,32455U
2025-06-29T11:00:39.038017,-2772.500231871328,3091.7005738112853,-5851.661391804304,5.748733395797284,-2.4559911382164454,-4.17148027077794,32455U
2025-06-29T11:01:39.038017,-2422.432536379436,2938.4564900547434,-6090.441954571157,5.9161623991249055,-2.650337095380848,-3.7856455576976535,32455U
2025-06-29T11:02:39.038017,-2063.019374831522,2773.8755895973727,-6305.667123603071,6.060207518339955,-2.8337801494825654,-3.386577402726597,32455U
2025-06-29T11:03:39.038017,-1695.6764031600185,2598.631996029614,-6496.5939128951195,6.180462481008684,-3.005664932042566,-2.975975317412591,32455U
2025-06-29T11:04:39.038017,-1321.840344689641,2413.4373401728744,-6662.582034530922,6.2766301612604405,-3.1653960888676886,-2.555562934687053,32455U
2025-06-29T11:05:39.038017,-942.9625039064262,2219.037127208094,-6803.09505840417,6.348520776914651,-3.3124394462136753,-2.127078660974802,32455U
2025-06-29T11:06:39.038017,-560.5024072151957,2016.2070489186945,-6917.701026830089,6.3960494794432465,-3.446322709357925,-1.6922667479606028,32455U
2025-06-29T11:07:39.038017,-175.92160400905658,1805.7492676386937,-7006.072550885431,6.41923341433147,-3.566635727363809,-1.2528688380257773,32455U
2025-06-29T11:08:39.038017,209.32234320846405,1588.4886963596928,-7067.986417920009,6.418188329180483,-3.6730303609877857,-0.8106160236849729,32455U
2025-06-29T11:09:39.038017,593.7816553851903,1365.2692971910296,-7103.322741516626,6.393124804941767,-3.765219992610173,-0.36722144846537336,32455U
2025-06-29T11:10:39.038017,976.0239001807113,1136.950418057987,-7112.063686305299,6.344344182275549,-3.8429787178696952,0.07562653513894338,32455U
2025-06-29T11:11:39.038017,1354.6373059639352,904.4031852161849,-7094.291800542446,6.272234250487295,-3.906140258487765,0.5162706455530637,32455U
2025-06-29T11:12:39.038017,1728.2358142939152,668.5069669134862,-7050.187989328676,6.177264761116686,-3.954596634728868,0.9530903939131821,32455U
2025-06-29T11:13:39.038017,2095.463862005053,430.1459213750389,-6980.029160848067,6.059982822316224,-3.9882966342218755,1.3845072595449717,32455U
2025-06-29T11:14:39.038017,2455.0008870389597,190.20564025516998,-6884.185577149641,5.92100822391848,-4.007244111617409,1.8089893371903676,32455U
2025-06-29T11:15:39.038017,2805.5655548282634,-50.43010318624855,-6763.117939838636,5.761028736779977,-4.011496150929934,2.2250554789469876,32455U
2025-06-29T11:16:39.038017,3145.9197043592194,-290.88249365880614,-6617.374239671294,5.580795423792087,-4.001161119548541,2.631278957513633,32455U
2025-06-29T11:17:39.038017,3474.8720150273775,-530.2806952129424,-6447.5863975179645,5.381117994020057,-3.976396639917201,3.0262906798048164,32455U
2025-06-29T11:18:39.038017,3791.2813970826223,-767.7647498624848,-6254.466722528443,5.162860225882703,-3.937407501888513,3.4087819814570044,32455U
2025-06-29T11:19:39.038017,4094.060109857137,-1002.4883501639558,-6038.8042116483,4.926935480198892,-3.8844435358283267,3.7775070333434773,32455U
2025-06-29T11:20:39.038017,4382.176613113915,-1233.6214835609842,-5801.460712930471,4.674302319349096,-3.8177974637573637,4.1312848910999795,32455U
2025-06-29T11:21:39.038017,4654.658157765599,-1460.3529472619964,-5543.36697339573,4.405960244754979,-3.7378027432093255,4.469001217977769,32455U
2025-06-29T11:22:39.038017,4910.593122929127,-1681.892733252299,-5265.518590535622,4.122945561360508,-3.6448314160915243,4.789609710229775,32455U
2025-06-29T11:23:39.038017,5149.13310681414,-1897.47428375215,-4968.9718849456185,3.8263273747914006,-3.5392919726756262,5.092133252807978,32455U
2025-06-29T11:24:39.038017,5369.494779327927,-2106.356618038755,-4654.839710027788,3.5172037243343777,-3.4216272389230378,5.375664831526009,32455U
2025-06-29T11:25:39.038017,5570.961504524799,-2307.826332054908,-4324.287213227417,3.196697852780033,-3.2923122936624747,5.63936822609628,32455U
2025-06-29T11:26:39.038017,5752.8847411621155,-2501.199472648143,-3978.5275618617297,2.865954612454799,-3.1518524206705356,5.882478506671314,32455U
2025-06-29T11:27:39.038017,5914.68522965448,-2685.8232886226174,-3618.8176452730077,2.52613700538731,-3.0007810994464186,6.104302354750562,32455U
2025-06-29T11:28:39.038017,6055.853973663663,-2861.077861056851,-3246.4537637824938,2.1784228544505044,-2.83965803739429,6.304218227609848,32455U
2025-06-29T11:29:39.038017,6175.9530244272655,-3026.377615542845,-2862.767313748004,1.824001601455624,-2.669067245213797,6.481676383789936,32455U
2025-06-29T11:30:39.038017,6274.616075731138,-3181.172719150325,-2469.1204769218657,1.4640712274882461,-2.4896151565215687,6.636198785672266,32455U
2025-06-29T11:31:39.038017,6351.54887717071,-3324.9503650105125,-2066.901921279149,1.0998352902406903,-2.3019287920662825,6.767378893772957,32455U
2025-06-29T11:32:39.038017,6406.529473035522,-3457.2359474590316,-1657.522519525168,0.7325000726599543,-2.1066539683298515,6.874881366108995,32455U
2025-06-29T11:33:39.038017,6439.4082737918325,-3577.5941306739096,-1242.4110906069545,0.36327183687538955,-1.904453549811434,6.958441674820924,32455U
2025-06-29T11:34:39.038017,6450.107966737473,-3685.629813700613,-823.010168735518,-0.006645822940598063,-1.6960057438465241,7.017865651168636,32455U
2025-06-29T11:35:39.038017,6438.623271963985,-3780.9889946715384,-400.7718036785671,-0.3760545354096827,-1.4820024364057267,7.053028969033767,32455U
2025-06-29T11:36:39.038017,6405.020549287573,-3863.3595369055697,22.84660459385112,-0.743763621388816,-1.2631475669319256,7.063876576146892,32455U
2025-06-29T11:37:39.038017,6349.437261306737,-3932.471839415311,446.38643443302067,-1.1085924851986622,-1.040155539899576,7.050422081391712,32455U
2025-06-29T11:38:39.038017,6272.0812972130825,-3988.099414159858,868.3919322663697,-1.469372935116732,-0.813749670401694,7.0127471057012425,32455U
2025-06-29T11:39:39.038017,6173.230161426682,-4030.059372157589,1287.4142621062272,-1.8249514409175056,-0.5846606606871578,6.951000603230717,32455U
2025-06-29T11:40:39.038017,6053.230030552179,-4058.2128203209313,1702.0155137252889,-2.174191336565995,-0.35362510417336807,6.865398158649068,32455U
2025-06-29T11:41:39.038017,5912.494681557788,-4072.4651705941014,2110.7726687303066,-2.515974976513212,-0.12138401304240723,6.756221265511974,32455U
2025-06-29T11:42:39.038017,5751.504293473213,-4072.766362666206,2512.2815239990164,-2.849205854385454,0.11131863490230459,6.623816589746128,32455U
2025-06-29T11:43:39.038017,5570.80412428455,-4059.1110011985174,2905.160572106402,-3.1728106932081355,0.34373733489451386,6.4685952212641995,32455U
2025-06-29T11:44:39.038017,5371.003064080378,-4031.5384081471593,3288.054838440817,-3.485741516636544,0.5751264846199279,6.291031915625371,32455U
2025-06-29T11:45:39.038017,5152.772064876482,-3990.1325903825523,3659.639674701326,-3.78697771097011,0.8047418101046656,6.091664326437724,32455U
2025-06-29T11:46:39.038017,4916.842446922184,-3935.0221224070683,4018.624508367509,-4.075528087981102,1.0318417942724731,5.871092227851198,32455U
2025-06-29T11:47:39.038017,4664.004080673214,-3866.379943553564,4363.75654754198,-4.350432958774218,1.2556891148368023,5.629976724997139,32455U
2025-06-29T11:48:39.038017,4395.1034430118025,-3784.423068613626,4693.8244402742275,-4.610766228979634,1.4755520986430133,5.36903944858321,32455U
2025-06-29T11:49:39.038017,4111.041545707613,-3689.412210396318,5007.661887084497,-4.855637525546065,1.690706199991051,5.0890617280393355,32455U
2025-06-29T11:50:39.038017,3812.771733555829,-3581.651312261433,5304.151204904374,-5.0841943652016255,1.900435510826756,4.79088373563181,32455U
2025-06-29T11:51:39.038017,3501.2973491027633,-3461.4869882072603,5582.226840041708,-5.2956243742625775,2.104034310974724,4.475403591814154,32455U
2025-06-29T11:52:39.038017,3177.6692603938573,-3329.307867629598,5840.878827044519,-5.4891575688454015,2.3008086667655485,4.1435764197808584,32455U
2025-06-29T11:53:39.038017,2842.9832477556592,-3185.5438414079927,6079.156189488891,-5.664068703645786,2.490078086464775,3.796413334739619,32455U
2025-06-29T11:54:39.038017,2498.3772452748444,-3030.665205528164,6296.170277733972,-5.8196796962397155,2.67117724080283,3.4349803508534054,32455U
2025-06-29T11:55:39.038017,2145.028432372308,-2865.181698021566,6491.098037577444,-5.955362132301313,2.8434577566063046,3.0603971861536543,32455U
2025-06-29T11:56:39.038017,1784.1501707097814,-2689.6414246050513,6663.185202500793,-6.070539855177971,3.0062900910032164,2.6738359430403564,32455U
2025-06-29T11:57:39.038017,1416.988781627912,-2504.629668047678,6811.749400816984,-6.1646916408799255,3.1590654928846376,2.2765196393218923,32455U
2025-06-29T11:58:39.038017,1044.8201594224684,-2310.767575991307,6936.183167524823,-6.237353956699024,3.301198057214466,1.8697205621827517,32455U
2025-06-29T11:59:39.038017,668.9462160361923,-2108.7107217199573,7035.95684904322,-6.288123798350092,3.432126876357469,1.454758415081537,32455U
2025-06-29T12:00:39.038017,290.69115321280225,-1899.14753223212,7110.621387250365,-6.316661596714534,3.551318290808091,1.0329982254873127,32455U
2025-06-29T12:01:39.038017,-88.60244116036347,-1682.7975779329884,7159.810967408358,-6.322694180967935,3.658268239529129,0.6058479796605054,32455U
2025-06-29T12:02:39.038017,-467.5776748629225,-1460.4097183583517,7183.245512629388,-6.306017780110758,3.752504707527035,0.1747559495179572,32455U
2025-06-29T12:03:39.038017,-844.8676124569852,-1232.760098580925,7180.73300556825,-6.26650103973872,3.83359026529963,-0.2587923238933096,32455U
2025-06-29T12:04:39.038017,-1219.0997153626988,-1000.6499913694555,7152.171616039676,-6.204088025353572,3.901124691389809,-0.6932774254830887,32455U
2025-06-29T12:05:39.038017,-1588.900458753901,-764.9034807780586,7097.551611305968,-6.118801177720863,3.9547476654971323,-1.1271498736960075,32455U
2025-06-29T12:06:39.038017,-1952.9001209990465,-526.3649836747154,7016.957023910705,-6.0107441798511285,3.9941415154696034,-1.5588343721700326,32455U
2025-06-29T12:07:39.038017,-2309.7377389054864,-285.89660678475724,6910.567050212041,-5.880104689268215,4.019033997087166,-1.986734533513148,32455U
2025-06-29T12:08:39.038017,-2658.0662192196432,-44.375338147400996,6778.657151262564,-5.727156883513923,4.029201080937504,-2.4092380983586135,32455U
2025-06-29T12:09:39.038017,-2996.5575936988066,197.30992652376162,6621.59982647125,-5.552263761533459,4.024469715979951,-2.8247226665729084,32455U
2025-06-29T12:10:39.038017,-3323.9084016332667,438.26152022185477,6439.865029646948,-5.355879138920151,4.00472053472571,-3.2315619497634174,32455U
2025-06-29T12:11:39.038017,-3638.845179982178,677.5762992709117,6234.020196654583,-5.1385492712278324,3.9698904604828105,-3.628132545052082,32455U
2025-06-29T12:12:39.038017,-3940.130037363737,914.3490892939019,6004.7298540951815,-4.900914036937279,3.9199751729944383,-4.012821219530427,32455U
2025-06-29T12:13:39.038017,-4226.566284061646,1147.6762729763584,5752.7547792409805,-4.643707610455516,3.855031385224295,-4.384032682993346,32455U
2025-06-29T12:14:39.038017,-4497.004086068456,1376.65950721781,5478.950682993256,-4.367758555979652,3.77517888120906,-4.740197813666425,32455U
2025-06-29T12:15:39.038017,-4750.346107085818,1600.4095542396092,5184.266389948848,-4.073989275388097,3.6806022630012425,-5.079782287960988,32455U
2025-06-29T12:16:39.038017,-4985.553098452677,1818.0502080835388,4869.741492815687,-3.7634147477156494,3.5715523539556693,-5.401295551140973,32455U
2025-06-29T12:17:39.038017,-5201.64939330779,2028.7222947634848,4536.503462436624,-3.4371405043472256,3.448347206140697,-5.703300051573133,32455U
2025-06-29T12:18:39.038017,-5397.728258048685,2231.587721203409,4185.764199569154,-3.0963597928822364,3.311372661624475,-5.9844206474142565,32455U
2025-06-29T12:19:39.038017,-5572.957051466606,2425.8335450993154,3818.816020302593,-2.7423498936502306,3.1610824209011814,-6.243354081668165,32455U
2025-06-29T12:20:39.038017,-5726.582139959035,2610.6760350817567,3437.027073510714,-2.37646756597226,2.997997576834672,-6.478878410052696,32455U
2025-06-29T12:21:39.038017,-5857.933516074693,2785.36468812597,3041.836195952274,-2.0001436162493116,2.82270557920616,-6.689862256575958,32455U
2025-06-29T12:22:39.038017,-5966.429067455181,2949.1861691658687,2634.7472184062776,-1.6148765964895653,2.635858603184255,-6.875273764648123,32455U
2025-06-29T12:23:39.038017,-6051.5784440926955,3101.4681364089965,2217.3227444087374,-1.2222256595519359,2.438171304654138,-7.034189107400717,32455U
2025-06-29T12:24:39.038017,-6112.986473796159,3241.5829150106924,1791.1774315475548,-0.8238026156808584,2.2304179561365216,-7.1658004200329835,32455U
2025-06-29T12:25:39.038017,-6150.356078881004,3368.950981620237,1357.9708136544186,-0.4212632532671461,2.013428968721283,-7.2694230197296275,32455U
2025-06-29T12:26:39.038017,-6163.490651365413,3483.044222911161,919.3997103801969,-0.01629800458392115,1.7880868177046312,-7.344501785143046,32455U
2025-06-29T12:27:39.038017,-6152.29584932362,3583.3889325865835,477.1902782968073,0.3893779461320873,1.5553214020657469,-7.390616577615531,32455U
2025-06-29T12:28:39.038017,-6116.780783423236,3669.568513506531,33.08976461882114,0.7940350000552552,1.3161048801507713,-7.407486600076909,32455U
2025-06-29T12:29:39.038017,-6057.058569931381,3741.225854502426,-411.1419693766322,1.1959398019774428,1.0714460355102318,-7.394973606593148,32455U
2025-06-29T12:30:39.038017,-5973.346234443216,3798.065355064219,-853.7410833027133,1.5933660851751443,0.8223842373628678,-7.353083895399043,32455U
2025-06-29T12:31:39.038017,-5865.963959069521,3839.854575334721,-1292.9484755357773,1.9846055625245627,0.5699830692376074,-7.281969040340988,32455U
2025-06-29T12:32:39.038017,-5735.333674591374,3866.4254936172138,-1727.0185064768643,2.3679787207864376,0.31532370664434656,-7.181925339283916,32455U
2025-06-29T12:33:39.038017,-5581.977007915174,3877.675358771819,-2154.227649104607,2.7418453760221135,0.05949812987940156,-7.0533919824286535,32455U
2025-06-29T12:34:39.038017,-5406.512603794725,3873.5671303044596,-2572.8829897096984,3.1046148528466886,-0.19639773891253748,-6.896947967827478,32455U
2025-06-29T12:35:39.038017,-5209.652847996797,3854.1295044893186,-2981.330504191662,3.454755658489693,-0.45127088460707043,-6.713307814864821,32455U
2025-06-29T12:36:39.038017,-4992.200026653899,3819.4565303604095,-3377.9630392138492,3.790804534113091,-0.7040379457220372,-6.50331614831587,32455U
2025-06-29T12:37:39.038017,-4755.041963278771,3769.7068247114776,-3761.22793272306,4.11137478009484,-0.9536317744839675,-6.267941245110315,32455U
2025-06-29T12:38:39.038017,-4499.14718065502,3705.1024002197314,-4129.6342146583165,4.415163768471319,-1.1990077319399686,-6.008267652531608,32455U
2025-06-29T12:39:39.038017,-4225.559639451421,3625.9271253365505,-4481.759335892949,4.700959573829434,-1.439149647404603,-5.7254879998275845,32455U
2025-06-29T12:40:39.038017,-3935.393108855672,3532.524838566582,-4816.255381349985,4.9676466729959134,-1.6730753806782557,-5.420894134797494,32455U
2025-06-29T12:41:39.038017,-3629.8252267623525,3425.2971431105902,-5131.854731550327,5.2142106832127615,-1.8998419357044618,-5.095867722724584,32455U
2025-06-29T12:42:39.038017,-3310.0913080976225,3304.700910528012,-5427.375145353464,5.439742127472868,-2.1185500852557273,-4.751870447071465,32455U
2025-06-29T12:43:39.038017,-2977.477959763773,3171.245524056444,-5701.72424510958,5.643439233739462,-2.3283484774632033,-4.390433949811219,32455U
2025-06-29T12:44:39.038017,-2633.31655954347,3025.4898935131655,-5953.903393630581,5.824609791364895,-2.5284372061441283,-4.013149644448196,32455U
2025-06-29T12:45:39.038017,-2278.9766542237935,2868.039274321656,-6183.010960131741,5.982672102755406,-2.71807083759371,-3.6216585270895956,32455U
2025-06-29T12:46:39.038017,-1915.8593293230124,2699.54192319882,-6388.244979437965,6.117155080890704,-2.896560896491666,-3.2176411008496983,32455U
2025-06-29T12:47:39.038017,-1545.3905992853813,2520.6856224715093,-6568.90521516656,6.227697553504901,-3.0632778225795176,-2.8028075169467006,32455U
2025-06-29T12:48:39.038017,-1169.0148629932098,2332.194103931924,-6724.394643219149,6.3140468424920515,-3.2176524176174093,-2.3788880226262936,32455U
2025-06-29T12:49:39.038017,-788.1884650966863,2134.82340167652,-6854.220376683663,6.376056692428561,-3.35917680870127,-1.9476237920750445,32455U
2025-06-29T12:50:39.038017,-404.37339911616556,1929.3581615824373,-6957.994057157002,6.41368462511984,-3.4874049592606244,-1.5107582022713437,32455U
2025-06-29T12:51:39.038017,-19.031183663762917,1716.6079330437158,-7035.4317405629445,6.426988797961193,-3.6019527629619255,-1.0700286017254708,32455U
2025-06-29T12:52:39.038017,366.38306142320806,1497.4034663957268,-7086.353307799545,6.416124442893688,-3.702497758361508,-0.6271586066761221,32455U
2025-06-29T12:53:39.038017,750.4263166521264,1272.5930371710974,-7110.6814320659805,6.381339960112885,-3.7887785035773343,-0.18385094685264539,32455U
2025-06-29T12:54:39.038017,1131.6731239387282,1043.0388160229204,-7108.440135561981,6.322972736750189,-3.860593650600385,0.2582191283695829,32455U
2025-06-29T12:55:39.038017,1508.7207928555615,809.6133008667881,-7079.752968508798,6.241444755797431,-3.9178007582908694,0.6974098825548113,32455U
2025-06-29T12:56:39.038017,1880.1943413220956,573.1958255882613,-7024.840843190746,6.137258054878737,-3.960314881752558,1.1321185711957853,32455U
2025-06-29T12:57:39.038017,2244.7511632199976,334.66915756105794,-6944.019555050418,6.010990088363873,-3.9881069738130654,1.5607863818593741,32455U
2025-06-29T12:58:39.038017,2601.085418285117,94.9161942539393,-6837.697021867378,5.863289040008411,-4.001202131911895,1.9819028559162428,32455U
2025-06-29T12:59:39.038017,2947.9321421394593,-145.1832326108243,-6706.370270789132,5.694869127010854,-3.9996777209555483,2.394009816612808,32455U
2025-06-29T13:00:39.038017,3284.07107650427,-384.75543854552916,-6550.622201529276,5.506505930265347,-3.9836613997733923,2.795704831353769,32455U
2025-06-29T13:01:39.038017,3608.330221483621,-622.9358481238622,-6371.118152464978,5.299031779801003,-3.9533290758106054,3.1856442380682326,32455U
2025-06-29T13:02:39.038017,3919.589113364058,-858.8718331764436,-6168.602294701881,5.073331219030738,-3.9089028097214045,3.5625457665944564,32455U
2025-06-29T13:03:39.038017,4216.781832655842,-1091.7254245658191,-5943.893877474595,4.83033656655306,-3.850648688653944,3.925190786276776,32455U
2025-06-29T13:04:39.038017,4498.899748141263,-1320.6758957892002,-5697.883346545156,4.5710235898918175,-3.778874684303726,4.2724262105831015,32455U
2025-06-29T13:05:39.038017,4764.994003514134,-1544.9222175556865,-5431.528355581195,4.296407301736846,-3.693928509297075,4.603166088653698,32455U
2025-06-29T13:06:39.038017,5014.177753825861,-1763.685383260987,-5145.849688854752,4.007537885947481,-3.5961954831746685,4.916392912421691,32455U
2025-06-29T13:07:39.038017,5245.628159414046,-1976.210605941655,-4841.927112021551,3.7054967577809177,-3.4860964171903523,5.211158666408616,32455U
2025-06-29T13:08:39.038017,5458.588145310139,-2181.7693878511045,-4520.895166220352,3.391392760461764,-3.3640855253212956,5.486585645604748,32455U
2025-06-29T13:09:39.038017,5652.367934311338,-2379.6614642614013,-4183.938919289754,3.0663584982839507,-3.230648367298105,5.7418670650624914,32455U
2025-06-29T13:10:39.038017,5826.346361986542,-2569.216623477295,-3832.289686528043,2.7315468048695197,-3.0862998280898304,5.976267483041836,32455U
2025-06-29T13:11:39.038017,5979.971981874093,-2749.796405354202,-3467.2207321279197,2.3881273439565116,-2.931582137102838,6.189123057792055,32455U
2025-06-29T13:12:39.038017,6112.763969035068,-2920.795680849157,-3090.0429612006806,2.037283339096995,-2.7670629293510483,6.379841656373259,32455U
2025-06-29T13:13:39.038017,6224.31282995971,-3081.64411530943,-2702.1006111634074,1.680208427868725,-2.593333350006475,6.547902832339432,32455U
2025-06-29T13:14:39.038017,6314.280926596357,-3231.8075183247383,-2304.766950192726,1.3181036355913265,-2.4110062030171973,6.6928576876370345,32455U
2025-06-29T13:15:39.038017,6382.402821986495,-3370.789083036447,-1899.4399894561386,0.9521744630575837,-2.2207141438652602,6.814328632720829,32455U
2025-06-29T13:16:39.038017,6428.485454654934,-3498.1305178192315,-1487.5382149078403,0.583628082399709,-2.023107916005177,6.912009057653779,32455U
2025-06-29T13:17:39.038017,6452.408148524633,-3613.41307322826,-1070.4963435839752,0.21367063488364932,-1.818854630055979,6.985662925829676,32455U
2025-06-29T13:18:39.038017,6454.122464706452,-3716.258467041324,-649.7611085497821,-0.15649537586479553,-1.6086360843974838,7.0351243009242195,32455U
2025-06-29T13:19:39.038017,6433.651901058339,-3806.3297101236767,-226.78707593922445,-0.5256736019692559,-1.3931471254298518,7.0602968167263365,32455U
2025-06-29T13:20:39.038017,6391.0914449209195,-3883.3318357050634,196.96750311389582,-0.8926762877824181,-1.1730940453802645,7.061153098608775,32455U
2025-06-29T13:21:39.038017,6326.6069839204865,-3947.012534486175,620.044803426638,-1.2563266320477828,-0.9491930151701928,7.037734144545774,32455U
2025-06-29T13:22:39.038017,6240.4345791876585,-3997.162697787358,1040.9914978744412,-1.6154610833475762,-0.7221685494820651,6.990148672754629,32455U
2025-06-29T13:23:39.038017,6132.879604777036,-4033.616870716013,1458.3627893539328,-1.9689315767455522,-0.4927520007818826,6.918572442206643,32455U
2025-06-29T13:24:39.038017,6004.315756489172,-4056.2536170654566,1870.7264016590375,-2.315607719863823,-0.261680078651398,6.823247551399458,32455U
2025-06-29T13:25:39.038017,5855.183932698365,-4064.9957973649707,2276.666528601184,-2.6543789369666007,-0.02969339036815966,6.704481719886598,32455U
2025-06-29T13:26:39.038017,5685.99098917885,-4059.810761182609,2674.7877409070584,-2.98415657996961,0.20246500176622068,6.562647556099791,32455U
2025-06-29T13:27:39.038017,5497.308369301746,-4040.7104544394033,3063.7188505469385,-3.303876015632432,0.43405101130319906,6.3981818139551265,32455U
2025-06-29T13:28:39.038017,5289.7706103529645,-4007.7514421276114,3442.116732178713,-3.6124986985069367,0.6643209521481623,6.211584639588999,32455U
2025-06-29T13:29:39.038017,5064.0737260951155,-3961.034846438394,3808.6701013465768,-3.909014239501894,0.8925329625804943,6.003418808301206,32455U
2025-06-29T13:30:39.038017,4820.973465078802,-3900.706199898198,4162.103248926674,-4.192442480145278,1.1179484351581719,5.77430895038173,32455U
2025-06-29T13:31:39.038017,4561.283443595393,-3826.955212689033,4501.179731079422,-4.461835582773979,1.339833459335083,5.524940762944006,32455U
2025-06-29T13:32:39.038017,4285.873151569209,-3740.015452889728,4824.7060136301425,-4.716280146915376,1.5574602840520744,5.256060203176639,32455U
2025-06-29T13:33:39.038017,3995.6658291141107,-3640.1639379254225,5131.535069359937,-4.954899362023114,1.7701088079539986,4.968472656547588,32455U
2025-06-29T13:34:39.038017,3691.636210935771,-3527.7206350538268,5420.569926140928,-5.176855206455787,1.9770681052140022,4.663042071447556,32455U
2025-06-29T13:35:39.038017,3374.8081352583936,-3403.0478682550456,5690.767163185378,-5.381350702101853,2.1776379951881544,4.340690049549512,32455U
2025-06-29T13:36:39.038017,3046.2520135023883,-3266.549628430973,5941.1403518946945,-5.567632233321193,2.371130664253685,4.002394878798019,32455U
2025-06-29T13:37:39.038017,2707.0821565479005,-3118.670783366346,6170.7634368879535,-5.734991937852504,2.5568723481743203,3.6491904934429567,32455U
2025-06-29T13:38:39.038017,2358.453953108727,-2959.8961834664165,6378.774051750921,-5.8827701759812,2.734205083151268,3.282165342932483,32455U
2025-06-29T13:39:39.038017,2001.5608955181876,-2790.749658870653,6564.376762880778,-6.01035808254016,2.9024885333300277,2.9024611488092917,32455U
2025-06-29T13:40:39.038017,1637.631448123439,-2611.792903163628,6726.846233498223,-6.117200204180414,3.061101901898866,2.5112715260770466,32455U
2025-06-29T13:41:39.038017,1267.9257535051938,-2423.6242385706023,6865.530298466641,-6.202797221773433,3.209445932006232,2.109840442872741,32455U
2025-06-29T13:42:39.038017,893.7321719202729,-2226.877257255359,6979.852938994699,-6.266708754759073,3.3469450024991416,1.6994604897870373,32455U
2025-06-29T13:43:39.038017,516.3636497167017,-2022.2193331426479,7069.317144617395,-6.308556240720772,3.4730493219167085,1.2814709278996603,32455U
2025-06-29T13:44:39.038017,137.15391303178637,-1810.349998590585,7133.507648058459,-6.328025879443894,3.5872372222277984,0.857255482659795,32455U
2025-06-29T13:45:39.038017,-242.54651613042236,-1591.9991802548589,7172.093516696272,-6.324871626208777,3.689017551462726,0.42823984925315356,32455U
2025-06-29T13:46:39.038017,-621.374483301572,-1367.9252886415377,7184.83058240728,-6.29891821411641,3.7779321616374464,-0.0041111258033124185,32455U
2025-06-29T13:47:39.038017,-997.9585449707029,-1138.9131561576057,7171.563689579619,-6.250064179895316,3.85355848520886,-0.4382966222788121,32455U
2025-06-29T13:48:39.038017,-1370.9234909384056,-905.771818964943,7132.228739112486,-6.178284861971926,3.9155121897385303,-0.8727834178066026,32455U
2025-06-29T13:49:39.038017,-1738.8950425732269,-669.3321386432118,7066.854504293539,-6.083635333710144,3.9634498965128624,-1.3060098864721303,32455U
2025-06-29T13:50:39.038017,-2100.5047216589214,-430.44426059581804,6975.56419263373,-5.966253228774913,3.997071944616821,-1.7363904546114288,32455U
2025-06-29T13:51:39.038017,-2454.394881906201,-189.97490730402845,6858.576726101544,-5.826361409714262,4.016125177458009,-2.1623205399091585,32455U
2025-06-29T13:52:39.038017,-2799.2238922455517,51.19549402961113,6716.2077108107205,-5.664270425280808,4.020405724078346,-2.5821819944029576,32455U
2025-06-29T13:53:39.038017,-3133.671457744869,292.1758482028805,6548.870066157032,-5.48038069694534,4.009761742891582,-2.994349065093678,32455U
2025-06-29T13:54:39.038017,-3456.4440604281062,532.0675898738427,6357.0742827555805,-5.275184370735467,3.9840960908828973,-3.397194877498615,32455U
2025-06-29T13:55:39.038017,-3766.2804984530253,769.9680370800618,6141.428278389793,-5.049266767217916,3.9433688769641,-3.7890984376953245,32455U
2025-06-29T13:56:39.038017,-4061.9574981011474,1004.9738924317289,5902.636821630979,-4.8033073603940935,3.887599854271208,-4.1684521372804175,32455U
2025-06-29T13:57:39.038017,-4342.295368909378,1236.1848812535154,5641.500493909877,-4.538080215754708,3.8168706029118504,-4.533669733354183,32455U
2025-06-29T13:58:39.038017,-4606.16366812935,1462.7075130184624,5358.914162690881,-4.254453818976621,3.7313264522148013,-4.883194762369808,32455U
2025-06-29T13:59:39.038017,-4852.486836644553,1683.658949342916,5055.864941075875,-3.953390229949366,3.631178090095874,-5.215509332749428,32455U
2025-06-29T14:00:39.038017,-5080.249764624522,1898.1709586551463,4733.429612695016,-3.635943502151299,3.5167028069193913,-5.5291432269283565,32455U
2025-06-29T14:01:39.038017,-5288.503241690657,2105.3939344910214,4392.771505140036,-3.3032573149474067,3.3882453223594,-5.822683229381156,32455U
2025-06-29T14:02:39.038017,-5476.369243343042,2304.5009512902307,4035.1368004587357,-2.9565617761758918,3.2462181463803943,-6.094782583681422,32455U
2025-06-29T14:03:39.038017,-5643.046002997869,2494.6918286623572,3661.8502773150963,-2.597169364358828,3.0911014296451733,-6.344170469272327,32455U
2025-06-29T14:04:39.038017,-5787.812817346999,2675.197172463435,3274.3104862561445,-2.22646999384962,2.9234422644487905,-6.569661377907772,32455U
2025-06-29T14:05:39.038017,-5910.034532001871,2845.2823587719527,2873.984367005787,-1.84592520195393,2.743853404639953,-6.770164261188868,32455U
2025-06-29T14:06:39.038017,-6009.165654634228,3004.251425080275,2462.4013246827126,-1.457061474165497,2.5530113818252422,-6.944691314758732,32455U
2025-06-29T14:07:39.038017,-6084.754044158881,3151.4508318155413,2041.1467901383296,-1.0614627416900961,2.3516540052873314,-7.092366261956574,32455U
2025-06-29T14:08:39.038017,-6136.444126973642,3286.2730567525855,1611.8552980327825,-0.6607621038610519,2.1405772442502538,-7.212432000406059,32455U
2025-06-29T14:09:39.038017,-6163.979594897162,3408.1599850497414,1176.2031245778242,-0.2566328462765962,1.92063150308782,-7.3042574793506425,32455U
2025-06-29T14:10:39.038017,-6167.205544202326,3516.606058566096,735.900534846336,0.14922115710456765,1.6927173124450547,-7.367343683633112,32455U
2025-06-29T14:11:39.038017,-6146.070020967982,3611.161149827854,292.6836969296608,0.5550755537286097,1.4577804716293008,-7.401328611990311,32455U
2025-06-29T14:12:39.038017,-6100.624944756606,3691.433128493968,-151.69367321591199,0.9591960160151113,1.216806689611939,-7.40599115257722,32455U
2025-06-29T14:13:39.038017,-6031.026390223398,3757.0900913917794,-595.4688668722296,1.3598490094156515,0.9708157831415155,-7.38125377697526,32455U
2025-06-29T14:14:39.038017,-5937.5342144911965,3807.8622310868864,-1036.8788639572613,1.7553126874790421,0.7208555004028521,-7.327183994862502,32455U
2025-06-29T14:15:39.038017,-5820.511026772908,3843.543322430757,-1474.169064155568,2.1438877717152445,0.4679950469941233,-7.243994534388459,32455U
2025-06-29T14:16:39.038017,-5680.420505560342,3863.991811477693,-1905.6019897862761,2.5239082729756412,0.213318397435569,-7.132042237368952,32455U
2025-06-29T14:17:39.038017,-5517.825077480306,3869.1314964521416,-2329.4658825310466,2.893751913733414,-0.042082520276862746,-6.9918256829002505,32455U
2025-06-29T14:18:39.038017,-5333.382980411098,3858.9517959296336,-2744.083117783477,3.2518501169469345,-0.2971146775339467,-6.8239815770705405,32455U
2025-06-29T14:19:39.038017,-5127.844741416643,3833.5076049221307,-3147.8183635186742,3.59669743691768,-0.5506907461734111,-6.629279969314627,32455U
2025-06-29T14:20:39.038017,-4902.0491072947025,3792.9187449782435,-3539.0864150720345,3.926860320308266,-0.801735761121884,-6.408618376879844,32455U
2025-06-29T14:21:39.038017,-4656.918471861792,3737.369019577997,-3916.3596429391323,4.24098510080661,-1.0491935627693387,-6.163014917189088,32455U
2025-06-29T14:22:39.038017,-4393.453849376103,3667.104890889848,-4278.174997449991,4.5378051482097455,-1.2920329439254197,-5.893600563078842,32455U
2025-06-29T14:23:39.038017,-4112.729447632654,3582.433798252276,-4623.140521715068,4.8161471113197045,-1.5292534345482875,-5.601610647574604,32455U
2025-06-29T14:24:39.038017,-3815.886897192823,3483.7221424526647,-4949.941332356313,5.074936213333191,-1.7598906670794434,-5.288375752813408,32455U
2025-06-29T14:25:39.038017,-3504.129194932384,3371.3929629399986,-5257.345035965523,5.313200577693919,-1.9830212757732306,-4.955312121879314,32455U
2025-06-29T14:26:39.038017,-3178.714420633886,3245.923337484621,-5544.20655774703,5.530074581050063,-2.197767294489632,-4.603911732767724,32455U
2025-06-29T14:27:39.038017,-2840.949284783871,3107.841535476584,-5809.472367170452,5.724801247456411,-2.4033000286298316,-4.235732170674432,32455U
2025-06-29T14:28:39.038017,-2492.1825641701116,2957.723957048915,-6052.184093476619,5.896733713809709,-2.5988433878668453,-3.852386428674668,32455U
2025-06-29T14:29:39.038017,-2133.798479425306,2796.191890553123,-6271.481531383489,6.045335810346597,-2.783676676737321,-3.455532758051197,32455U
2025-06-29T14:30:39.038017,-1767.2100654885414,2623.9081206599362,-6466.6050441774005,6.1701818116000275,-2.9571368497289643,-3.04686467857551,32455U
2025-06-29T14:31:39.038017,-1393.8525821951469,2441.5734185708884,-6636.897377456817,6.270955422365612,-3.1186202460115906,-2.6281012464757922,32455U
2025-06-29T14:32:39.038017,-1015.1770080257702,2249.922944587141,-6781.804902047261,6.347448069931151,-3.2675838262552186,-2.2009776642041343,32455U
2025-06-29T14:33:39.038017,-632.6436555838523,2049.7225916681837,-6900.8783090022935,6.399556578135995,-3.403545939971273,-1.7672363019632231,32455U
2025-06-29T14:34:39.038017,-247.71594278070637,1841.7652967146728,-6993.772783140751,6.427280300890354,-3.526086656464014,-1.3286181867745903,32455U
2025-06-29T14:35:39.038017,138.14565089854622,1626.867344201963,-7060.247684277416,6.430717792813772,-3.6348476958158917,-0.8868550010846528,32455U
2025-06-29T14:36:39.038017,523.4894181805532,1405.8646845550577,-7100.1657672291985,6.410063092901659,-3.729531998418235,-0.44366161988258546,32455U
2025-06-29T14:37:39.038017,906.8780272935567,1179.6092873583334,-7113.4919728894,6.365601693891672,-3.8099029725027997,-0.0007292033254947689,32455U
2025-06-29T14:38:39.038017,1286.8938782831433,948.9655471935496,-7100.291823236792,6.2977062655784755,-3.8757834590640687,0.4402811488651463,32455U
2025-06-29T14:39:39.038017,1662.144199634001,714.806757652266,-7060.729453166836,6.206832195019738,-3.9270544526326123,0.8777441843160589,32455U
2025-06-29T14:40:39.038017,2031.265875906398,478.0116669068062,-6995.065311587642,6.093513000673217,-3.9636536147278387,1.3100757372153233,32455U
2025-06-29T14:41:39.038017,2392.9300001671018,239.46112618395884,-6903.653563396107,5.958355671267852,-3.985573614638398,1.735737437284332,32455U
2025-06-29T14:42:39.038017,2745.8461477093347,0.0348405863846279,-6786.93922282082,5.8020359738720835,-3.9928603296023595,2.1532409110459607,32455U
2025-06-29T14:43:39.038017,3088.7663699217237,-239.3917700384171,-6645.455047261177,5.625293769374997,-3.985610933626722,2.561151501709585,32455U
2025-06-29T14:44:39.038017,3420.4889091981227,-477.9505940663454,-6479.818219231254,5.428928367597881,-3.963971901219348,2.9580915366023226,32455U
2025-06-29T14:45:39.038017,3739.8616374975513,-714.783730209062,-6290.726842389236,5.2137939486260345,-3.9281369493128198,3.342743172647603,32455U
2025-06-29T14:46:39.038017,4045.785222595991,-949.0462653432614,-6078.956275944886,4.9807950717767975,-3.878344937724558,3.713850851081528,32455U
2025-06-29T14:47:39.038017,4337.216027240142,-1179.9089257424082,-5845.355330029027,4.7308822889545175,-3.8148777456904357,4.070223392548903,32455U
2025-06-29T14:48:39.038017,4613.168747352799,-1406.560600370052,-5590.842342908121,4.4650478750081595,-3.7380581393788086,4.410735763089813,32455U
2025-06-29T14:49:39.038017,4872.718796168996,-1628.2107357334444,-5316.401159260748,4.1843216841076645,-3.64824764287318,4.734330540442042,32455U
2025-06-29T14:50:39.038017,5115.004441735281,-1844.091602518428,-5023.077027113332,3.8897671380682772,-3.545844422922748,5.040019108678113,32455U
2025-06-29T14:51:39.038017,5339.228705595269,-2053.4604348363264,-4711.972429478611,3.582477349952833,-3.4312811958101888,5.326882607566195,32455U
2025-06-29T14:52:39.038017,5544.661030743569,-2255.6014434273657,-4384.24286525245,3.2635713841217493,-3.305023162969417,5.594072661294647,32455U
2025-06-29T14:53:39.038017,5730.638727068749,-2449.827704589624,-4041.0925925121164,2.934190652134688,-3.167565980494443,5.840811909398784,32455U
2025-06-29T14:54:39.038017,5896.568202540568,-2635.482926944739,-3683.7703460260345,2.595495442488791,-3.0194337663979818,6.066394360935467,32455U
2025-06-29T14:55:39.038017,6041.925988347717,-2811.943098427065,-3313.56503952158,2.248661581042461,-2.8611771483806843,6.270185591219547,32455U
2025-06-29T14:56:39.038017,6166.259566058734,-2978.6180160866224,-2931.801462082204,1.8948772180904863,-2.6933713539446003,6.451622798782324,32455U
2025-06-29T14:57:39.038017,6269.1880046854685,-3134.9527014492273,-2539.835976930474,1.5353397373527098,-2.5166143438929716,6.610214738675839,32455U
2025-06-29T14:58:39.038017,6350.402415268064,-3280.428704268133,-2139.052229829377,1.1712527816012765,-2.3315249895925487,6.74554154681648,32455U
2025-06-29T14:59:39.038017,6409.666230293462,-3414.565297550935,-1730.8568733670297,0.8038233892123963,-2.1387412937983017,6.8572544687589625,32455U
2025-06-29T15:00:39.038017,6446.815314900741,-3536.9205667432375,-1316.6753125073378,0.434259235581244,-1.9389186543449066,6.94507550509588,32455U
2025-06-29T15:01:39.038017,6461.757916428538,-3647.092395910338,-897.9474759689053,0.0637659730351304,-1.7327281695666268,7.008796984590357,32455U
2025-06-29T15:02:39.038017,6454.474458422909,-3744.719353676274,-476.12361724671626,-0.3064553373920499,-1.5208549839038745,7.048281075149266,32455U
2025-06-29T15:03:39.038017,6425.017184753155,-3829.4814815604154,-52.66014841679531,-0.675210709219568,-1.303996671777943,7.06345924181706,32455U
2025-06-29T15:04:39.038017,6373.509658982124,-3901.1009871995975,370.98449074742126,-1.0413156359766684,-1.0828616574460408,7.054331660097654,32455U
2025-06-29T15:05:39.038017,6300.146123609764,-3959.3428447553792,793.3539263508135,-1.4035974262908992,-0.8581676681849326,7.020966592071454,32455U
2025-06-29T15:06:39.038017,6205.190723256754,-4004.01530458914,1212.9979051146963,-1.760897476336097,-0.6306402177778111,6.963499731947508,32455U
2025-06-29T15:07:39.038017,6088.976595283009,-4034.9703140390934,1628.4763091390973,-2.1120734876778426,-0.4010111168933786,6.882133526854481,32455U
2025-06-29T15:08:39.038017,5951.904830746785,-4052.1038508573006,2038.3631298672678,-2.4560016388795898,-0.17001700654398164,6.777136477807519,32455U
2025-06-29T15:09:39.038017,5794.4433080065155,-4055.3561705619536,2441.2504006712156,-2.791578719569489,0.061602089611779466,6.648842424870345,32455U
2025-06-29T15:10:39.038017,5617.1254006535955,-4044.7119686320475,2835.7520876396065,-3.117724236007008,0.29310419879675215,6.497649819541787,32455U
2025-06-29T15:11:39.038017,5420.548560845176,-4020.2004581196,3220.507938225917,-3.433382497513676,0.5237468236016329,6.324020986315776,32455U
2025-06-29T15:12:39.038017,5205.372778481147,-3981.8953628811837,3594.1872874142227,-3.73752469343837,0.7527883630277822,6.128481374171557,32455U
2025-06-29T15:13:39.038017,4972.318916049753,-3929.914826236298,3955.492820962926,-4.029150970582503,0.9794895361528705,5.911618797434425,32455U
2025-06-29T15:14:39.038017,4722.166918348666,-3864.421234447623,4303.164295106529,-4.307292521206579,1.2031148149545074,5.674082663985231,32455U
2025-06-29T15:15:39.038017,4455.75389568957,-3785.6209539903994,4635.982211807405,-4.571013691834839,1.4229338732710093,5.416583187186802,32455U
2025-06-29T15:16:39.038017,4173.972078604674,-3693.7639811358536,4952.771448275104,-4.819414123061433,1.6382230592994202,5.139890576114298,32455U
2025-06-29T15:17:39.038017,3877.7666415185226,-3589.143501922177,5252.404838976432,-5.051630930384694,1.848266899392235,4.844834196734975,32455U
2025-06-29T15:18:39.038017,3568.13339232265,-3472.095360128202,5533.806707762446,-5.266840935738216,2.0523596412093346,4.532301694569906,32455U
2025-06-29T15:19:39.038017,3246.116324309282,-3342.9974304046555,5795.956347023043,-5.4642629588023786,2.2498068444795294,4.203238067096728,32455U
2025-06-29T15:20:39.038017,2912.8050264960916,-3202.2688932617993,6037.891439941293,-5.643160176328067,2.4399270276996496,3.8586446717343943,32455U
2025-06-29T15:21:39.038017,2569.331948017887,-3050.3694081668345,6258.711420956345,-5.802842556546322,2.6220533790197464,3.499578152709049,32455U
2025-06-29T15:22:39.038017,2216.8695119869767,-2887.7981805766904,6457.58076845104,-5.942669374232171,2.7955355392978456,3.127149267467063,32455U
2025-06-29T15:23:39.038017,1856.6270740538164,-2715.092918334031,6633.732222453349,-6.062051810095061,2.9597414648203038,2.7425215906266214,32455U
2025-06-29T15:24:39.038017,1489.8477208457775,-2532.8286724940804,6786.469918783384,-6.16045563584992,3.1140593764410376,2.346910070793652,32455U
2025-06-29T15:25:39.038017,1117.8049035527,-2341.616557344343,6915.172429587251,-6.237403983546347,3.2578998008563116,1.9415794129901618,32455U
2025-06-29T15:26:39.038017,741.7989021793395,-2142.1023441396774,7019.295698585061,-6.292480194479215,3.390697708369798,1.527842257031065,32455U
2025-06-29T15:27:39.038017,363.1531164275385,-1934.9649229215095,7098.375857629433,-6.3253307392572475,3.511914749781333,1.1070571200450883,32455U
2025-06-29T15:28:39.038017,-16.7898201720679,-1720.914626740031,7152.031909338628,-6.335668196370419,3.621041592927545,0.680626069577437,32455U
2025-06-29T15:29:39.038017,-396.6721053657359,-1500.691412670023,7179.968258656865,-6.323274271891172,3.7176003568959604,0.24999209245713597,32455U
2025-06-29T15:30:39.038017,-775.1250138391651,-1275.0628942332164,7181.977074227375,-6.288002837808055,3.8011471390128726,-0.1833638759901984,32455U
2025-06-29T15:31:39.038017,-1150.7733233091476,-1044.8222202254717,7157.940458480608,-6.229782960988404,3.8712746263800057,-0.6179262976309051,32455U
2025-06-29T15:32:39.038017,-1522.2399191500847,-810.7857955286204,7107.8324033802655,-6.148621888988162,3.92761478001866,-1.0521487862480376,32455U
2025-06-29T15:33:39.038017,-1888.1505735702815,-573.7908402807965,7031.720506887947,-6.044607952993183,3.9698415756131546,-1.4844583032576273,32455U
2025-06-29T15:34:39.038017,-2247.1388929268596,-334.6927848062267,6929.767423462414,-5.917913342233555,3.9976737804861866,-1.913259822993089,32455U
2025-06-29T15:35:39.038017,-2597.851423997686,-94.36249898776929,6802.232020371439,-5.768796698442087,4.010877741863813,-2.336941491436878,32455U
2025-06-29T15:36:39.038017,-2938.952906931364,146.31664368860996,6649.47021033931,-5.5976054735345615,4.009270156802814,-2.7538802961872606,32455U
2025-06-29T15:37:39.038017,-3269.1316591844375,386.4518653666153,6471.93543016468,-5.404777988905219,3.992720789483235,-3.1624482579056536,32455U
2025-06-29T15:38:39.038017,-3587.1050710718487,625.1442421865873,6270.178734505945,-5.1908451308033134,3.961155097062355,-3.5610191445047787,32455U
2025-06-29T15:39:39.038017,-3891.625189638905,861.492115280288,6044.848474138501,-4.956431613451635,3.9145567211119014,-3.947975698945646,32455U
2025-06-29T15:40:39.038017,-4181.48436349599,1094.5946452849037,5796.689528716635,-4.702256740138669,3.8529697980011437,-4.3217173598511,32455U
2025-06-29T15:41:39.038017,-4455.520917102348,1323.5554984417724,5526.542065513735,-4.4291345927242105,3.7765010386398936,-4.680668441371451,32455U
2025-06-29T15:42:39.038017,-4712.624818860057,1547.48664935072,5235.339797828521,-4.137973582062333,3.685321525953004,-5.023286725130827,32455U
2025-06-29T15:43:39.038017,-4951.7433033921525,1765.5122823393667,4924.107719786539,-3.8297752959538944,3.579668177511622,-5.348072402960606,32455U
2025-06-29T15:44:39.038017,-5171.8864046497165,1976.7727702395725,4593.959298178893,-3.505632587536528,3.4598448210743555,-5.653577294872244,32455U
2025-06-29T15:45:39.038017,-5372.132353177274,2180.428706235498,4246.093106753105,-3.1667268555492556,3.326222832535197,-5.938414252813743,32455U
2025-06-29T15:46:39.038017,-5551.632788083599,2375.6649614307457,3881.788894006046,-2.814324478677544,3.1792412890519026,-6.201266647661501,32455U
2025-06-29T15:47:39.038017,-5709.617732176828,2561.6947379891526,3502.403081951388,-2.4497723790628743,3.0194065949932787,-6.440897825174893,32455U
2025-06-29T15:48:39.038017,-5845.400277449643,2737.763585226257,3109.3637004697807,-2.074492704855288,2.847291544806132,-6.65616040679997,32455U
2025-06-29T15:49:39.038017,-5958.380927769085,2903.153343971205,2704.1647695695706,-1.68997663808492,2.66353379489951,-6.846005303772229,32455U
2025-06-29T15:50:39.038017,-6048.051546335672,3057.1859829823725,2288.3601500271648,-1.2977773517198685,2.46883372604513,-7.009490308403849,32455U
2025-06-29T15:51:39.038017,-6113.998857295612,3199.2272902651757,1863.55689126594,-0.89950215808651,2.2639516884056925,-7.1457881251324,32455U
2025-06-29T15:52:39.038017,-6155.907453865718,3328.6903818935484,1431.4081137299356,-0.4968039092664115,2.0497046328495445,-7.2541937061606125,32455U
2025-06-29T15:53:39.038017,-6173.562269452821,3445.038991420545,993.6054712153282,-0.09137172807141676,1.8269621443814341,-7.33413076248065,32455U
2025-06-29T15:54:39.038017,-6166.850473487166,3547.7905042243506,551.8712463660155,0.31507883492917527,1.5966419059273929,-7.385157330790855,32455U
2025-06-29T15:55:39.038017,-6135.762759952622,3636.5187031748983,107.95013959330363,0.7208161077121746,1.3597046329571167,-7.406970290139694,32455U
2025-06-29T15:56:39.038017,-6080.394003762786,3710.856194803027,-336.3991821736249,1.1241029429829015,1.1171485310957738,-7.399408738785929,32455U
2025-06-29T15:57:39.038017,-6000.943268037731,3770.4964886690545,-779.4127055020782,1.523207570810294,0.8700033395348544,-7.362456161313301,32455U
2025-06-29T15:58:39.038017,-5897.713153784999,3815.195706774216,-1219.329784112296,1.9164145175555447,0.6193240323317407,-7.296241337902454,32455U
2025-06-29T15:59:39.038017,-5771.108492258738,3844.7739045461476,-1654.401868779236,2.30203544777172,0.3661842572307028,-7.20103797116255,32455U
2025-06-29T16:00:39.038017,-5621.634389125617,3859.1159900312514,-2082.9011753222744,2.678419786300283,0.1116695971733588,-7.077263030290021,32455U
2025-06-29T16:01:39.038017,-5449.893638263895,3858.172233306462,-2503.129213305627,3.0439649820535104,-0.14312925700187862,-6.925473836742747,32455U
2025-06-29T16:02:39.038017,-5256.583531323131,3841.9583636333305,-2913.4251003765376,3.397126282807708,-0.39712333315658793,-6.746363939277246,32455U
2025-06-29T16:03:39.038017,-5042.492096857767,3810.5552573656846,-3312.173590908646,3.736425901437719,-0.6492321155378746,-6.540757848315136,32455U
2025-06-29T16:04:39.038017,-4808.493809718105,3764.1082249414108,-3697.812752673944,4.06046146798036,-0.8983901088965921,-6.309604719473115,32455U
2025-06-29T16:05:39.038017,-4555.54481728002,3702.825910299651,-4068.8412314545244,4.367913678180015,-1.1435531499963825,-6.053971093113025,32455U
2025-06-29T16:06:39.038017,-4284.6777338909515,3626.9788206445264,-4423.825050631982,4.657553067143804,-1.3837043949044492,-5.7750328104736335,32455U
2025-06-29T16:07:39.038017,-3996.996058529737,3536.897508521902,-4761.403900617349,4.928245855750312,-1.6178599193828989,-5.474066237023052,32455U
2025-06-29T16:08:39.038017,-3693.668273086329,3432.9704316084835,-5080.296881267975,5.178958836848051,-1.8450738797617938,-5.152438929966721,32455U
2025-06-29T16:09:39.038017,-3375.9216798703756,3315.641518378103,-5379.307668940134,5.40876328740268,-2.0644431924858555,-4.811599889362623,32455U
2025-06-29T16:10:39.038017,-3045.036037012963,3185.4074698842674,-5657.3290883018735,5.616837910998702,-2.2751117016844877,-4.453069531198016,32455U
2025-06-29T16:11:39.038017,-2702.33704940766,3042.8148292756464,-5913.347077277056,5.802470831961356,-2.4762738152471915,-4.078429516347727,32455U
2025-06-29T16:12:39.038017,-2349.1897708720276,2888.456851369468,-6146.444041304085,5.965060677397896,-2.6671776006326535,-3.689312561974193,32455U
2025-06-29T16:13:39.038017,-1986.9919704246358,2722.970204685524,-6355.801600324411,6.104116796353548,-2.8471273417010137,-3.287392352113166,32455U
2025-06-29T16:14:39.038017,-1617.1675121201217,2547.031537852373,-6540.702738437048,6.219258675822772,-3.0154855669780223,-2.8743736524531234,32455U
2025-06-29T16:15:39.038017,-1241.1597939179333,2361.3539413078506,-6700.533371882551,6.31021462145592,-3.171674567748635,-2.451982721211032,32455U
2025-06-29T16:16:39.038017,-860.4252867352143,2166.68333380896,-6834.7833559006585,6.376819776460226,-3.315177431106693,-2.021958094081969,32455U
2025-06-29T16:17:39.038017,-476.42721029691944,1963.7948015243878,-6943.046955024354,6.419013555512623,-3.4455386184911045,-1.5860418070116706,32455U
2025-06-29T16:18:39.038017,-90.62937777485229,1753.488915487184,-7025.0228045434005,6.436836571654149,-3.5623641243126967,-1.1459711064707692,32455U
2025-06-29T16:19:39.038017,295.50976336853074,1536.588051020125,-7080.513393226041,6.430427133354992,-3.6653212520566165,-0.7034706834121096,32455U
2025-06-29T16:20:39.038017,680.5428713583779,1313.9327304796025,-7109.424098991116,6.400017386502131,-3.7541380468235124,-0.26024545448371783,32455U
2025-06-29T16:21:39.038017,1063.0392121578773,1086.3780083638346,-7111.761810142805,6.345929172264346,-3.82860242376346,0.1820260973929799,32455U
2025-06-29T16:22:39.038017,1441.589908782928,854.7899155541437,-7087.633165099415,6.268569666937367,-3.888561031399704,0.6216980211134463,32455U
2025-06-29T16:23:39.038017,1814.812926697767,620.0419772463924,-7037.242443351292,6.168426864261742,-3.9339178875904506,1.057162440914118,32455U
2025-06-29T16:24:39.038017,2181.3577873837958,383.01181702294707,-6960.889139757161,6.046064954615491,-3.964632823991547,1.4868545593754408,32455U
2025-06-29T16:25:39.038017,2539.910005090662,144.57785753961812,-6858.965253316415,5.902119649163698,-3.9807197725177033,1.9092571398024765,32455U
2025-06-29T16:26:39.038017,2889.195244346767,-94.38387353089233,-6731.9523203129875,5.737293490711044,-3.982244924601216,2.3229044923894575,32455U
2025-06-29T16:27:39.038017,3227.98319801773,-333.00282532478053,-6580.418220287532,5.552351186836407,-3.969324791145471,2.7263859918201203,32455U
2025-06-29T16:28:39.038017,3555.091187600869,-570.4168879230566,-6405.013781715174,5.3481149950236135,-3.942124188084539,3.1183491561005576,32455U
2025-06-29T16:29:39.038017,3869.3874890269026,-805.7752346845214,-6206.469212604667,5.125460184054053,-3.9008541694853145,3.497502317578375,32455U
2025-06-29T16:30:39.038017,4169.794388556574,-1038.2410398601567,-5985.590379528814,4.885310590956702,-3.8457699272443286,3.862616917450119,32455U
2025-06-29T16:31:39.038017,4455.290974421523,-1266.994069619932,-5743.2549568852755,4.628634288365977,-3.7771686736979895,4.212529454730223,32455U
2025-06-29T16:32:39.038017,4724.915670700849,-1491.2331455335307,-5480.408466496602,4.356439373228452,-3.6953875209251117,4.546143119801171,32455U
2025-06-29T16:33:39.038017,4977.7685205729,-1710.1784803316345,-5198.060226007809,4.069769884417991,-3.600801368201199,4.862429141417727,32455U
2025-06-29T16:34:39.038017,5213.013226555877,-1923.0738864411412,-4897.279222948735,3.7697018539456324,-3.493820806980208,5.160427874509463,32455U
2025-06-29T16:35:39.038017,5429.878955681332,-2129.1888583540726,-4579.189929799307,3.4573394940410638,-3.3748900509322515,5.4392496544274715,32455U
2025-06-29T16:36:39.038017,5627.661917742245,-2327.820530357727,-4244.96807394399,3.1338115204017116,-3.244484896950563,5.698075441486764,32455U
2025-06-29T16:37:39.038017,5805.726724847586,-2518.2955115406694,-3895.836375021703,2.800267610293499,-3.1031107216431204,5.936157277844751,32455U
2025-06-29T16:38:39.038017,5963.507540507805,-2699.971600297771,-3533.0602608772683,2.4578749928997716,-2.9513005166263313,6.152818576974393,32455U
2025-06-29T16:39:39.038017,6100.509026383767,-2872.2393807972926,-3157.943572099479,2.1078151682992363,-2.789612964920279,6.34745426427886,32455U
2025-06-29T16:40:39.038017,6216.307094670977,-3034.523704054482,-2771.8242639793607,1.7512807506526538,-2.6186305598794353,6.519530785785285,32455U
2025-06-29T16:41:39.038017,6310.549473860755,-3186.2850563751513,-2376.070113657869,1.389472430563865,-2.4389577673644824,6.668586000350948,32455U
2025-06-29T16:42:39.038017,6382.956095339503,-3327.0208180069576,-1972.0744392295526,1.0235960510895061,-2.251219231236766,6.794228969438462,32455U
2025-06-29T16:43:39.038017,6433.319307952961,-3456.266414858993,-1561.2518366453105,0.6548597914855635,-2.056058021722845,6.8961396572530616,32455U
2025-06-29T16:44:39.038017,6461.5039272845615,-3573.5963661297187,-1145.0339394068715,0.28447145246107913,-1.8541339257303748,6.974068552882853,32455U
2025-06-29T16:45:39.038017,6467.447125980595,-3678.6252306243223,-724.8652052581408,-0.08636416357359653,-1.6461217777756698,7.0278362250323845,32455U
2025-06-29T16:46:39.038017,6451.158171000955,-3771.008454442215,-302.19873337088194,-0.4564477840303921,-1.4327098297993797,7.057332818969682,32455U
2025-06-29T16:47:39.038017,6412.718013189852,-3850.4431225823305,121.50788512453327,-0.8245881164627098,-1.2145981577772322,7.0625175044051005,32455U
2025-06-29T16:48:39.038017,6352.278734047129,-3916.668616844061,544.7966809813322,-1.1896042249616057,-0.9924971026738272,7.0434178821629265,32455U
2025-06-29T16:49:39.038017,6270.0628540422495,-3969.467182201811,966.2133832722434,-1.550327840187135,-0.7671257429236654,7.000129356675685,32455U
2025-06-29T16:50:39.038017,6166.3625062525025,-4008.6644035998515,1384.31145706817,-1.905605610885887,-0.5392103952510717,6.9328144805038034,32455U
2025-06-29T16:51:39.038017,6041.538478527618,-4034.129594854422,1797.656101362874,-2.25430130505621,-0.3094831402536271,6.84170227623907,32455U
2025-06-29T16:52:39.038017,5896.019126787606,-4045.776101062723,2204.828206529948,-2.5952979692510914,-0.07868036876646287,6.727087540266739,32455U
2025-06-29T16:53:39.038017,5730.299161454647,-4043.5615156054187,2604.428270795887,-2.927500054838089,0.15245865539702413,6.589330131919375,32455U
2025-06-29T16:54:39.038017,5544.93830840341,-4027.4878124922575,2995.080275339862,-3.2498355203703815,0.38319322117704535,6.428854250532788,32455U
2025-06-29T16:55:39.038017,5340.559845193078,-3997.6013944398665,3375.435517671321,-3.561257919538759,0.612782589777958,6.246147701792198,32455U
2025-06-29T16:56:39.038017,5117.8490127251625,-3953.993056690102,3744.1764028856496,-3.860748484453244,0.8404874137264832,6.041761153520479,32455U
2025-06-29T16:57:39.038017,4877.551301850996,-3896.7978661766406,4100.02019226981,-4.147318214239242,1.065571161717156,5.816307379686128,32455U
2025-06-29T16:58:39.038017,4620.470613846646,-3826.194955229951,4441.722708495428,-4.420009979083214,1.287301555938268,5.570460489891983,32455U
2025-06-29T16:59:39.038017,4347.467293077385,-3742.407228578307,4768.081996314004,-4.677900649917723,1.504952029007764,5.304955139926719,32455U
2025-06-29T17:00:39.038017,4059.4560296029244,-3645.7009819583136,5077.94193723663,-4.920103263852263,1.717803208041667,5.020585717119896,32455U
2025-06-29T17:01:39.038017,3757.403628931273,-3536.385430195314,5370.195816144526,-5.145769235209209,1.9251444337141421,4.718205492229493,32455U
2025-06-29T17:02:39.038017,3442.3266456229244,-3414.8121421561846,5643.78983712713,-5.354090621573661,2.1262753224241893,4.398725727412796,32455U
2025-06-29T17:03:39.038017,3115.2888769944366,-3281.3743795212054,5897.726585072239,-5.544302453569702,2.3205073798299565,4.06311472750232,32455U
2025-06-29T17:04:39.038017,2777.3987127715714,-3136.5063358697394,6131.0684286446385,-5.715685136102058,2.507165674027513,3.7123968193339527,32455U
2025-06-29T17:05:39.038017,2429.8063362256153,-2980.682272139282,6342.9408592662985,-5.867566927497923,2.6855905764949917,3.347651241297362,32455U
2025-06-29T17:06:39.038017,2073.700772094505,-2814.4155441021826,6532.535759562835,-5.9993265013181505,2.855139578571233,2.9700109226228593,32455U
2025-06-29T17:07:39.038017,1710.3067764714863,-2638.257517123564,6699.114593456581,-6.110395593534054,3.0151891906477735,2.580661129244981,32455U
2025-06-29T17:08:39.038017,1340.8815638518977,-2452.796363127342,6842.011508671399,-6.200261735254561,3.165136930393068,2.1808379504489235,32455U
2025-06-29T17:09:39.038017,966.7113666864067,-2258.6557344185735,6960.636340871054,-6.268471068209435,3.304403405161061,1.7718265979886254,32455U
2025-06-29T17:10:39.038017,589.1078231248657,-2056.4933088082175,7054.477506986076,-6.3146312367274415,3.432434492228299,1.3549594870623403,32455U
2025-06-29T17:11:39.038017,209.40418916550422,-1846.9992003739007,7123.104773509486,-6.338414345989372,3.548703618628172,0.9316140665385535,32455U
2025-06-29T17:12:39.038017,-171.04862781535223,-1630.894230191851,7166.17188367215,-6.339559971891343,3.6527141400812146,0.5032103642716333,32455U
2025-06-29T17:13:39.038017,-550.8862161677619,-1408.9280515086677,7183.419025470421,-6.3178782029529845,3.7440018158439283,0.07120821235583573,32455U
2025-06-29T17:14:39.038017,-928.7349884364432,-1181.8771241092275,7174.675120541228,-6.27325268939744,3.822137373211196,-0.36289588312227056,32455U
2025-06-29T17:15:39.038017,-1303.21669033191,-950.5425331060935,7139.8599119012815,-6.205643668890473,3.886729151917233,-0.7975722627067615,32455U
2025-06-29T17:16:39.038017,-1672.9530874417046,-715.7476480414045,7078.9858266356605,-6.115090932557405,3.9374258148174577,-1.2312620578948656,32455U
2025-06-29T17:17:39.038017,-2036.5708246781198,-478.3356190837837,6992.15958779088,-6.001716688931213,3.973919107039995,-1.6623815897973755,32455U
2025-06-29T17:18:39.038017,-2392.706450879538,-239.16670823588356,6879.583548064774,-5.86572827758484,3.9959466413401588,-2.089327248837556,32455U
2025-06-29T17:19:39.038017,-2740.011598068787,0.8845451425055689,6741.556716460169,-5.70742067855668,4.003294682762977,-2.5104808769004556,32455U
2025-06-29T17:20:39.038017,-3077.1583016269647,240.93232352777343,6578.475447964355,-5.527178758509601,3.9958009010293267,-2.9242156666224246,32455U
2025-06-29T17:21:39.038017,-3402.84444410578,480.0826922416147,6390.83376561249,-5.325479190108737,3.9733570544478765,-3.3289025843424924,32455U
2025-06-29T17:22:39.038017,-3715.799301601563,717.4369171670545,6179.223284082372,-5.102891977621028,3.935911564773816,-3.7229173136256826,32455U
2025-06-29T17:23:39.038017,-4014.7891676211125,952.0949316006916,5944.332704333011,-4.860081519488448,3.8834719384619483,-4.1046477053091595,32455U
2025-06-29T17:24:39.038017,-4298.623025240564,1183.1589419670959,5686.946849832386,-4.597807137874846,3.816106986385635,-4.472501707839039,32455U
2025-06-29T17:25:39.038017,-4566.158234205842,1409.7371592284262,5407.945216683498,-4.3169230061623125,3.7339487915091008,-4.824915738500631,32455U
2025-06-29T17:26:39.038017,-4816.306195527713,1630.9476397676378,5108.300012532362,-4.018377408307685,3.6371943724053613,-5.1603634422516915,32455U
2025-06-29T17:27:39.038017,-5048.037952231121,1845.922216387565,4789.073662556968,-3.7032112690117027,3.5261069900890947,-5.477364770634582,32455U
2025-06-29T17:28:39.038017,-5260.38968134382,2053.8104969110186,4451.415765125122,-3.37255590092026,3.4010170465481973,-5.774495299070834,32455U
2025-06-29T17:29:39.038017,-5452.468029100318,2253.7839047783887,4096.559484863743,-3.027629924594891,3.2623225257417663,-6.0503956872143245,32455U
2025-06-29T17:30:39.038017,-5623.455238832958,2445.039733109551,3725.817376871639,-2.669735328706973,3.1104889317781454,-6.303781174466701,32455U
2025-06-29T17:31:39.038017,-5772.614019267851,2626.8051810310335,3340.576642553475,-2.3002526516659785,2.946048684528327,-6.533450991782073,32455U
2025-06-29T17:32:39.038017,-5899.292100059214,2798.3413387600995,2942.293824965951,-1.9206352814502368,2.7695999400509574,-6.738297562021761,32455U
2025-06-29T17:33:39.038017,-6002.926421503869,2958.9470860947763,2532.4889594933998,-1.5324028874020024,2.581804811809849,-6.91731535487506,32455U
2025-06-29T17:34:39.038017,-6083.046906559875,3107.9628676695793,2112.739203950697,-1.1371340157458902,2.383386978599663,-7.06960925916591,32455U
2025-06-29T17:35:39.038017,-6139.279765613473,3244.7743076905367,1684.671980630833,-0.7364578990507943,2.175128676125719,-7.194402335578502,32455U
2025-06-29T17:36:39.038017,-6171.350287913796,3368.8156269180995,1249.957671173524,-0.3320455482149297,1.957867081028333,-7.291042816686317,32455U
2025-06-29T17:37:39.038017,-6179.085078215635,3479.5728254839432,810.3019131559018,0.07439978684955018,1.7324901084373792,-7.359010228780495,32455U
2025-06-29T17:38:39.038017,-6162.4137028692085,3576.586596713413,367.43755479757436,0.4811526854171255,1.4999316565199712,-7.3979205213061485,32455U
2025-06-29T17:39:39.038017,-6121.369716277792,3659.454939491559,-76.88366914695519,0.8864760363932217,1.2611663435104403,-7.407530104546379,32455U
2025-06-29T17:40:39.038017,-6056.0910461617605,3727.8354398158012,-520.8996715601274,1.2886318026865482,1.0172037939790972,-7.3877387141798305,32455U
2025-06-29T17:41:39.038017,-5966.819724245177,3781.4471959664866,-962.8466839814162,1.685891932560655,0.7690825411941236,-7.338591041984188,32455U
2025-06-29T17:42:39.038017,-5853.900957608142,3820.072366111983,-1400.9679881631605,2.0765492758007698,0.5178636209849877,-7.260277094637485,32455U
2025-06-29T17:43:39.038017,-5717.781544798021,3843.5573220352494,-1833.5226302146746,2.458928360953786,0.26462393922106964,-7.153131266557003,32455U
2025-06-29T17:44:39.038017,-5559.007649618314,3851.8133978989013,-2258.7940393094987,2.831395892080894,0.010449499611769596,-7.017630137217609,32455U
2025-06-29T17:45:39.038017,-5378.221954082944,3844.8172284081606,-2675.0984743666636,3.192370829296678,-0.2435714191175281,-6.854389027594376,32455U
2025-06-29T17:46:39.038017,-5176.160220092494,3822.6106762410122,-3080.7932250717035,3.5403339266895206,-0.4963550476127012,-6.66415737346457,32455U
2025-06-29T17:47:39.038017,-4953.647296754109,3785.300354037333,-3474.2844979311003,3.873836613631701,-0.7468287850606952,-6.447812994534104,32455U
2025-06-29T17:48:39.038017,-4711.592616743104,3733.056751431949,-3854.0349236275133,4.1915091205365025,-0.9939376508165741,-6.2063553570571335,32455U
2025-06-29T17:49:39.038017,-4450.985230542712,3666.1129824465374,-4218.570628573108,4.492067767231207,-1.2366504525836155,-5.940897943247484,32455U
2025-06-29T17:50:39.038017,-4172.888431700482,3584.7631729091877,-4566.487821016018,4.774321350643775,-1.4739656033411328,-5.652659852941074,32455U
2025-06-29T17:51:39.038017,-3878.43402933739,3489.3605113524136,-4896.458850118804,5.037176587792916,-1.7049165286618357,-5.34295677140603,32455U
2025-06-29T17:52:39.038017,-3568.8163260332685,3380.3149899866444,-5207.237704834629,5.27964258944529,-1.9285766164700004,-5.013191441838964,32455U
2025-06-29T17:53:39.038017,-3245.2858599087344,3258.090864810781,-5497.664927931676,5.500834358643055,-2.144063672279395,-4.664843781996168,32455U
2025-06-29T17:54:39.038017,-2909.142969302177,3123.2038656925897,-5766.671928918528,5.699975326030588,-2.3505438541189125,-4.2994607818119,32455U
2025-06-29T17:55:39.038017,-2561.731236993299,2976.21818833501,-6013.284687706554,5.876398950045077,-2.5472350723396064,-3.918646313085111,32455U
2025-06-29T17:56:39.038017,-2204.4308685851856,2817.7433004757117,-6236.626848422599,6.0295494241915035,-2.7334098499603683,-3.5240509738184405,32455U
2025-06-29T17:57:39.038017,-1838.6520565556355,2648.4305944917855,-6435.922209724843,6.158981545534333,-2.9083976488756713,-3.117362079061485,32455U
2025-06-29T17:58:39.038017,-1465.8283777936801,2468.969917870193,-6610.496624156531,6.264359808037472,-3.071586675880953,-2.7002938977054343,32455U
2025-06-29T17:59:39.038017,-1087.4102682878265,2280.0860118269934,-6759.7793244378645,6.345456791428246,-3.222425189916968,-2.2745782211347865,32455U
2025-06-29T18:00:39.038017,-704.8586141928068,2082.534886800728,-6883.303699101301,6.402150920891807,-3.3604223380849167,-1.841955335514343,32455U
2025-06-29T18:01:39.038017,-319.6384939087011,1877.1001616894107,-6980.707543519703,6.4344236752571575,-3.4851485528028103,-1.4041654552693241,32455U
2025-06-29T18:02:39.038017,66.78689881824563,1664.5893916252796,-7051.732815186541,6.44235632161738,-3.596235545976979,-0.9629406614370132,32455U
2025-06-29T18:03:39.038017,452.9621252936416,1445.8304068714974,-7096.224924123575,6.426126252786903,-3.693375938307279,-0.5199973754193122,32455U
2025-06-29T18:04:39.038017,837.4451446588536,1221.667683138661,-7114.131590586886,6.386003000928357,-3.776322562937848,-0.07702938651599539,32455U
2025-06-29T18:05:39.038017,1218.812712055564,992.9587613299741,-7105.5013028857475,6.322343996380357,-3.844887482727928,0.3642985592879834,32455U
2025-06-29T18:06:39.038017,1595.6655189820067,760.5707324727341,-7070.481408209739,6.235590135490814,-3.898940759602342,0.8023566113541346,32455U
2025-06-29T18:07:39.038017,1966.6330661248676,525.3768014317502,-7009.315868961934,6.126261215398265,-3.9384090128996894,1.2355551174113024,32455U
2025-06-29T18:08:39.038017,2330.3782620826546,288.2529409464527,-6922.342716304949,5.9949512874709505,-3.963273801530309,1.6623493944016652,32455U
2025-06-29T18:09:39.038017,2685.6017441514964,50.0746456287958,-6809.991231524796,5.842323974751447,-3.973569862231905,2.0812439892322043,32455U
2025-06-29T18:10:39.038017,3031.04591976758,-188.28620620574034,-6672.778884475992,5.669107792456448,-3.969383233413907,2.490796455467604,32455U
2025-06-29T18:11:39.038017,3365.498729264782,-425.96437659362704,-6511.308056861879,5.476091504520387,-3.950849291133551,2.8896206747367685,32455U
2025-06-29T18:12:39.038017,3687.797132370127,-662.1041730263124,-6326.262576477686,5.264119543462537,-3.9181507207585313,3.276389753324582,32455U
2025-06-29T18:13:39.038017,3996.8303223201065,-895.862231037398,-6118.404086855439,5.034087515599402,-3.8715154449294635,3.649838525198861,32455U
2025-06-29T18:14:39.038017,4291.54267268151,-1126.4101718384547,-5888.568275034471,4.786937808868128,-3.8112145256130248,4.008765692751761,32455U
2025-06-29T18:15:39.038017,4570.936422920102,-1352.9371335499477,-5637.660978474689,4.523655316306047,-3.7375600553847974,4.352035635952034,32455U
2025-06-29T18:16:39.038017,4834.074109514758,-1574.6521754274565,-5366.654190450538,4.2452632845434355,-3.650903050635466,4.678579919559235,32455U
2025-06-29T18:17:39.038017,5080.080749975883,-1790.7865552082076,-5076.581981640143,3.952819293508348,-3.551631357178243,4.987398526652245,32455U
2025-06-29T18:18:39.038017,5308.145787539449,-2000.5958803274746,-4768.536354052147,3.647411370864864,-3.4401675767542015,5.2775608451095035,32455U
2025-06-29T18:19:39.038017,5517.524804567061,-2203.3621342670735,-4443.663041943864,3.330154242493646,-3.3169670211901616,5.548206431909089,32455U
2025-06-29T18:20:39.038017,5707.541012834618,-2398.3955797327453,-4103.157272956899,3.0021857185008893,-3.1825156994439467,5.798545578306063,32455U
2025-06-29T18:21:39.038017,5877.586528929261,-2585.0365407015984,-3748.2595013582863,2.6646632127837275,-3.0373283414666323,6.027859697123956,32455U
2025-06-29T18:22:39.038017,6027.12344292828,-2762.6570656588456,-3380.251124007486,2.318760393014691,-2.881946461694746,6.235501551636373,32455U
2025-06-29T18:23:39.038017,6155.684688406666,-2930.662474553577,-3000.4501884815313,1.9656639569947325,-2.716936464038428,6.4208953438350065,32455U
2025-06-29T18:24:39.038017,6262.874721623519,-3088.4927921528188,-2610.2071016836753,1.6065705306172837,-2.5428877894323816,6.5835366783050215,32455U
2025-06-29T18:25:39.038017,6348.370017484284,-3235.6240705731393,-2210.9003462212813,1.24268368212961,-2.3604111063367457,6.722992416475719,32455U
2025-06-29T18:26:39.038017,6411.919389567036,-3371.5696038163205,-1803.9322108778756,0.8752110469456548,-2.1701365439971565,6.8389004346782185,32455U
2025-06-29T18:27:39.038017,6453.3441411455005,-3495.881037137807,-1390.7245406167813,0.5053615569181126,-1.9727119677746683,6.930969298222814,32455U
2025-06-29T18:28:39.038017,6472.538053745297,-3608.149374039122,-972.7145107322804,0.13434276768196698,-1.7688012954146752,6.998977862598975,32455U
2025-06-29T18:29:39.038017,6469.467219334834,-3708.0058835955615,-551.3504290182811,-0.2366417225766129,-1.5590828527261098,7.042774811882704,32455U
2025-06-29T18:30:39.038017,6444.1697217839555,-3795.122910715934,-128.08756914565848,-0.6063947698205331,-1.3442477667698836,7.062278143496413,32455U
2025-06-29T18:31:39.038017,6396.755172725336,-3869.2145917806847,295.6159621661573,-0.9737281034722691,-1.1249983942978516,7.057474607584469,32455U
2025-06-29T18:32:39.038017,6327.404106428477,-3930.0374779221256,718.3033221379713,-1.337464675737814,-0.9020467828263669,7.028419108424885,32455U
2025-06-29T18:33:39.038017,6236.36723774776,-3977.3910679964283,1138.5229914962842,-1.6964409486202656,-0.6761131613687494,6.9752340744708485,32455U
2025-06-29T18:34:39.038017,6123.964586637426,-4011.118253053552,1554.8327954259578,-2.049509126595536,-0.4479244574767089,6.898108802786382,32455U
2025-06-29T18:35:39.038017,5990.584472140418,-4031.1056738404013,1965.8038850406144,-2.3955393432363006,-0.21821283684976717,6.7972987827838285,32455U
2025-06-29T18:36:39.038017,5836.682378158427,-4037.283992574389,2370.0246787417045,-2.7334218103934536,0.012285738636038455,6.673125003268406,32455U
2025-06-29T18:37:39.038017,5662.779692700941,-4029.628079902105,2766.1047630022,-3.0620689388741957,0.24283293905693412,6.5259732458245985,32455U
2025-06-29T18:38:39.038017,5469.462321693766,-4008.157117611894,3152.6787521953956,-3.3804174398789244,0.47268948574971886,6.356293366520897,32455U
2025-06-29T18:39:39.038017,5257.379177807701,-3972.934617300944,3528.410107089474,-3.6874304167596863,0.7011165672790903,6.164598566744455,32455U
2025-06-29T18:40:39.038017,5027.240544150179,-3924.0683548096085,3891.994911539721,-3.982099456922018,0.927377258006212,5.951464652689379,32455U
2025-06-29T18:41:39.038017,4779.8163120502895,-3861.7102198294497,4242.165606733257,-4.263446733891972,1.1507379456618183,5.717529281594669,32455U
2025-06-29T18:42:39.038017,4515.934091565326,-3786.055979668839,4577.694682069924,-4.530527129684078,1.3704697747745251,5.463491191246333,32455U
2025-06-29T18:43:39.038017,4236.477192756516,-3697.344955724453,4897.398321385795,-4.782430387600369,1.5858501132191518,5.190109407519266,32455U
2025-06-29T18:44:39.038017,3942.38247521971,-3595.85961075998,5200.140002753557,-5.018283305445771,1.7961640495235982,4.89820242282156,32455U
2025-06-29T18:45:39.038017,3634.638062834396,-3481.925044640758,5484.834049502196,-5.237251978811108,2.000705928873075,4.588647336229767,32455U
2025-06-29T18:46:39.038017,3314.2809202103886,-3355.908395716982,5750.449129398238,-5.438544103526911,2.198780935963972,4.262378943862227,32455U
2025-06-29T18:47:39.038017,2982.394286881586,-3218.2181445952388,5996.011698108757,-5.621411345582209,2.3897067329546906,3.9203887656476017,32455U
2025-06-29T18:48:39.038017,2640.1049649360557,-3069.3033165951533,6220.609382116649,-5.785151785691002,2.5728151607059293,3.563723992130574,32455U
2025-06-29T18:49:39.038017,2288.580455488966,-2909.652578761532,6423.394295184212,-5.929112444237772,2.7474540112712957,3.19348633234187,32455U
2025-06-29T18:50:39.038017,1929.0259392240187,-2739.793226903394,6603.58628125146,-6.052691890496668,2.9129888791506238,2.8108307410957214,32455U
2025-06-29T18:51:39.038017,1562.6810961619735,-2560.2900577686796,6760.47607531656,-6.155342937763731,3.068805098121827,2.416964001413275,32455U
2025-06-29T18:52:39.038017,1190.8167598879998,-2371.7441211519586,6893.428372373717,-6.236575423331234,3.214309769483365,2.0131431351802993,32455U
2025-06-29T18:53:39.038017,814.7314017044853,-2174.7913464867624,7001.884792886329,-6.295959069045925,3.3489338862350766,1.6006736127141041,32455U
2025-06-29T18:54:39.038017,435.7474405901535,-1970.101038306845,7085.366731560411,-6.33312641451429,3.4721345560705577,1.180907329727993,32455U
2025-06-29T18:55:39.038017,55.207375481149455,-1758.3742348985436,7143.47807436361,-6.347775810844748,3.5833973240158725,0.7552403183703571,32455U
2025-06-29T18:56:39.038017,-325.5302627481855,-1540.3419245197358,7175.907766835545,-6.339674458169275,3.682238593115941,0.3251101576832397,32455U
2025-06-29T18:57:39.038017,-705.0951410973387,-1316.7631137584913,7182.43221477576,-6.308661465099045,3.76820813872339,-0.10800695187811735,32455U
2025-06-29T18:58:39.038017,-1082.1095361171658,-1088.4227429685595,7162.917496413565,-6.254650902802449,3.8408917086895484,-0.5425994851572582,32455U
2025-06-29T18:59:39.038017,-1455.1929258086361,-856.1294442636707,7117.321363200914,-6.177634820634627,3.8999136981135254,-0.9771242945687449,32455U
2025-06-29T19:00:39.038017,-1822.9667580366367,-620.7131383182659,7045.695004475264,-6.0776861843133325,3.9449398832983986,-1.4100107502216164,32455U
2025-06-29T19:01:39.038017,-2184.0593893766036,-383.02246720518536,6948.184549473578,-5.95496169166709,3.9756801952595677,-1.8396653469876274,32455U
2025-06-29T19:02:39.038017,-2537.1111855689783,-143.92206174868585,6825.032278611697,-5.809704415161163,3.991891508592829,-2.2644768030794786,32455U
2025-06-29T19:03:39.038017,-2880.7797717081885,95.71035663523894,6676.57751464503,-5.6422462149268044,3.993380416849347,-2.682821668817903,32455U
2025-06-29T19:04:39.038017,-3213.745416900925,334.9870378556774,6503.2571633877915,-5.453009861123147,3.9800059608943643,-3.093070456902393,32455U
2025-06-29T19:05:39.038017,-3534.716534476114,573.013425022242,6305.60587316613,-5.242510800383054,3.95168227219847,-3.4935942967081366,32455U
2025-06-29T19:06:39.038017,-3842.4352749301715,808.8915301641952,6084.255782209371,-5.011358498104209,3.908381088785372,-3.882772104916734,32455U
2025-06-29T19:07:39.038017,-4135.683184720333,1041.7234551111335,5839.935823831033,-4.760257286708617,3.8501340978221834,-4.258998253267999,32455U
2025-06-29T19:08:39.038017,-4413.286899867074,1270.615046071818,5573.470560590325,-4.490006649953088,3.777035055779158,-4.6206907015817364,32455U
2025-06-29T19:09:39.038017,-4674.123839172699,1494.6796674792508,5285.7785207378165,-4.201500875174661,3.6892416349025803,-4.966299550664076,32455U
2025-06-29T19:10:39.038017,-4917.127857836995,1713.0420775796038,4977.870013183145,-3.8957280091832316,3.586976943628457,-5.294315955621178,32455U
2025-06-29T19:11:39.038017,-5141.2948184702955,1924.8423850908086,4650.844401018115,-3.5737680595158663,3.470530668693297,-5.6032813258301974,32455U
2025-06-29T19:12:39.038017,-5345.68803310687,2129.240063121561,4305.886818299612,-3.2367903910197025,3.34025978822453,-5.8917967238107325,32455U
2025-06-29T19:13:39.038017,-5529.443526953923,2325.4179935148827,3944.2643203187113,-2.886050278222407,3.196588808129997,-6.158532362000997,32455U
2025-06-29T19:14:39.038017,-5691.7750724073085,2512.586511952476,3567.3214639179364,-2.5228845865943796,3.0400094787276384,-6.4022370844857015,32455U
2025-06-29T19:15:39.038017,-5831.978940470535,2689.9874216345092,3176.4753214703164,-2.148706570398743,2.8710799547701042,-6.621747710594612,32455U
2025-06-29T19:16:39.038017,-5949.438316243696,2856.8979412302997,2773.2099397928528,-1.7649997910776716,2.690423369778475,-6.815998109499605,32455U
2025-06-29T19:17:39.038017,-6043.627325710846,3012.634551179105,2359.0702633766186,-1.3733111776404625,2.4987258047845504,-6.984027869963972,32455U
2025-06-29T19:18:39.038017,-6114.114622726484,3156.5567013995546,1935.655549682146,-0.9752432688093107,2.296733641999049,-7.124990427647704,32455U
2025-06-29T19:19:39.038017,-6160.56648792127,3288.070343109812,1504.6123126823752,-0.5724456952071892,2.0852503053279094,-7.238160514142546,32455U
2025-06-29T19:20:39.038017,-6182.749395229734,3406.6312478392088,1067.6268390748849,-0.1666059780006174,1.865132401719547,-7.322940797400035,32455U
2025-06-29T19:21:39.038017,-6180.532006843842,3511.748077851927,626.4173294181343,0.24056026247044177,1.6372852896897698,-7.37886759245375,32455U
2025-06-29T19:22:39.038017,-6153.8865635442835,3602.9851741225807,182.7257236157739,0.6473195790801565,1.4026581136293241,-7.405615534223795,32455U
2025-06-29T19:23:39.038017,-6102.88964443359,3679.9650306866824,-261.69072355726905,1.0519313291225407,1.1622383542305452,-7.40300112045758,32455U
2025-06-29T19:24:39.038017,-6027.7222779323165,3742.3704275883692,-705.0680460144977,1.4526585317060983,0.9170459561676334,-7.370985052085028,32455U
2025-06-29T19:25:39.038017,-5928.669394310305,3789.9461986965302,-1145.6442742420527,1.8477788115077427,0.6681271036267191,-7.309673319894592,32455U
2025-06-29T19:26:39.038017,-5806.118618788812,3822.5006152599008,-1581.6681702751064,2.235595285392153,0.41654772206283247,-7.219317009792137,32455U
2025-06-29T19:27:39.038017,-5660.558413131031,3839.9063711029607,-2011.407911568886,2.614447248448957,0.1633867903757839,-7.100310823230151,32455U
2025-06-29T19:28:39.038017,-5492.575582392796,3842.1011606937172,-2433.159646154083,2.9827205197901936,-0.09027044866879595,-6.953190333879173,32455U
2025-06-29T19:29:39.038017,-5302.852171898445,3829.0878467934963,-2845.255843567769,3.3388573158365458,-0.34333929060140755,-6.778628025442365,32455U
2025-06-29T19:30:39.038017,-5092.161787302069,3800.9342198791637,-3246.073369629142,3.6813655295565857,-0.5947422958105828,-6.577428177889831,32455U
2025-06-29T19:31:39.038017,-4861.365377608542,3757.772356858819,-3634.0412180112535,4.008827307753102,-0.8434158555444108,-6.350520689606749,32455U
2025-06-29T19:32:39.038017,-4611.4065270748515,3699.7975916445457,-4007.6478376314476,4.319906834539792,-1.088316517718003,-6.0989539403762585,32455U
2025-06-29T19:33:39.038017,-4343.306306878139,3627.2671147755254,-4365.448001896898,4.613357246975897,-1.3284270000555143,-5.823886814284784,32455U
2025-06-29T19:34:39.038017,-4058.1577412236143,3540.498223394503,-4706.069173602032,4.8880266277990225,-1.5627618268048304,-5.52658001219623,32455U
2025-06-29T19:35:39.038017,-3757.119945144607,3439.8662463897303,-5028.217327515734,5.1428630396254915,-1.790372535148258,-5.208386790229633,32455U
2025-06-29T19:36:39.038017,-3441.4119926129965,3325.802172366364,-5330.682201189699,5.376918584231667,-2.0103524081200788,-4.870743263670455,32455U
2025-06-29T19:37:39.038017,-3112.3065737779366,3198.790010273016,-5612.341953022329,5.589352488976454,-2.2218407019335205,-4.515158415087419,32455U
2025-06-29T19:38:39.038017,-2771.1234992747436,3059.3639139809475,-5872.167214897372,5.779433239532848,-2.4240263467270213,-4.143203941399198,32455U
2025-06-29T19:39:39.038017,-2419.2231076890807,2908.1051029094906,-6109.224534605917,5.946539793436604,-2.61615111052056,-3.7565040676076102,32455U
2025-06-29T19:40:39.038017,-2057.9996295702044,2745.6386109538803,-6322.679210576788,6.090161922185187,-2.797512226303398,-3.3567254453698534,32455U
2025-06-29T19:41:39.038017,-1688.874558009932,2572.629895560789,-6511.79752805897,6.209899740509394,-2.967464491398697,-2.945567243050523,32455U
2025-06-29T19:42:39.038017,-1313.2900718797787,2389.78133787406,-6675.948411739421,6.3054624898884235,-3.125421856376605,-2.5247515209080573,32455U
2025-06-29T19:43:39.038017,-932.7025535287268,2197.828663528758,-6814.6045147670275,6.376666649367484,-3.270858527665552,-2.0960139712097154,32455U
2025-06-29T19:44:39.038017,-548.5762382088404,1997.5373119764304,-6927.342768286003,6.423433450365768,-3.4033096135825964,-1.6610950888262057,32455U
2025-06-29T19:45:39.038017,-162.3770278730508,1789.6987802706167,-7013.844418855132,6.445785873588138,-3.5223713477409606,-1.2217318237303385,32455U
2025-06-29T19:46:39.038017,224.433502613877,1575.1269651032496,-7073.8945835856175,6.443845205609671,-3.6277009267393248,-0.7796497532108083,32455U
2025-06-29T19:47:39.038017,610.4038832859767,1354.654524635773,-7107.381354521685,6.417827230456556,-3.719016000769037,-0.33655579885730624,32455U
2025-06-29T19:48:39.038017,994.0982916050453,1129.129279381996,-7114.294484785899,6.3680381278572264,-3.796093856405112,0.10586849825865595,32455U
2025-06-29T19:49:39.038017,1374.1018444019614,899.4106691228757,-7094.723689396996,6.2948701450890185,-3.8587703305150827,0.5459731411229118,32455U
2025-06-29T19:50:39.038017,1749.0256275933261,666.3662806237971,-7048.856593525357,6.1987971037979115,-3.9069384930725097,0.9821452848722149,32455U
2025-06-29T19:51:39.038017,2117.511455368305,430.86845880964535,-6976.976360368573,6.080369797103053,-3.94054713486202,1.4128143027541074,32455U
2025-06-29T19:52:39.038017,2478.236353511434,193.79101206524228,-6879.45902988878,5.940211325968782,-3.9595990937612635,1.8364563293059806,32455U
2025-06-29T19:53:39.038017,2829.9167641347453,-43.99397951026255,-6756.770598435112,5.77901241745859,-3.964149450630892,2.251598304772749,32455U
2025-06-29T19:54:39.038017,3171.3124713627763,-281.61924575571817,-6609.463867847284,5.597526761258199,-3.9543036229711426,2.6568215481952353,32455U
2025-06-29T19:55:39.038017,3501.2302494416494,-518.2252923885352,-6438.175091065958,5.39656639492211,-3.9302153815297074,3.050764888861713,32455U
2025-06-29T19:56:39.038017,3818.5272363736276,-752.9632469817612,-6243.6204396119865,5.176997162762969,-3.8920848120708804,3.43212738709313,32455U
2025-06-29T19:57:39.038017,4122.1140375169725,-984.9975819300023,-6026.592316590985,4.939734268249749,-3.8401562416216573,3.799670675755611,32455U
2025-06-29T19:58:39.038017,4410.957564687913,-1213.5087124213208,-5787.955537158243,4.685737935241423,-3.7747161457584855,4.152220953639911,32455U
2025-06-29T19:59:39.038017,4684.083617159249,-1437.6954683490926,-5528.643396682793,4.416009189390001,-3.696091050934985,4.488670661031074,32455U
2025-06-29T20:00:39.038017,4940.579211617463,-1656.7774398929218,-5249.653645189702,4.13158576758362,-3.6046454435048023,4.8079798665724915,32455U
2025-06-29T20:01:39.038017,5179.594668632156,-1869.9971971759808,-4952.044385054316,3.8335381603480325,-3.500779694980167,5.109177393015692,32455U
2025-06-29T20:02:39.038017,5400.345463526992,-2076.6223849741577,-4636.929907388735,3.522965789655215,-3.3849280111922555,5.391361707739106,32455U
2025-06-29T20:03:39.038017,5602.113849751952,-2275.9476939296546,-4305.4764810956085,3.2009933225458265,-3.2575564113758335,5.653701602117722,32455U
2025-06-29T20:04:39.038017,5784.250262951333,-2467.296710112094,-3958.898107177549,2.8687671193147812,-3.119160741778055,5.895436681991723,32455U
2025-06-29T20:05:39.038017,5946.174513919074,-2650.0236450827156,-3598.4522495827905,2.5274518136842663,-2.9702647271711053,6.115877689674285,32455U
2025-06-29T20:06:39.038017,6087.376778544592,-2823.514948860459,-3225.435552640643,2.1782270213447132,-2.811418062611822,6.314406676197583,32455U
2025-06-29T20:07:39.038017,6207.418392693405,-2987.190808371849,-2841.179553986388,1.822284172426005,-2.643194546911945,6.490477040854227,32455U
2025-06-29T20:08:39.038017,6305.932459741049,-3140.5065340917326,-2447.046400800313,1.460823462828992,-2.4661902585406126,6.643613453559709,32455U
2025-06-29T20:09:39.038017,6382.624278196158,-3282.9538376533524,-2044.4245761903499,1.0950509188611521,-2.281021774053407,6.773411674149273,32455U
2025-06-29T20:10:39.038017,6437.271596519946,-3414.062003236993,-1634.7246416111693,0.7261755692244889,-2.088324428599739,6.879538281437194,32455U
2025-06-29T20:11:39.038017,6469.724701869861,-3533.3989555234807,-1219.3750003723515,0.3554067181026453,-1.8887506175988051,6.961730323685408,32455U
2025-06-29T20:12:39.038017,6479.906349083355,-3640.572226946789,-799.81768648968,-0.016048687188549515,-1.6829681382513513,7.019794901061539,32455U
2025-06-29T20:13:39.038017,6467.8115357643865,-3735.2298268803543,-377.5041824310712,-0.3869886007587568,-1.4716585691782862,7.0536086896779695,32455U
2025-06-29T20:14:39.038017,6433.5071288537565,-3817.061015261801,46.10873133746837,-0.7562183419227757,-1.2555156861155996,7.063117415891078,32455U
2025-06-29T20:15:39.038017,6377.131347553491,-3885.796982996427,469.56309267530946,-1.122552985462962,-1.035243911242484,7.048335288676521,32455U
2025-06-29T20:16:39.038017,6298.893106939932,-3941.211441281784,891.4038381256934,-1.4848196858897251,-0.8115567933698715,7.009344397063055,32455U
2025-06-29T20:17:39.038017,6199.071226042313,-3983.1211217705622,1310.1828459112114,-1.8418599434990253,-0.5851755158520102,6.946294078783671,32455U
2025-06-29T20:18:39.038017,6078.01350358888,-4011.3861892322043,1724.4629405160194,-2.1925318203150677,-0.35682742871281176,6.859400265466508,32455U
2025-06-29T20:19:39.038017,5936.135664029487,-4025.910568093016,2132.8218580971716,-2.5357121143288417,-0.12724460107975075,6.7489448088165105,32455U
2025-06-29T20:20:39.038017,5773.920175841944,-4026.6421839254954,2533.856172162236,-2.8702985007574093,0.1028376103889462,6.615274791313807,32455U
2025-06-29T20:21:39.038017,5591.9149435162435,-4013.5731206266146,2926.185179082783,-3.195211649377903,0.3326819818323856,6.458801823952584,32455U
2025-06-29T20:22:39.038017,5390.731873994597,-3986.739693670156,3308.4547430547896,-3.509397327298889,0.5615508364639062,6.280001332447712,32455U
2025-06-29T20:23:39.038017,5171.045317724731,-3946.222439442742,3679.3411000811525,-3.8118284968182916,0.7887074584502904,6.079411832123586,32455U
2025-06-29T20:24:39.038017,4933.590383875315,-3892.146020279381,4037.554620411137,-4.101507418242154,1.013417512499898,5.8576341903637665,32455U
2025-06-29T20:25:39.038017,4679.1611286463485,-3824.6790444014314,4381.843528668906,-4.377467767717164,1.23495047573053,5.615330874004987,32455U
2025-06-29T20:26:39.038017,4408.608615027144,-3744.0337995349073,4710.997580564005,-4.63877678017838,1.4525810888078063,5.35322517742701,32455U
2025-06-29T20:27:39.038017,4122.8388417730885,-3650.4658985469014,5023.851694674573,-4.884537427465933,1.6655908337529017,5.072100425273045,32455U
2025-06-29T20:28:39.038017,3822.810538836012,-3544.2738349910637,5319.289537257222,-5.113890641433514,1.8732694461544355,4.772799141765501,32455U
2025-06-29T20:29:39.038017,3509.5328259713892,-3425.7984459991458,5596.247057406598,-5.326017591457133,2.074916469790565,4.456222176433871,32455U
2025-06-29T20:30:39.038017,3184.06273079475,-3295.4222795051205,5853.715969124448,-5.520142025090849,2.269842861826565,4.1233277737784935,32455U
2025-06-29T20:31:39.038017,2847.502562149748,-3153.5688623374626,6090.747175991298,-5.695532679691647,2.4573726567961707,3.775130571941366,32455U
2025-06-29T20:32:39.038017,2500.9971343333177,-3000.701865283786,6306.454133121092,-5.851505771577205,2.6368446974433732,3.412700512906624,32455U
2025-06-29T20:33:39.038017,2145.730837478057,-2837.3241608156686,6500.016139951845,-5.987427567673954,2.807614440187581,3.0371616441089473,32455U
2025-06-29T20:34:39.038017,1782.924549262852,-2663.9767687797735,6670.68155615714,-6.1027170425990045,2.969055842425831,2.649690788662876,32455U
2025-06-29T20:35:39.038017,1413.8323831171422,-2481.237685021453,6817.770931566326,-6.1968486216730065,3.1205633380737763,2.2515160587887824,32455U
2025-06-29T20:36:39.038017,1039.7382682205296,-2289.720587620683,6940.680039457284,-6.269355007449898,3.261553906637344,1.8439151844738522,32455U
2025-06-29T20:37:39.038017,661.9523569182396,-2090.073415210773,7038.882800933763,-6.319830083948674,3.3914692396582997,1.4282136270765378,32455U
2025-06-29T20:38:39.038017,281.807255675986,-1882.9768117241788,7111.9340863418465,-6.347931888880616,3.509778006569108,1.0057824455392306,32455U
2025-06-29T20:39:39.038017,-99.34592356920271,-1669.1424318956826,7159.472377822968,-6.353385639782261,3.6159782197928267,0.5780358812555837,32455U
2025-06-29T20:40:39.038017,-480.1416938287623,-1449.3111019661121,7181.222275172524,-6.335986795117595,3.7095996963210043,0.14642862656144215,32455U
2025-06-29T20:41:39.038017,-859.2045061641709,-1224.2508302961382,7176.9968252001945,-6.295604126149401,3.7902066099869645,-0.28754725856956703,32455U
2025-06-29T20:42:39.038017,-1235.153244833791,-994.7546630378689,7146.699652810251,-6.23218276976961,3.8574001252353933,-0.7223658166092892,32455U
2025-06-29T20:43:39.038017,-1606.6059019845236,-761.6383806458798,7090.326870080324,-6.145747226620785,3.9108210993929684,-1.1564710829134857,32455U
2025-06-29T20:44:39.038017,-1972.184427184128,-525.7380318664163,7007.968737771737,-6.03640426286513,3.95015283630924,-1.5882814275638604,32455U
2025-06-29T20:45:39.038017,-2330.5197445520826,-287.9073029363877,6899.811052017561,-5.90434566802152,3.975123869830309,-2.0161943759014145,32455U
2025-06-29T20:46:39.038017,-2680.2569273736067,-49.01472106841946,6766.136227473488,-5.749850815580383,3.985510750972473,-2.4385919299394914,32455U
2025-06-29T20:47:39.038017,-3020.0605168664392,190.05930708011493,6607.324047066689,-5.573288967842991,3.9811408079867197,-2.8538464063087985,32455U
2025-06-29T20:48:39.038017,-3348.619968266144,428.42561937117154,6423.8520477164,-5.3751212618457815,3.9618948438842185,-3.2603267984120765,32455U
2025-06-29T20:49:39.038017,-3664.655203619849,665.1895798390445,6216.295511118629,-5.155902309583177,3.927709731577467,-3.6564056610395634,32455U
2025-06-29T20:50:39.038017,-3966.922246689697,899.4545108646539,5985.327028976039,-4.91628134329856,3.878580862756859,-4.040466504893147,32455U
2025-06-29T20:51:39.038017,-4254.218911249791,1130.3252660482972,5731.715612989935,-4.65700283562714,3.8145644031537413,-4.4109116764375855,32455U
2025-06-29T20:52:39.038017,-4525.39050988096,1356.9119310895676,5456.325321603702,-4.3789065251058075,3.7357793041351433,-4.766170685419972,32455U
2025-06-29T20:53:39.038017,-4779.335546255669,1578.3336369654226,5160.1133779465235,-4.082926780216515,3.642409018825512,-5.104708928581737,32455U
2025-06-29T20:54:39.038017,-5015.011349957365,1793.722466572144,4844.127756736157,-3.770091239891752,3.5347028703461736,-5.425036743850934,32455U
2025-06-29T20:55:39.038017,-5231.439609241031,2002.2274328466262,4509.504222077896,-3.4415186753893807,3.412977020470963,-5.725718715079313,32455U
2025-06-29T20:56:39.038017,-5427.711753953656,2203.0185032898717,4157.462803138661,-3.0984160276780286,3.277614989151272,-6.0053831336486905,32455U
2025-06-29T20:57:39.038017,-5602.994138224899,2395.290642860626,3789.3037005684437,-2.7420745859375923,3.129067679069244,-6.2627315105073285,32455U
2025-06-29T20:58:39.038017,-5756.532970668733,2578.2678445055426,3406.402623197237,-2.373865286310171,2.9678528646724995,-6.496548020968365,32455U
2025-06-29T20:59:39.038017,-5887.658938822747,2751.207114231007,3010.205561874441,-1.9952331254151137,2.7945541120194455,-6.705708755417962,32455U
2025-06-29T21:00:39.038017,-5995.791474515435,2913.402375708067,2602.2230151980657,-1.6076907000218763,2.609819104140853,-6.889190642454734,32455U
2025-06-29T21:01:39.038017,-6080.442607887455,3064.188258032668,2184.0236901288304,-1.2128109022158418,2.4143573563482774,-7.0460799073637626,32455U
2025-06-29T21:02:39.038017,-6141.220359959263,3202.943729518314,1757.2277089117867,-0.8122188178868643,2.2089373167793185,-7.175579928576761,32455U
2025-06-29T21:03:39.038017,-6177.831626965033,3329.095540349029,1323.4993621131957,-0.40758289483375076,1.9943828591810022,-7.277018358144196,32455U
2025-06-29T21:04:39.038017,-6190.084514152191,3442.121437621153,884.5394556734885,-0.000605464572315787,1.7715691871497903,-7.349853379374225,32455U
2025-06-29T21:05:39.038017,-6177.890082318156,3541.5531177717758,442.07730745890814,0.40698728155717623,1.5414181813984986,-7.393678985646724,32455U
2025-06-29T21:06:39.038017,-6141.263476930034,3626.9788836380526,-2.1375444005118625,0.8134557468134445,1.3048932336830796,-7.408229178819789,32455U
2025-06-29T21:07:39.038017,-6080.324417107199,3698.0459763816234,-446.34385327133356,1.2170576867526985,1.0629936223875527,-7.3933810032692735,32455U
2025-06-29T21:08:39.038017,-5995.29702986857,3754.4625561944517,-888.7773231251601,1.6160591338591348,0.8167484950163559,-7.349156351961268,32455U
2025-06-29T21:09:39.038017,-5886.509023648853,3795.999309991674,-1327.6793389565867,2.008745347056295,0.5672105316083194,-7.27572250343838,32455U
2025-06-29T21:10:39.038017,-5754.390203943149,3822.4906690876787,-1761.3056906469842,2.39343164197552,0.315449370041904,-7.173391372487813,32455U
2025-06-29T21:11:39.038017,-5599.470342815017,3833.8356250173415,-2187.935212098984,2.7684739595171934,0.06254487910383721,-7.042617481774029,32455U
2025-06-29T21:12:39.038017,-5422.376422623488,3829.998137069552,-2605.8782587765313,3.1322790356730805,-0.19041963218483476,-6.883994686016439,32455U
2025-06-29T21:13:39.038017,-5223.829282519305,3811.007130581738,-3013.4849494613477,3.4833140443988375,-0.44236418010493767,-6.698251703611014,32455U
2025-06-29T21:14:39.038017,-5004.639703729821,3776.9560904720233,-3409.153102271918,3.820115597452797,-0.6922187597568867,-6.486246532107601,32455U
2025-06-29T21:15:39.038017,-4765.703976286187,3728.002259696826,-3791.335800375913,4.14129799985041,-0.9389298038000531,-6.248959843042686,32455U
2025-06-29T21:16:39.038017,-4507.99899543981,3664.365457191925,-4158.548529353618,4.445560676517453,-1.181466369800799,-5.987487467686603,32455U
2025-06-29T21:17:39.038017,-4232.576940484591,3586.3265342643404,-4509.375835537725,4.731694704151383,-1.418825987427661,-5.703032097895112,32455U
2025-06-29T21:18:39.038017,-3940.559591972267,3494.225492255308,-4842.4774626560165,4.998588401577047,-1.650040105973787,-5.396894335185693,32455U
2025-06-29T21:19:39.038017,-3633.1323453611994,3388.4592875205935,-5156.593932488552,5.2452319513364785,-1.874179092945042,-5.070463226286688,32455U
2025-06-29T21:20:39.038017,-3311.5379799904804,3269.479352326303,-5450.551543782125,5.4707210442477265,-2.0903567453414995,-4.725206424780755,32455U
2025-06-29T21:21:39.038017,-2977.0702419967447,3137.788862120515,-5723.266772096462,5.674259556613206,-2.297734286377981,-4.3626601162970955,32455U
2025-06-29T21:22:39.038017,-2631.0672984685757,2993.9397808154044,-5973.750061399047,5.855161286171959,-2.4955238313787937,-3.9844188393089013,32455U
2025-06-29T21:23:39.038017,-2274.9051178965615,2838.529716231938,-6201.109005882895,6.012850787363575,-2.6829913170948965,-3.592125325401165,32455U
2025-06-29T21:24:39.038017,-1909.9908289680875,2672.1986177693793,-6404.550927508008,6.1468633587178285,-2.8594588984396823,-3.187460472391807,32455U
2025-06-29T21:25:39.038017,-1537.756106113307,2495.625347721127,-6583.384861060704,6.256844245036656,-3.0243068253966405,-2.7721335514412693,32455U
2025-06-29T21:26:39.038017,-1159.6506261050938,2309.524156548557,-6737.02296399557,6.342547124416964,-3.1769748204367203,-2.347872735846565,32455U
2025-06-29T21:27:39.038017,-777.1356355973048,2114.6410909228634,-6864.981372941144,6.403831955117585,-3.3169629830913996,-1.9164160251183475,32455U
2025-06-29T21:28:39.038017,-391.6776648864687,1911.750361530526,-6966.880532506881,6.4406622599247765,-3.4438322533150156,-1.4795026236781925,32455U
2025-06-29T21:29:39.038017,-4.742418553490436,1701.6506956022422,-7042.44502493694,6.453101926208572,-3.557204468934599,-1.0388648195607166,32455U
2025-06-29T21:30:39.038017,382.2111309274087,1485.1616969342138,-7091.502931271734,6.44131159854165,-3.656762054894083,-0.596220395215328,32455U
2025-06-29T21:31:39.038017,767.7364249190271,1263.120233905742,-7113.984756054204,6.405544737853775,-3.7422473832375354,-0.153265590205575,32455U
2025-06-29T21:32:39.038017,1150.4047581582508,1036.37687371195,-7109.921948336647,6.346143416923029,-3.81346184297418,0.288331375492506,32455U
2025-06-29T21:33:39.038017,1528.8104624298137,805.7923787826276,-7079.445051884866,6.263533916863354,-3.870264658266506,0.726936218626398,32455U
2025-06-29T21:34:39.038017,1901.5758242336035,572.2342791911504,-7022.781517127885,6.158222183451366,-3.912571491937125,1.1609539595654348,32455U
2025-06-29T21:35:39.038017,2267.3557294835077,336.57353279738277,-6940.253206648818,6.030789195913591,-3.9403528692587613,1.5888337551418878,32455U
2025-06-29T21:36:39.038017,2624.842031086912,99.68128294954788,-6832.273624937597,5.881886294411849,-3.953632454524187,2.009073219044607,32455U
2025-06-29T21:37:39.038017,2972.7676377201537,-137.57427820470005,-6699.344901803299,5.712230506122537,-3.9524852101332764,2.420222255487704,32455U
2025-06-29T21:38:39.038017,3309.910324224687,-374.3309343542939,-6542.054557344873,5.522599903680688,-3.9370354650078005,2.820886434757515,32455U
2025-06-29T21:39:39.038017,3635.096265854175,-609.7353526208875,-6361.07207475578,5.313829023972629,-3.9074549161634167,3.209729941064425,32455U
2025-06-29T21:40:39.038017,3947.2033000923816,-842.945870414011,-6157.145305550361,5.086804369919912,-3.8639605843226326,3.5854781239973397,32455U
2025-06-29T21:41:39.038017,4245.163920997884,-1073.1351589886956,-5931.096730076752,4.84246001304944,-3.8068127416158344,3.946919684992147,32455U
2025-06-29T21:42:39.038017,4527.96801201179,-1299.492762139862,-5683.819594468482,4.581773310336698,-3.7363128267449737,4.2929085296933875,32455U
2025-06-29T21:43:39.038017,4794.665323938448,-1521.2275093309624,-5416.273943499523,4.305760745037385,-3.652801360514517,4.622365316078908,32455U
2025-06-29T21:44:39.038017,5044.367705391586,-1737.5698032919572,-5129.482567169973,4.015473897980701,-3.5566558723891495,4.9342787268442105,32455U
2025-06-29T21:45:39.038017,5276.251093416516,-1947.7737827481192,-4824.526877273423,3.711995553055047,-3.44828884672953,5.227706492924573,32455U
2025-06-29T21:46:39.038017,5489.557272275412,-2151.1193614667386,-4502.542728690766,3.39643593833412,-3.3281456955848805,5.501776193266425,32455U
2025-06-29T21:47:39.038017,5683.595408534528,-2346.914145241434,-4164.716198727547,3.069929102424845,-3.196702763377457,5.755685854122553,32455U
2025-06-29T21:48:39.038017,5857.743370641589,-2534.495228789151,-3812.2793364576783,2.7336294241088983,-3.054465367482303,5.9887043693107564,32455U
2025-06-29T21:49:39.038017,6011.448841135171,-2713.2308748124174,-3446.5058927665455,2.3887082521559275,-2.9019658775696957,6.200171761081273,32455U
2025-06-29T21:50:39.038017,6144.230229504482,-2882.5220776932506,-3068.707040594216,2.0363506712497736,-2.7397618356143973,6.389499299528493,32455U
2025-06-29T21:51:39.038017,6255.677393526039,-3041.804014440502,-2680.2270937615967,1.6777523892399524,-2.5684341176606407,6.556169496879436,32455U
2025-06-29T21:52:39.038017,6345.452176649358,-3190.547385611295,-2282.439231725829,1.314116740371871,-2.388585137745048,6.699735991503067,32455U
2025-06-29T21:53:39.038017,6413.288768697527,-3328.259648977783,-1876.7412366475182,0.9466517987144203,-2.2008370937959723,6.819823335120836,32455U
2025-06-29T21:54:39.038017,6458.993896796191,-3454.486148717728,-1464.5512482564052,0.5765675956540646,-2.005830254823707,6.916126695455733,32455U
2025-06-29T21:55:39.038017,6482.446853047358,-3568.811142868249,-1047.3035411894907,0.20507343504596395,-1.8042212882796178,6.988411485420948,32455U
2025-06-29T21:56:39.038017,6483.599365033382,-3670.8587317088522,-626.4443287199983,-0.16662470064306384,-1.5966816260640244,7.036512928915609,32455U
2025-06-29T21:57:39.038017,6462.475314769265,-3760.293689625669,-203.4275961236015,-0.537326660093051,-1.3838958672996342,7.060335572339333,32455U
2025-06-29T21:58:39.038017,6419.170311226348,-3836.822202863605,220.28903368420083,-0.9058405559215752,-1.1665602156347918,7.059852750047404,32455U
2025-06-29T21:59:39.038017,6353.851121027547,-3900.192515393564,643.2484001411689,-1.2709851278791173,-0.9453809484955903,7.035106011119901,32455U
2025-06-29T22:00:39.038017,6266.75496136956,-3950.195484911248,1063.9978690277308,-1.6315920440801122,-0.7210729153564357,6.9862045139924795,32455U
2025-06-29T22:01:39.038017,6158.188658661542,-3986.665050746387,1481.093359215653,-1.9865081481835225,-0.49435806173506847,6.913324394671361,32455U
2025-06-29T22:02:39.038017,6028.527675787591,-4009.4786151938956,1893.1033312562865,-2.3345976607328636,-0.2659639752415066,6.816708113408822,32455U
2025-06-29T22:03:39.038017,5878.215010304294,-4018.5573394859516,2298.612737135507,-2.6747443431803593,-0.03662244961261137,6.696663783826389,32455U
2025-06-29T22:04:39.038017,5707.759965278233,-4013.8663553067227,2696.22693068786,-3.005853633438307,0.19293193775106157,6.553564487521081,32455U
2025-06-29T22:05:39.038017,5517.736793854992,-3995.414892410928,3084.575538251281,-3.326854762117805,0.421963239663969,6.387847576153718,32455U
2025-06-29T22:06:39.038017,5308.7832180347295,-3963.256322545304,3462.3162891478355,-3.6367028589121753,0.6497355498152751,6.200013961879388,32455U
2025-06-29T22:07:39.038017,5081.598821514422,-3917.488119489671,3828.138805493819,-3.9343810588436807,0.8755144160301718,5.990627395720892,32455U
2025-06-29T22:08:39.038017,4836.943315846416,-3858.2517346340783,4180.768350672986,-4.2189026182982134,1.098568262409579,5.760313732088805,32455U
2025-06-29T22:09:39.038017,4575.634678564939,-3785.7323870917703,4518.9695355396725,-4.489313050894606,1.3181698270670108,5.5097601761060035,32455U
2025-06-29T22:10:39.038017,4298.547161350789,-3700.1587669178057,4841.549981054983,-4.744692293249174,1.5335976225987584,5.239714508687897,32455U
2025-06-29T22:11:39.038017,4006.6091657445622,-3601.8026495618747,5147.363935594526,-4.98415691057093,1.74413742679972,4.950984282453706,32455U
2025-06-29T22:12:39.038017,3700.8009833956985,-3490.978419235838,5435.315844587096,-5.206862351717716,1.9490838114463567,4.644435979504246,32455U
2025-06-29T22:13:39.038017,3382.1523973466233,-3368.0424984248407,5704.363869458112,-5.412005262830703,2.147741717196768,4.320994119892056,32455U
2025-06-29T22:14:39.038017,3051.7401404218554,-3233.392680322291,5953.523352040159,-5.5988258678934795,2.339428082768863,3.9816403072535986,32455U
2025-06-29T22:15:39.038017,2710.6852064226778,-3087.4673605278826,6181.870219682857,-5.766610423500328,2.5234735365306786,3.6274121955808893,32455U
2025-06-29T22:16:39.038017,2360.1500095381625,-2930.7446639222962,6388.544325235303,-5.91469375371884,2.6992241584357126,3.259402358515296,32455U
2025-06-29T22:17:39.038017,2001.3353871941692,-2763.7414622338206,6572.752714881057,-6.042461869152424,2.8660433198245068,2.8787570398964584,32455U
2025-06-29T22:18:39.038017,1635.4774414799626,-2587.0122774462366,6733.772815485977,-6.149354672116703,3.0233136079632086,2.486674761635368,32455U
2025-06-29T22:19:39.038017,1263.8442143516565,-2401.1480658823284,6870.955531664256,-6.234868747198697,3.1704388412560602,2.084404762383821,32455U
2025-06-29T22:20:39.038017,887.7321920207773,-2206.774877540896,6983.728241190387,-6.2985602333494874,3.306846179824946,1.6732452380096174,32455U
2025-06-29T22:21:39.038017,508.4626343411311,-2004.5523850942914,7071.5976756834825,-6.340047770046349,3.4319883345524267,1.2545413526765976,32455U
2025-06-29T22:22:39.038017,127.37772559798123,-1795.172276868479,7134.152671691912,-6.35901550595615,3.5453458757219067,0.829682987443189,32455U
2025-06-29T22:23:39.038017,-254.16345604846165,-1579.3565081713666,7171.066775412379,-6.355216153939755,3.646429640020216,0.40010219190391033,32455U
2025-06-29T22:24:39.038017,-634.7891521243741,-1357.8554055074069,7182.100682329482,-6.328474071201798,3.7347832318985246,-0.032729696406711264,32455U
2025-06-29T22:25:39.038017,-1013.1193206841994,-1131.4456185543327,7167.104491081425,-6.278688337961494,3.8099856121049087,-0.46730530017642696,32455U
2025-06-29T22:26:39.038017,-1387.7702150248,-900.9279152960652,7126.0197488911235,-6.205835802283361,3.8716537626265644,-0.9020848525356658,32455U
2025-06-29T22:27:39.038017,-1757.359140845384,-667.1248164353472,7058.881263997224,-6.109974052775108,3.9194454133386945,-1.3355002819458972,32455U
2025-06-29T22:28:39.038017,-2120.509386090094,-430.8780661553894,6965.818658734709,-5.991244274870092,3.9530618114068177,-1.7659597613355322,32455U
2025-06-29T22:29:39.038017,-2475.855315005941,-193.04593750697921,6847.0576353184615,-5.849873940542985,3.972250509993906,-2.1918527467144306,32455U
2025-06-29T22:30:39.038017,-2822.0476149363412,45.49962785179595,6702.920925046062,-5.686179275749687,3.9768081481889097,-2.6115555247998983,32455U
2025-06-29T22:31:39.038017,-3157.758681013497,283.87604409938757,6533.828890645813,-5.500567444874909,3.96658318940773,-3.023437282017899,32455U
2025-06-29T22:32:39.038017,-3481.6881202838103,521.1932664152622,6340.299750932601,-5.2935383872492965,3.941478580971408,-3.4258666986354522,32455U
2025-06-29T22:33:39.038017,-3792.5683529206117,756.557131131165,6122.94939688921,-5.065686237630038,3.901454293296248,-3.8172190617424593,32455U
2025-06-29T22:34:39.038017,-4089.170284117581,989.0728426123688,5882.490768851268,-4.817700260688231,3.8465296933179083,-4.1958838794398,32455U
2025-06-29T22:35:39.038017,-4370.309016093426,1217.8485958647093,5619.732765721719,-4.550365229269888,3.7767857036081676,-4.560272966070689,32455U
2025-06-29T22:36:39.038017,-4634.849565469893,1441.9993209301556,5335.578659147509,-4.264561177731964,3.6923666963234227,-4.908828954891445,32455U
2025-06-29T22:37:39.038017,-4881.712547218944,1660.650532063652,5031.023988418954,-3.96126246520531,3.5934820698426773,-5.240034180520221,32455U
2025-06-29T22:38:39.038017,-5109.879782541952,1872.9422615461574,4707.153915536037,-3.641536089348987,3.4804074558883484,-5.5524198592136065,32455U
2025-06-29T22:39:39.038017,-5318.3997845754775,2078.0330548553297,4365.140024444031,-3.3065391991247446,3.3534855062318023,-5.844575480936263,32455U
2025-06-29T22:40:39.038017,-5506.39307285637,2275.10400087281,4006.2365538620807,-2.9575157653444437,3.2131262108902243,-6.1151583137981875,32455U
2025-06-29T22:41:39.038017,-5673.05726517022,2463.362767952847,3631.7760593655603,-2.5957923801407308,3.0598067040973196,-6.362902909264967,32455U
2025-06-29T22:42:39.038017,-5817.671893889836,2642.047614113172,3243.164507349436,-2.2227731708941976,2.8940705202962547,-6.58663048613684,32455U
2025-06-29T22:43:39.038017,-5939.602893300771,2810.431337426714,2841.8758111025622,-1.839933830255921,2.716526269926287,-6.785258063150442,32455U
2025-06-29T22:44:39.038017,-6038.306704830492,2967.825131005019,2429.445827284595,-1.4488147813244947,2.527845713735354,-6.957807204687696,32455U
2025-06-29T22:45:39.038017,-6113.333948616652,3113.5823058529913,2007.4658394536891,-1.051013515314088,2.328761224577219,-7.103412241880055,32455U
2025-06-29T22:46:39.038017,-6164.332612519086,3247.101844418122,1577.575563738867,-0.6481761576386932,2.120062636899001,-7.221327832696085,32455U
2025-06-29T22:47:39.038017,-6191.050713516121,3367.8317479256734,1141.4557200368936,-0.24198833661230953,1.9025934960762942,-7.310935729606878,32455U
2025-06-29T22:48:39.038017,-6193.33839139151,3475.2721416143854,700.8202200238076,0.16583455368705463,1.67724673206033,-7.371750632187601,32455U
2025-06-29T22:49:39.038017,-6171.149400647043,3568.9781037889456,257.40803054252507,0.5735575890774476,1.4449597940585306,-7.403425014454708,32455U
2025-06-29T22:50:39.038017,-6124.541973549787,3648.562187168464,-187.02522265547915,0.9794369285546582,1.2067092947690998,-7.405752832604268,32455U
2025-06-29T22:51:39.038017,-6053.679034988746,3713.6966043009343,-630.7158405118992,1.3817306734433312,0.9635052236030294,-7.3786720377112145,32455U
2025-06-29T22:52:39.038017,-5958.827758182842,3764.1150527578184,-1071.9007512263715,1.7787098329818716,0.7163847979719545,-7.322265839325183,32455U
2025-06-29T22:53:39.038017,-5840.358459035909,3799.6141603336596,-1508.8262487410932,2.16866925274509,0.46640602972978784,-7.236762689099128,32455U
2025-06-29T22:54:39.038017,-5698.742835836613,3820.054535434785,-1939.7566909406316,2.5499383618576292,0.2146410899396438,-7.122534977857628,32455U
2025-06-29T22:55:39.038017,-5534.551569811326,3825.361413115323,-2362.9830797421073,2.9208915982508974,-0.03783044092195598,-6.980096464047905,32455U
2025-06-29T22:56:39.038017,-5348.451310512842,3815.524892665497,-2776.8314471676185,3.2799583781628416,-0.2899283485502658,-6.810098475497724,32455U
2025-06-29T22:57:39.038017,-5141.201077938645,3790.599768124168,-3179.670974878875,3.62563248641344,-0.5405784980692951,-6.6133249490324255,32455U
2025-06-29T22:58:39.038017,-4913.648120416481,3750.7049584275087,-3569.921779387835,3.956480777306119,-0.7887193997535955,-6.39068639305051,32455U
2025-06-29T22:59:39.038017,-4666.723273499235,3696.0225489772265,-3946.0623010805866,4.271151091800947,-1.0333085470271168,-6.143212875991456,32455U
2025-06-29T23:00:39.038017,-4401.435870233897,3626.7964610871654,-4306.636242113816,4.568379314289091,-1.2733284534543154,-5.872046158241375,32455U
2025-06-29T23:01:39.038017,-4118.868257135406,3543.330769940591,-4650.259005911498,4.846995511194391,-1.5077923239090838,-5.578431096071955,32455U
2025-06-29T23:02:39.038017,-3820.1699729347356,3445.9876952728678,-4975.623599203661,5.105929113098116,-1.735749304821819,-5.263706453477624,32455U
2025-06-29T23:03:39.038017,-3506.5516487068353,3335.185291930169,-5281.505966018947,5.344213121428941,-1.956289268954306,-4.929295261257925,32455U
2025-06-29T23:04:39.038017,-3179.278688333832,3211.394869705827,-5566.76973156727,5.560987339395937,-2.168547101168607,-4.57669486248247,32455U
2025-06-29T23:05:39.038017,-2839.6647875185586,3075.138173418702,-5830.37034227814,5.755500644198006,-2.37170646273817,-4.207466779852611,32455U
2025-06-29T23:06:39.038017,-2489.0653478233207,2926.9843550822884,-6071.358596217242,5.9271123331796085,-2.565003022552091,-3.823226533791716,32455U
2025-06-29T23:07:39.038017,-2128.8708396193597,2767.5467702643964,-6288.883565500806,6.075292590152318,-2.7477271537565944,-3.4256335308387924,32455U
2025-06-29T23:08:39.038017,-1760.5001645218254,2597.4796304015676,-6482.194919051318,6.199622129340644,-2.91922610370759,-3.0163811305879906,32455U
2025-06-29T23:09:39.038017,-1385.394064021072,2417.4745419835085,-6650.644659978504,6.29979108320139,-3.0789056533592403,-2.5971869865757813,32455U
2025-06-29T23:10:39.038017,-1005.0086167580405,2228.2569622379433,-6793.68829697167,6.375597206691959,-3.226231289244048,-2.16978374271831,32455U
2025-06-29T23:11:39.038017,-620.8088623672407,2030.5825993013282,-6910.885473332051,6.426943474503661,-3.3607289169326053,-1.7359101526590108,32455U
2025-06-29T23:12:39.038017,-234.26258518572683,1825.233782949411,-7001.900080652289,6.45383514948103,-3.4819851492631178,-1.2973026752074235,32455U
2025-06-29T23:13:39.038017,153.1657135019761,1613.0158298510178,-7066.499886707828,6.456376400146554,-3.589647205742248,-0.855687585327207,32455U
2025-06-29T23:14:39.038017,540.0206305171567,1394.7534250849405,-7104.555708905476,6.434766543202237,-3.68342246140417,-0.4127736272386428,32455U
2025-06-29T23:15:39.038017,924.86144328031,1171.2870393829617,-7116.040165712533,6.389295983384427,-3.763077684187261,0.0297547756058811,32455U
2025-06-29T23:16:39.038017,1306.2674439277062,943.4693992923615,-7101.0260389430605,6.32034191840933,-3.8284379996802707,0.4702437494379418,32455U
2025-06-29T23:17:39.038017,1682.8430129574226,712.1620252390029,-7059.684279691166,6.228363871266877,-3.879385621049975,0.907075642862198,32455U
2025-06-29T23:18:39.038017,2053.222423695126,478.2318503511069,-6992.281690162547,6.113899106084535,-3.9158583802483413,1.3386741558712152,32455U
2025-06-29T23:19:39.038017,2416.074371889037,242.54793090889794,-6899.178312748405,5.977557977450955,-3.9378480943627805,1.7635089439614562,32455U
2025-06-29T23:20:39.038017,2770.1062274077462,5.978257430238271,-6780.824556490242,5.820019256688333,-3.9453987983671044,2.180099720973062,32455U
2025-06-29T23:21:39.038017,3114.0680073235853,-230.6133262959661,-6637.758089672151,5.642025472282792,-3.9386048726885994,2.5870198878347317,32455U
2025-06-29T23:22:39.038017,3446.7560716392727,-466.37009045468085,-6470.600525713426,5.444378295677979,-3.917609091047571,2.982899716795669,32455U
2025-06-29T23:23:39.038017,3767.0165445786984,-700.44526833211,-6280.053927873545,5.227933998022081,-3.882600611053529,3.366429122111425,32455U
2025-06-29T23:24:39.038017,4073.7484657375608,-932.0047841497252,-6066.89715657101,4.993598998315487,-3.8338129271388213,3.736360048668028,32455U
2025-06-29T23:25:39.038017,4365.906676508874,-1160.2298575025231,-5831.982081392497,4.742325518780712,-3.771521802642031,4.091508509836565,32455U
2025-06-29T23:26:39.038017,4642.504448084993,-1384.3194832314064,-5576.2296781602145,4.475107359191428,-3.6960431952664443,4.4307563050887655,32455U
2025-06-29T23:27:39.038017,4902.615858017063,-1603.4927863597713,-5300.6260297599465,4.19297579835558,-3.607731187767322,4.753052446706434,32455U
2025-06-29T23:28:39.038017,5145.377922824658,-1816.9912524144966,-5006.21824781308,3.8969956279154565,-3.5069759335784556,5.057414323424073,32455U
2025-06-29T23:29:39.038017,5369.992494491458,-2024.0808340239362,-4694.110330735263,3.588261321093002,-3.3942016251864064,5.342928627131177,32455U
2025-06-29T23:30:39.038017,5575.727928904811,-2224.053935170971,-4365.458972247093,3.267893336905421,-3.2698644913888155,5.608752066951636,32455U
2025-06-29T23:31:39.038017,5761.920534397343,-2416.2312748735767,-4021.4693330067234,2.937034558670241,-3.1344508281246415,5.854111893163146,32455U
2025-06-29T23:32:39.038017,5927.975808547909,-2599.963632379608,-3663.390786723735,2.5968468642592284,-2.9884750663234847,6.078306251582959,32455U
2025-06-29T23:33:39.038017,6073.369471318926,-2774.63347621346,-3292.512650873306,2.248507824480328,-2.8324778791625365,6.280704387281632,32455U
2025-06-29T23:34:39.038017,6197.648302447934,-2939.6564795956824,-2910.1599109734043,1.8932075251307028,-2.6670243302255883,6.460746714809986,32455U
2025-06-29T23:35:39.038017,6300.430790785846,-3094.482924882519,-2517.688946314195,1.53214550762356,-2.492702063307068,6.6179447705593155,32455U
2025-06-29T23:36:39.038017,6381.407602998062,-3238.5989997517527,-2116.4832640182813,1.1665278225878928,-2.310119533963486,6.751881061438697,32455U
2025-06-29T23:37:39.038017,6440.341878712127,-3371.52798788772,-1707.9492473866,0.7975641904585392,-2.1199042823740912,6.862208822732412,32455U
2025-06-29T23:38:39.038017,6477.069358822138,-3492.8313569039396,-1293.511923628253,0.4264652627643206,-1.9227012466032936,6.948651696800903,32455U
2025-06-29T23:39:39.038017,6491.49835324673,-3602.109746187771,-874.6107552856716,0.05443997755986073,-1.7191711149420494,7.011003343195778,32455U
2025-06-29T23:40:39.038017,6483.6095539881335,-3699.0038572573794,-452.6954589562764,-0.3173069977834785,-1.509988715630486,7.049126989756995,32455U
2025-06-29T23:41:39.038017,6453.455698859742,-3783.195249094612,-29.221854263284175,-0.6875777434415447,-1.2958414419083106,7.062954933334942,32455U
2025-06-29T23:42:39.038017,6401.1610907412105,-3854.407040754121,394.3522545354391,-1.0551834908917126,-1.0774277100013407,7.052487997908115,32455U
2025-06-29T23:43:39.038017,6326.920976687215,-3912.404523358602,816.5711624268866,-1.4189469610477656,-0.855455447303812,7.0177949570327,32455U
2025-06-29T23:44:39.038017,6231.000790662448,-3956.9956833648944,1235.985311550802,-1.7777046445129434,-0.6306406076746998,6.95901192673766,32455U
2025-06-29T23:45:39.038017,6113.735263101229,-3988.031638737566,1651.1553020519616,-2.1303090319865357,-0.403705710393582,6.876341734149313,32455U
2025-06-29T23:46:39.038017,5975.527399903792,-4005.406989387121,2060.6558650605525,-2.475630803145579,-0.1753783989485672,6.770053266270146,32455U
2025-06-29T23:47:39.038017,5816.847332880402,-4009.060082928442,2463.0797972017253,-2.8125609826437916,0.053609984576537296,6.64048080242633,32455U
2025-06-29T23:48:39.038017,5638.231043046137,-3998.9731964883595,2857.04185616074,-3.140013072181662,0.28252581416622186,6.488023332916356,32455U
2025-06-29T23:49:39.038017,5440.278957555622,-3975.1726349424302,3241.1826168788775,-3.4569251679081776,0.5106345886751211,6.313143865320014,32455U
2025-06-29T23:50:39.038017,5223.654420451958,-3937.7287455914047,3614.172287920608,-3.7622620726965272,0.7372023403029497,6.1163687187426365,32455U
2025-06-29T23:51:39.038017,4989.082036792878,-3886.7558488993186,3974.7144874281353,-4.055017413072521,0.961497048729962,5.898286804959001,32455U
2025-06-29T23:52:39.038017,4737.345889111808,-3822.412084508996,4321.549977868252,-4.334215770747858,1.1827900673505123,5.659548893965624,32455U
2025-06-29T23:53:39.038017,4469.287624585772,-3744.8991713308023,4653.460358460043,-4.598914838783486,1.4003575684692837,5.400866859845587,32455U
2025-06-29T23:54:39.038017,4185.804410704784,-3654.4620800656767,4969.271713772483,-4.84820761237373,1.6134820147305107,5.123012901071188,32455U
2025-06-29T23:55:39.038017,3887.846756702077,-3551.388616083035,5267.85821645464,-5.081224624034302,1.821453664392152,4.8268187274357945,32455U
2025-06-29T23:56:39.038017,3576.416197491009,-3436.0089101241756,5548.145681444428,-5.297136232595685,2.0235721183395063,4.51317470369201,32455U
2025-06-29T23:57:39.038017,3252.562836397105,-3308.694813854195,5809.115068255058,-5.495154974780147,2.2191479169101296,4.183028937708455,32455U
2025-06-29T23:58:39.038017,2917.3827425688487,-3169.859196841014,6049.805927078044,-5.6745379872529575,2.4075041946599534,3.8373862985428597,32455U
2025-06-29T23:59:39.038017,2572.0151986158735,-3019.95514110647,6269.319783455537,-5.834589505837479,2.587978401104087,3.477307347292839,32455U
2025-06-30T00:00:39.038017,2217.639793779355,-2859.475028982262,6466.823455155514,-5.974663447025722,2.7599240951794095,3.1039071609685243,32455U
2025-06-30T00:01:39.038017,1855.473357792791,-2688.94951961847,6641.552293638449,-6.094166074966474,2.9227128206713795,2.718354026967952,32455U
2025-06-30T00:02:39.038017,1486.766730572107,-2508.9464091489253,6792.813341123493,-6.192558754729491,3.07573606908218,2.3218679830976074,32455U
2025-06-30T00:03:39.038017,1112.8013629984673,-2320.069369228329,6919.988392753939,-6.269360789798543,3.218407335359038,1.9157191755343455,32455U
2025-06-30T00:04:39.038017,734.8857443473735,-2122.9565584342517,7022.536951731135,-6.324152338415945,3.3501642705165766,1.5012260047578425,32455U
2025-06-30T00:05:39.038017,354.351652401363,-1918.2791008915317,7099.99906354122,-6.356577399573817,3.470470933442472,1.079753027399318,32455U
2025-06-30T00:06:39.038017,-27.449777011384857,-1706.7394264470845,7151.998013555998,-6.366346855127537,3.57882014204592,0.6527085802706787,32455U
2025-06-30T00:07:39.038017,-409.15216336467626,-1489.0694668169192,7178.242870371586,-6.353241549716351,3.674735921378638,0.22154209167880698,32455U
2025-06-30T00:08:39.038017,-789.3781787613638,-1266.028702369154,7178.530855281286,-6.317115384958212,3.757776043416459,-0.2122589553623536,32455U
2025-06-30T00:09:39.038017,-1166.744028820061,-1038.4020546188483,7152.749516301014,-6.257898398807555,3.82753464984458,-0.6471724430930539,32455U
2025-06-30T00:10:39.038017,-1539.864114874408,-806.9976201144168,7100.878683220238,-6.175599795122421,3.8836449454604636,-1.081645455944652,32455U
2025-06-30T00:11:39.038017,-1907.3558730806308,-572.6442422133608,7022.992178291546,-6.07031088250364,3.925781945735484,-1.5140985658923867,32455U
2025-06-30T00:12:39.038017,-2267.844783525303,-336.1889183019329,6919.259255461272,-5.942207875501391,3.9536652577175713,-1.9429305940710668,32455U
2025-06-30T00:13:39.038017,-2619.969539589731,-98.49404131697587,6789.945739550864,-5.791554505514438,3.9670618688976433,-2.366523871585091,32455U
2025-06-30T00:14:39.038017,-2962.3873646544403,139.56552399946713,6635.414835602345,-5.618704383349648,3.96578891400473,-2.7832500161076146,32455U
2025-06-30T00:15:39.038017,-3293.7794597468987,377.10552783835794,6456.127577785031,-5.424103050700367,3.9497163850680104,-3.1914762330726205,32455U
2025-06-30T00:16:39.038017,-3612.8565619817027,613.2355806636641,6252.642886914051,-5.208289653997502,3.9187697456401223,-3.589572141019462,32455U
2025-06-30T00:17:39.038017,-3918.3645896755947,847.0625503893531,6025.617205836831,-4.971898171446855,3.872932405983861,-3.9759171100247004,32455U
2025-06-30T00:18:39.038017,-4209.090345894463,1077.694102007128,5775.803682795104,-4.715658122861841,3.8122480124687312,-4.348908090258293,32455U
2025-06-30T00:19:39.038017,-4483.86724800753,1304.242367452053,5504.0508744386925,-4.440394692375904,3.7368225015994514,-4.706967894745124,32455U
2025-06-30T00:20:39.038017,-4741.581046675732,1525.8277304967244,5211.300942527728,-4.147028196505399,3.6468258672016556,-5.048553886651345,32455U
2025-06-30T00:21:39.038017,-4981.175493718564,1741.5827083653628,4898.587321553031,-3.836572834503174,3.5424935885063027,-5.372167007205337,32455U
2025-06-30T00:22:39.038017,-5201.657914598574,1950.65590861225,4567.031838575296,-3.510134664636843,3.4241276673794316,-5.676361066088964,32455U
2025-06-30T00:23:39.038017,-5402.104637995764,2152.2160367122606,4217.841271517046,-3.1689087589773135,3.292097224874541,-5.9597522022877305,32455U
2025-06-30T00:24:39.038017,-5581.666232239001,2345.455926838229,3852.3033379304497,-2.8141755004819924,3.146838610750333,-6.221028410450402,32455U
2025-06-30T00:25:39.038017,-5739.572496377027,2529.5965655631785,3471.782112829677,-2.447295999457523,2.988854984644416,-6.458959016333994,32455U
2025-06-30T00:26:39.038017,-5875.137152525471,2703.891075811795,3077.7128814456605,-2.0697066216847437,2.8187153342274947,-6.672403975411842,32455U
2025-06-30T00:27:39.038017,-5987.762185953876,2867.6286264103537,2671.5964405780605,-1.6829126372319805,2.637052903802257,-6.8603228617321825,32455U
2025-06-30T00:28:39.038017,-6076.941780258794,3020.13823112938,2254.992870446923,-1.2884810168735152,2.4445630163295546,-7.0217834100691014,32455U
2025-06-30T00:29:39.038017,-6142.265796986553,3160.792400277907,1829.5148073644402,-0.8880324215340356,2.242000282542198,-7.155969473703338,32455U
2025-06-30T00:30:39.038017,-6183.422752245525,3289.010607752298,1396.8202559630781,-0.4832324487438893,2.030175202381508,-7.262188263063681,32455U
2025-06-30T00:31:39.038017,-6200.202247184484,3404.262537029748,958.6049878712847,-0.07578221806841393,1.8099501761226355,-7.339876737107195,32455U
2025-06-30T00:32:39.038017,-6192.496814657957,3506.071070950109,516.5945813914353,0.33259160576240326,1.582234954869667,-7.388607029707679,32455U
2025-06-30T00:33:39.038017,-6160.303150861043,3594.0149922550645,72.53616367045521,0.7401472383762345,1.3479815721965314,-7.408090807300037,32455U
2025-06-30T00:34:39.038017,-6103.722708064122,3667.7313647307333,-371.81007718500416,1.1451385238080516,1.1081788101560597,-7.39818247128207,32455U
2025-06-30T00:35:39.038017,-6022.9616326393525,3726.917568370969,-814.6795377798636,1.545825869400116,0.8638462632835675,-7.358881138733959,32455U
2025-06-30T00:36:39.038017,-5918.33004114427,3771.3329661730745,-1254.3119271530343,1.9404872256877548,0.6160280731828437,-7.29033135728765,32455U
2025-06-30T00:37:39.038017,-5790.24063608707,3800.8001848848494,-1688.9599987892675,2.327428966828069,0.36578641348793006,-7.192822533752856,32455U
2025-06-30T00:38:39.038017,-5639.206671902982,3815.2059971238727,-2116.8982086633264,2.704996528307054,0.11419481017142806,-7.0667870806076385,32455U
2025-06-30T00:39:39.038017,-5465.839290374165,3814.5017976461754,-2536.4312221230207,3.07158466357952,-0.13766861486876122,-6.9127973088665495,32455U
2025-06-30T00:40:39.038017,-5270.844252996628,3798.703672003924,-2945.9021949743787,3.4256471897522185,-0.38872788834159033,-6.7315611193392755,32455U
2025-06-30T00:41:39.038017,-5055.018105407293,3767.892061251928,-3343.700758134775,3.7657061041286135,-0.6379158312509619,-6.523916566106812,32455U
2025-06-30T00:42:39.038017,-4819.243815749891,3722.211031593474,-3728.2706404914193,4.090359967909817,-0.8841805226072154,-6.290825385486699,32455U
2025-06-30T00:43:39.038017,-4564.485934615082,3661.867162762047,-4098.116870991294,4.398291470061935,-1.1264915038804906,-6.033365600248235,32455U
2025-06-30T00:44:39.038017,-4291.785328827203,3587.1280733988747,-4451.812508265432,4.6882741026741375,-1.3638456545151822,-5.752723321937389,32455U
2025-06-30T00:45:39.038017,-4002.253544788866,3498.320605606323,-4788.004854033718,4.959177898388403,-1.595272677859893,-5.450183883587567,32455U
2025-06-30T00:46:39.038017,-3697.0668593167943,3395.8286941621177,-5105.421114888679,5.209974199997251,-1.8198401469641081,-5.127122440709941,32455U
2025-06-30T00:47:39.038017,-3377.460076914866,3280.090948517914,-5402.873485587639,5.439739451444795,-2.0366580704729773,-4.784994180301709,32455U
2025-06-30T00:48:39.038017,-3044.720132295487,3151.5979776560343,-5679.263635450193,5.64765801763122,-2.244882949918778,-4.425324275869526,32455U
2025-06-30T00:49:39.038017,-2700.1795557746464,3010.8894891456816,-5933.586587645996,5.8330240570979734,-2.443721310686004,-4.049697721456779,32455U
2025-06-30T00:50:39.038017,-2345.209857034898,2858.551194344554,-6164.933988895847,5.995242486460047,-2.6324326994839455,-3.6597491697879927,32455U
2025-06-30T00:51:39.038017,-1981.214879821813,2695.2115516816257,-6372.496774230252,6.133829088037758,-2.810332150993219,-3.25715288940376,32455U
2025-06-30T00:52:39.038017,-1609.6241765775103,2521.538379398216,-6555.56723783525,6.248409822332422,-2.9767921352146827,-2.8436129436062982,32455U
2025-06-30T00:53:39.038017,-1231.8864479373465,2338.2353680739343,-6713.540526607228,6.338719414724944,-3.1312440047820584,-2.4208536806834826,32455U
2025-06-30T00:54:39.038017,-849.4630876320124,2146.0385218243537,-6845.915577757648,6.404599291051426,-3.2731789679566434,-1.9906106108323434,32455U
2025-06-30T00:55:39.038017,-463.8218687357007,1945.71255528645,-6952.295525678447,6.445994939664047,-3.4021486181770957,-1.5546217309100667,32455U
2025-06-30T00:56:39.038017,-76.43080256310638,1738.0472715095473,-7032.387606289373,6.4629527783864615,-3.517765054865931,-1.1146193441129422,32455U
2025-06-30T00:57:39.038017,311.24780308149786,1523.8539437027318,-7086.002589300895,6.455616603676571,-3.619700632764632,-0.672322408267239,32455U
2025-06-30T00:58:39.038017,697.7630640246175,1303.9617215448357,-7113.053770286661,6.42422369658985,-3.707687378454484,-0.22942943396975465,32455U
2025-06-30T00:59:39.038017,1081.6810001478702,1079.2140804830283,-7113.555555254476,6.369100656100068,-3.7815161130555155,0.21238805746802025,32455U
2025-06-30T01:00:39.038017,1461.5897619535199,850.4653302058211,-7087.6216706069545,6.290659025284241,-3.8410353195092064,0.6514915162339008,32455U
2025-06-30T01:01:39.038017,1836.1045926980632,618.5771963000553,-7035.463031086445,6.189390770112899,-3.886149791505585,1.0862807948512223,32455U
2025-06-30T01:02:39.038017,2203.8725187463897,384.4154870383989,-6957.385297584629,6.065863664380218,-3.916819099160076,1.5151990431361075,32455U
2025-06-30T01:03:39.038017,2563.576763665564,148.84685531192062,-6853.786155651265,5.920716627908699,-3.9330559041376714,1.9367370883897779,32455U
2025-06-30T01:04:39.038017,2913.940884087477,-87.26433606233753,-6725.152344234039,5.754655058780847,-3.9349241542023217,2.3494373262127852,32455U
2025-06-30T01:05:39.038017,3253.7326275312394,-323.0590390539011,-6572.0564626920295,5.568446194161276,-3.9225371842668753,2.75189715036381,32455U
2025-06-30T01:06:39.038017,3581.767514210786,-557.6864300103646,-6395.1535825096225,5.3629145284141435,-3.8960557480471425,3.1427719520208943,32455U
2025-06-30T01:07:39.038017,3896.912146391411,-790.3067002951972,-6195.177688444575,5.138937311788847,-3.855686001474842,3.5207777197924854,32455U
2025-06-30T01:08:39.038017,4198.087250109818,-1020.0937252857443,-5972.937972122821,4.897440148018311,-3.801677456175586,3.8846932720007485,32455U
2025-06-30T01:09:39.038017,4484.270455091188,-1246.2376100575316,-5729.314999366481,4.639392704769611,-3.7343209186259148,4.233362152302651,32455U
2025-06-30T01:10:39.038017,4754.498819484634,-1467.9471109495212,-5465.256770847627,4.36580454703243,-3.6539464281083767,4.565694218735907,32455U
2025-06-30T01:11:39.038017,5007.871106637925,-1684.4519329519333,-5181.77469401322,4.077721100208817,-3.560921204311746,4.880666954926317,32455U
2025-06-30T01:12:39.038017,5243.549821566886,-1895.0049034949425,-4879.939482637193,3.7762197468489678,-3.4556476133857026,5.177326530585352,32455U
2025-06-30T01:13:39.038017,5460.763015057115,-2098.8840237447716,-4560.87699884375,3.4624060586357133,-3.338561159459506,5.454788636649483,32455U
2025-06-30T01:14:39.038017,5658.8058634996105,-2295.394398956224,-4225.764051003906,3.1374101632937137,-3.210128507062504,5.712239118566802,32455U
2025-06-30T01:15:39.038017,5837.0420326135945,-2483.8700497870113,-3875.824159548443,2.802383244549058,-3.070845538528895,5.94893442937467,32455U
2025-06-30T01:16:39.038017,5994.9048331684135,-2663.6756067616284,-3512.3233014632096,2.4584941720353557,-2.9212354493122437,6.16420192239172,32455U
2025-06-30T01:17:39.038017,6131.8981766974985,-2834.207890291194,-3136.5656430305703,2.1069262570761382,-2.7618468831524567,6.357440001609638,32455U
2025-06-30T01:18:39.038017,6247.597339004677,-2994.8973788106705,-2749.8892692639906,1.7488741295322157,-2.5932521082109248,6.528118146231418,32455U
2025-06-30T01:19:39.038017,6341.649539012638,-3145.2095676981553,-2353.661917439327,1.3855407303308518,-2.4160452345912753,6.675776824286022,32455U
2025-06-30T01:20:39.038017,6413.774340198507,-3284.646221695043,-1949.276721157308,1.0181344138528825,-2.2308404730717584,6.80002730885657,32455U
2025-06-30T01:21:39.038017,6463.763881508805,-3412.746523551803,-1538.1479704818644,0.6478661540142413,-2.0382704343714306,6.900551409185919,32455U
2025-06-30T01:22:39.038017,6491.482944253176,-3529.0881215926397,-1121.7068928727674,0.2759468475951711,-1.8389844678305862,6.977101127768127,32455U
2025-06-30T01:23:39.038017,6496.8688610437575,-3633.2880788158545,-701.3974588909558,-0.09641529185983146,-1.63364703799813,7.0294982534763575,32455U
2025-06-30T01:24:39.038017,6479.931272385053,-3725.003726041718,-278.6722159633344,-0.4680172564806374,-1.4229361372520386,7.057633899811674,32455U
2025-06-30T01:25:39.038017,6440.751736023758,-3803.9334214724367,145.0118471017234,-0.8376636899647156,-1.2075417322422997,7.061467996452736,32455U
2025-06-30T01:26:39.038017,6379.483193649315,-3869.8172188557996,568.1974027035398,-1.2041692642765216,-0.9881642416049174,7.041028741434818,32455U
2025-06-30T01:27:39.038017,6296.349298993138,-3922.4374462369856,989.4308524605116,-1.5663609947446768,-0.7655130420578313,6.996412020458963,32455U
2025-06-30T01:28:39.038017,6191.643610811856,-3961.6191970486443,1407.2663593582458,-1.9230805014148757,-0.5403049996382358,6.927780799010962,32455U
2025-06-30T01:29:39.038017,6065.728653661178,-3987.2307350272995,1820.269843067991,-2.273186224798469,-0.31326302247614457,6.835364492132253,32455U
2025-06-30T01:30:39.038017,5919.0348487745605,-3999.183814156363,2227.0229377173773,-2.615555604458684,-0.08511463111375886,6.719458315809178,32455U
2025-06-30T01:31:39.038017,5752.059316755996,-3997.4339145240774,2626.1269115686146,-2.949087229188959,0.143409458025883,6.580422623010844,32455U
2025-06-30T01:32:39.038017,5565.364553190093,-3981.9803946490933,3016.2065481401946,-3.2727029678381006,0.3715767408346049,6.418682226393642,32455U
2025-06-30T01:33:39.038017,5359.576977655061,-3952.866560470312,3395.913988329977,-3.5853500901417767,0.5986543306377584,6.234725708573229,32455U
2025-06-30T01:34:39.038017,5135.385356015284,-3910.1796508207117,3763.9325330113775,-3.8860033871733726,0.8239103659363004,6.029104719635596,32455U
2025-06-30T01:35:39.038017,4893.539095262089,-3854.050738810664,4118.980405413489,-4.1736673012401235,1.0466154269238221,5.802433260192853,32455U
2025-06-30T01:36:39.038017,4634.846409573576,-3784.654548134987,4459.81447233967,-4.447378075184465,1.2660439673705766,5.555386946774475,32455U
2025-06-30T01:37:39.038017,4360.172355686938,-3702.2091828940206,4785.233922919947,-4.706205931075934,1.4814757688808824,5.288702254675006,32455U
2025-06-30T01:38:39.038017,4070.4367351154206,-3606.9757690826245,5094.083903141295,-4.949257288177351,1.6921974249118195,5.003175731536681,32455U
2025-06-30T01:39:39.038017,3766.6118602211977,-3499.2580054591044,5385.2591038288165,-5.175677029787675,1.8975038622560185,4.6996631729429295,32455U
2025-06-30T01:40:39.038017,3449.720180662648,-3379.4016210575023,5657.707299082222,-5.384650828087796,2.0966999079347017,4.379078749119749,32455U
2025-06-30T01:41:39.038017,3120.8317663029534,-3247.7937361622126,5910.432831372185,-5.575407535381686,2.289101909574772,4.042394069517707,32455U
2025-06-30T01:42:39.038017,2781.06164229497,-3104.862123126469,6142.50003858503,-5.747221649108427,2.4740394173393176,3.690637169584293,32455U
2025-06-30T01:43:39.038017,2431.5669717564283,-2951.0743629907033,6353.03661726487,-5.899415856655613,2.6508569353121856,3.324891401459191,32455U
2025-06-30T01:44:39.038017,2073.5440812526954,-2786.9368934587264,6541.236915124352,-6.031363664280771,2.818915749860648,2.9462942076907064,32455U
2025-06-30T01:45:39.038017,1708.225324211203,-2612.9939434226853,6706.365144592904,-6.142492112317424,2.9775958418927178,2.55603575441361,32455U
2025-06-30T01:46:39.038017,1336.875777430416,-2429.8263489056812,6847.758507737086,-6.232284576265101,3.1262978890442232,2.155357397819257,32455U
2025-06-30T01:47:39.038017,960.7897660461142,-2238.0502450322792,6964.830221323046,-6.300283650308308,3.2644453626392083,1.7455499552758298,32455U
2025-06-30T01:48:39.038017,581.287212688818,-2038.315628450581,7057.072429111761,-6.346094106266508,3.391486722737906,1.3279517501984852,32455U
2025-06-30T01:49:39.038017,199.70980714275672,-1831.3047845370968,7124.058986689399,-6.3693859169349,3.5068977126864858,0.9039463978437492,32455U
2025-06-30T01:50:39.038017,-182.583006374562,-1617.730573737295,7165.448102256866,-6.369897328246533,3.6101837522893137,0.4749602977315136,32455U
2025-06-30T01:51:39.038017,-564.2182261281711,-1398.3345715506387,7180.9848148605115,-6.347437959701546,3.7008824260251454,0.04245979751214395,32455U
2025-06-30T01:52:39.038017,-943.8136744509228,-1173.8850569788563,7170.503289570677,-6.301891907121952,3.7785660596213644,-0.39205200706858084,32455U
2025-06-30T01:53:39.038017,-1319.9825628197277,-945.1748447489354,7133.92890714559,-6.233220816079335,3.842844374793923,-0.8270388707400361,32455U
2025-06-30T01:54:39.038017,-1691.3382372780773,-713.0189573114944,7071.280123803553,-6.1414668884153025,3.8933672080875024,-1.2609354287270471,32455U
2025-06-30T01:55:39.038017,-2056.4990987433102,-478.2521335360067,6982.670074924321,-6.026755778270759,3.9298272755523653,-1.6921516882460308,32455U
2025-06-30T01:56:39.038017,-2414.0936900945703,-241.7261721779259,6868.307894875828,-5.889299328123963,3.9519629605479376,-2.1190780073590147,32455U
2025-06-30T01:57:39.038017,-2762.765938945174,-4.307109610728635,6728.4997237886455,-5.729398089709547,3.9595610973527124,-2.54009058153816,32455U
2025-06-30T01:58:39.038017,-3101.18054168828,233.1277669979633,6563.649371060437,-5.547443569575197,3.95245971860579,-2.9535574513263962,32455U
2025-06-30T01:59:39.038017,-3428.028470800494,469.69306793194033,6374.258604748818,-5.343920134672377,3.9305507300432536,-3.3578450360583267,32455U
2025-06-30T02:00:39.038017,-3742.0325835273106,704.4986052335078,6160.927035893669,-5.1194065100359,3.8937824716822615,-3.7513251887460197,32455U
2025-06-30T02:01:39.038017,-4041.9533060221324,936.6528452315707,5924.351567287562,-4.874576798550623,3.8421621207236667,-4.132382756031574,32455U
2025-06-30T02:02:39.038017,-4326.594362844211,1165.2664987411827,5665.325377367545,-4.610200952291546,3.775757888180834,-4.499423614718782,32455U
2025-06-30T02:03:39.038017,-4594.808517537238,1389.4562354865272,5384.736411804217,-4.327144626195114,3.6947009587914623,-4.850883143051527,32455U
2025-06-30T02:04:39.038017,-4845.503285904698,1608.3485062500356,5083.565358088245,-4.026368348095038,3.599187122328279,-5.185235070887995,32455U
2025-06-30T02:05:39.038017,-5077.646579720547,1821.083453131999,4762.88308198122,-3.7089259445740668,3.4894780441693727,-5.50100063863056,32455U
2025-06-30T02:06:39.038017,-5290.272235068545,2026.818885168536,4423.847509152139,-3.375962169766557,3.365902124087196,-5.796757980606474,32455U
2025-06-30T02:07:39.038017,-5482.485376460252,2224.734293507572,4067.699940629719,-3.028709494188504,3.22885489478641,-6.071151635074239,32455U
2025-06-30T02:08:39.038017,-5653.467565464169,2414.0348774600534,3695.7607968424877,-2.668484022821223,3.07879891585438,-6.322902070651622,32455U
2025-06-30T02:09:39.038017,-5802.481680939538,2593.9555501380737,3309.424791903226,-2.296680525846788,2.9162631245084087,-6.550815108276677,32455U
2025-06-30T02:10:39.038017,-5928.876477225474,2763.7648901541233,2910.1555473269314,-1.9147665813733568,2.741841611805155,-6.753791109336421,32455U
2025-06-30T02:11:39.038017,-6032.090766909595,2922.7690040945804,2499.4796623914026,-1.5242758468107263,2.5561918017150544,-6.930833794833107,32455U
2025-06-30T02:12:39.038017,-6111.657176168576,3070.3152632832816,2078.980266686545,-1.1268004938046463,2.3600320204921488,-7.081058557823956,32455U
2025-06-30T02:13:39.038017,-6167.205423189913,3205.795877794684,1650.29008885768,-0.723982860280674,2.1541384548563536,-7.203700132200276,32455U
2025-06-30T02:14:39.038017,-6198.465073873965,3328.6512708388464,1215.0840838668996,-0.3175063915487903,1.9393415093355029,-7.298119485399046,32455U
2025-06-30T02:15:39.038017,-6205.267733840889,3438.373217543184,775.0716690928637,0.09091404000207154,1.7165215853628901,-7.363809810922608,32455U
2025-06-30T02:16:39.038017,-6187.548641676459,3534.5077138442325,331.9886269509265,0.4995423310425766,1.4866043169694807,-7.400401508536801,32455U
2025-06-30T02:17:39.038017,-6145.347635221319,3616.657543645409,-112.41126173135476,0.9066317397352031,1.2505553097637134,-7.4076660554755005,32455U
2025-06-30T02:18:39.038017,-6078.809470398863,3684.484515574544,-556.3647838617848,1.310435743639995,1.009374440920186,-7.385518690531884,32455U
2025-06-30T02:19:39.038017,-5988.183480396389,3737.7113445174987,-998.1079857891066,1.7092190241304046,0.7640897877073056,-7.334019854031548,32455U
2025-06-30T02:20:39.038017,-5873.8225717530295,3776.1231575214024,-1435.8849137341529,2.101268433687391,0.5157512603216513,-7.253375349713072,32455U
2025-06-30T02:21:39.038017,-5736.181562826398,3799.5686085468105,-1867.9563247636497,2.4849038014963685,0.2654240211391418,-7.143935218744422,32455U
2025-06-30T02:22:39.038017,-5575.814878970996,3807.960591764449,-2292.608290293535,2.85848843557469,0.014181776735840637,-7.006191340677435,32455U
2025-06-30T02:23:39.038017,-5393.373627314703,3801.276548503021,-2708.1606158398113,3.2204391861579005,-0.2368999689947384,-6.84077380026264,32455U
2025-06-30T02:24:39.038017,-5189.602082040288,3779.558368405523,-3112.9750039338905,3.5692359449981232,-0.4867506126271035,-6.648446081913314,32455U
2025-06-30T02:25:39.038017,-4965.333618356044,3742.911890697591,-3505.462891690395,3.903430468211292,-0.7343110144816604,-6.430099174479543,32455U
2025-06-30T02:26:39.038017,-4721.486139689062,3691.5060165680293,-3884.09290031051,4.2216544258603195,-0.9785398467081828,-6.186744687216323,32455U
2025-06-30T02:27:39.038017,-4459.057047928363,3625.5714483816946,-4247.397840599457,4.522626598964653,-1.2184196521082804,-5.919507092895667,32455U
2025-06-30T02:28:39.038017,-4179.117810672756,3545.3990756773674,-4593.981226181257,4.805159163461605,-1.4529625478765713,-5.629615225533996,32455U
2025-06-30T02:29:39.038017,-3882.8081823533753,3451.3380315592713,-4922.523254248789,5.0681630201203784,-1.6812155179595543,-5.318393167972737,32455U
2025-06-30T02:30:39.038017,-3571.33013779626,3343.7934461074615,-5231.7862221491205,5.310652148862918,-1.9022652481481814,-4.987250668508844,32455U
2025-06-30T02:31:39.038017,-3245.941577300895,3223.223925773614,-5520.619356634257,5.531746984750771,-2.1152424689460023,-4.637673226024614,32455U
2025-06-30T02:32:39.038017,-2907.949861699838,3090.1387893784663,-5787.963040987902,5.73067683050154,-2.319325782310081,-4.2712119798444395,32455U
2025-06-30T02:33:39.038017,-2558.705234255972,2945.095092305282,-6032.852433248226,5.906781336315623,-2.5137449591717784,-3.889473534231205,32455U
2025-06-30T02:34:39.038017,-2199.594183754139,2788.6944708167757,-6254.420476236687,6.059511091676248,-2.6977837049030686,-3.494109838456527,32455U
2025-06-30T02:35:39.038017,-1832.0327999191022,2621.579838170282,-6451.900306916496,6.188427385362753,-2.8707818993143928,-3.0868082322745685,32455U
2025-06-30T02:36:39.038017,-1457.4601684768343,2444.431963426075,-6624.627078656174,6.293201199059294,-3.032137326150025,-2.6692817539271387,32455U
2025-06-30T02:37:39.038017,-1077.3318489528783,2257.965962623484,-6772.039215182359,6.373611506602531,-3.181306914220607,-2.2432597940902403,32455U
2025-06-30T02:38:39.038017,-693.1134737875382,2062.9277304053044,-6893.679119362755,6.429542955170859,-3.3178075182073625,-1.810479164934944,32455U
2025-06-30T02:39:39.038017,-306.2745027190345,1860.0903383007637,-6989.193363444523,6.4609830067076786,-3.441216271738354,-1.3726756392471242,32455U
2025-06-30T02:40:39.038017,81.71783825630017,1650.250423801651,-7058.332390031188,6.468018617816245,-3.5511705486111693,-0.9315760007350605,32455U
2025-06-30T02:41:39.038017,469.40440858325843,1434.2245921590234,-7100.949754955876,6.450832534522595,-3.6473675700802355,-0.48889063361116225,32455U
2025-06-30T02:42:39.038017,855.3397750787772,1212.845850571423,-7117.000944364663,6.409699274966336,-3.72956369703963,-0.046306667574632344,32455U
2025-06-30T02:43:39.038017,1238.0975877652395,986.9600921665814,-7106.541798849047,6.344980868558415,-3.797573445854505,0.3945183163981486,32455U
2025-06-30T02:44:39.038017,1616.275697047087,757.4226449681894,-7069.726577436031,6.2571224147375135,-3.851268265662501,0.8319620233557253,32455U
2025-06-30T02:45:39.038017,1988.5010031058948,525.0948989145493,-7006.80569375181,6.146647518457167,-3.8905751133417414,1.2644426365294763,32455U
2025-06-30T02:46:39.038017,2353.4340314668607,290.8410219884744,-6918.123155802537,6.014153653203849,-3.9154748601779747,1.6904234825285194,32455U
2025-06-30T02:47:39.038017,2709.773231396513,55.524774655463595,-6804.11373964508,5.860307495918961,-3.92600056170754,2.108417192766042,32455U
2025-06-30T02:48:39.038017,3056.258996155366,-179.99356990901697,-6665.299925823358,5.6858402718651595,-3.9222356194041677,2.5169893880368894,32455U
2025-06-30T02:49:39.038017,3391.677406137411,-414.8601938682016,-6502.28862589262,5.491543141408458,-3.904311859935771,2.914761915692885,32455U
2025-06-30T02:50:39.038017,3714.863697639323,-648.2305865116855,-6315.767724692861,5.278262654988769,-3.872407554749419,3.3004156703739542,32455U
2025-06-30T02:51:39.038017,4024.7054614029007,-879.2722764740925,-6106.502462321393,5.046896297324181,-3.826745399832277,3.6726930298549556,32455U
2025-06-30T02:52:39.038017,4320.145576226478,-1107.1674421654857,-5875.331678021481,4.798388137176711,-3.7675904727117446,4.030399937452538,32455U
2025-06-30T02:53:39.038017,4600.184883844495,-1331.1153991330693,-5623.163936491427,4.533724594838892,-3.6952481811504523,4.372407661717145,32455U
2025-06-30T02:54:39.038017,4863.884611984677,-1550.334963892703,-5350.973555434323,4.253930335865042,-3.6100622155917947,4.6976542629838445,32455U
2025-06-30T02:55:39.038017,5110.368553023577,-1764.0666944554407,-5059.796551551245,3.9600642964742123,-3.512412515243652,5.005145794858507,32455U
2025-06-30T02:56:39.038017,5338.825006030941,-1971.5750083651862,-4750.726520618021,3.6532158434353232,-3.402713255753838,5.293957267022332,32455U
2025-06-30T02:57:39.038017,5548.5084902154595,-2172.150179548583,-4424.910465804871,3.334501069088406,-3.281410864732845,5.563233393908605,32455U
