timestamp,x_km,y_km,z_km,vx_km_s,vy_km_s,vz_km_s,name
2025-06-27T21:22:31.450646,5807.24200044639,4412.971132154465,248.53821130630556,1.0440401551862228,-0.7620655753474447,-7.301101194705281,37906U
2025-06-27T21:23:31.450646,5859.127971185621,4359.128636069673,-189.72042232397655,0.6851129831171721,-1.031948672848899,-7.30291961959285,37906U
2025-06-27T21:24:31.450646,5889.428308076519,4289.226846425305,-627.2785972614515,0.3247613940679169,-1.2972118984230367,-7.277803642406807,37906U
2025-06-27T21:25:31.450646,5898.098600680659,4203.5722505774875,-1062.527527753453,-0.035652403826462675,-1.556887517511685,-7.226014145667909,37906U
2025-06-27T21:26:31.450646,5885.175702537689,4102.528391555273,-1493.8771797820152,-0.3947829433654632,-1.810041747349543,-7.147913467407148,37906U
2025-06-27T21:27:31.450646,5850.776552201016,3986.513725628411,-1919.762236566169,-0.7513070087037986,-2.0557780350701247,-7.043961326448802,37906U
2025-06-27T21:28:31.450646,5795.09667508958,3855.999294751486,-2338.6478057137906,-1.103928773322046,-2.2932399753684773,-6.9147103637116825,37906U
2025-06-27T21:29:31.450646,5718.408389635668,3711.506235888051,-2749.034847220317,-1.4513845421865719,-2.521613864013119,-6.76080136514281,37906U
2025-06-27T21:30:31.450646,5621.0587423353745,3553.6031492104935,-3149.4653055570193,-1.7924470819295362,-2.7401308889469194,-6.582958232125414,37906U
2025-06-27T21:31:31.450646,5503.4671969877645,3382.9033468388616,-3538.526933086746,-2.125929529971119,-2.9480689658241452,-6.38198276417485,37906U
2025-06-27T21:32:31.450646,5366.123103657897,3200.062003152085,-3914.8577959158656,-2.450688880343015,-3.144754229501836,-6.158749316544817,37906U
2025-06-27T21:33:31.450646,5209.582972742436,3005.7732268117798,-4277.150456969496,-2.765629050415367,-3.3295621971588956,-5.914199392130229,37906U
2025-06-27T21:34:31.450646,5034.467578987426,2800.767073518772,-4624.155834504569,-3.0697035386606455,-3.5019186222958005,-5.649336222909951,37906U
2025-06-27T21:35:31.450646,4841.458919445444,2585.8065172149145,-4954.686737404909,-3.3619176889121967,-3.661300061831816,-5.365219391271956,37906U
2025-06-27T21:36:31.450646,4631.297048207165,2361.684395988927,-5267.621081395991,-3.641330581218297,-3.8072341808426873,-5.06295953606297,37906U
2025-06-27T21:37:31.450646,4404.776809346899,2129.220347384762,-5561.904792748583,-3.9070565733050673,-3.939299821166313,-4.7437131822629865,37906U
2025-06-27T21:38:31.450646,4162.74448793073,1889.2577461840701,-5836.554408093038,-4.158266519814774,-4.057126861158079,-4.408677726957978,37906U
2025-06-27T21:39:31.450646,3906.0943971980096,1642.6606560785679,-6090.659380632551,-4.394188698871197,-4.160395894326282,-4.0590866079206585,37906U
2025-06-27T21:40:31.450646,3635.765418187901,1390.3108049973794,-6323.38410432687,-4.614109477151785,-4.248837754458604,-3.696204674746519,37906U
2025-06-27T21:41:31.450646,3352.7375061882203,1133.104592241237,-6533.969668525813,-4.817373745541377,-4.322232914207449,-3.3213237762568086,37906U
2025-06-27T21:42:31.450646,3058.0281764747792,871.9501340267722,-6721.735356081921,-5.003385157644486,-4.380410782988475,-2.935758571881096,37906U
2025-06-27T21:43:31.450646,2752.6889799247774,607.7643525852101,-6886.079898184041,-5.171606202990085,-4.423248928518949,-2.5408425690656467,37906U
2025-06-27T21:44:31.450646,2437.8019772609446,341.4701126094825,-7026.482499055361,-5.321558145733005,-4.450672244440434,-2.1379243834978348,37906U
2025-06-27T21:45:31.450646,2114.4762189450953,73.99340762011418,-7142.503643278773,-5.452820858100492,-4.4626520842940085,-1.7283642141561868,37906U
2025-06-27T21:46:31.450646,1783.8442361160965,-193.7394022650895,-7233.785697881377,-5.565032575817776,-4.459205379705147,-1.313530520938265,37906U
2025-06-27T21:47:31.450646,1447.0585464792134,-460.8043006098534,-7300.053320461478,-5.657889600339551,-4.440393758047555,-0.894796888919155,37906U
2025-06-27T21:48:31.450646,1105.2881777202365,-726.2822732216748,-7341.1136836084315,-5.731145969981724,-4.406322672145336,-0.47353906017552216,37906U
2025-06-27T21:49:31.450646,759.7152098517805,-989.2619158575552,-7356.856524682973,-5.78461311905537,-4.3571405517927,-0.05113211158429627,37906U
2025-06-27T21:50:31.450646,411.53133691026864,-1248.8419924006914,-7347.25402872572,-5.818159540915457,-4.293037984067195,0.37105224492781447,37906U
2025-06-27T21:51:31.450646,61.93444762127061,-1504.1339451438623,-7312.36055087671,-5.831710467510005,-4.214246926630566,0.7916482645492102,37906U
2025-06-27T21:52:31.450646,-287.87477596421394,-1754.2643589729905,-7252.312183251482,-5.82524757460801,-4.121039955489372,1.2092986997989303,37906U
2025-06-27T21:53:31.450646,-636.6962432806795,-1998.3773812509542,-7167.326169757986,-5.7988087184485515,-4.0137295460621,1.6226572846389917,37906U
2025-06-27T21:54:31.450646,-983.3338251565865,-2235.63709906812,-7057.700170883376,-5.7524877061380195,-3.89266738390177,2.03039119800763,37906U
2025-06-27T21:55:31.450646,-1326.5987105150934,-2465.2298752579654,-6923.811379056818,-5.686434098773065,-3.758243699081911,2.43118353146653,37906U
2025-06-27T21:56:31.450646,-1665.3127514232726,-2686.366644183208,-6766.115483829933,-5.600853043024746,-3.610886616094742,2.823735784344465,37906U
2025-06-27T21:57:31.450646,-1998.311797732059,-2898.285167790224,-6585.145484834378,-5.496005123824236,-3.4510615091556285,3.206770408001092,37906U
2025-06-27T21:58:31.450646,-2324.4490220669545,-3100.2522518177966,-6381.510349299144,-5.372206227877769,-3.2792703510783334,3.5790334186601482,37906U
2025-06-27T21:59:31.450646,-2642.5982352897463,-3291.565921342647,-6155.893509859397,-5.229827405042503,-3.0960510423985608,3.9392970957064746,37906U
2025-06-27T22:00:31.450646,-2951.657191764324,-3471.5575540607656,-5909.051197484484,-5.069294712147119,-2.9019767061957658,4.286362779441917,37906U
2025-06-27T22:01:31.450646,-3250.5508828393176,-3639.593968854616,-5641.810603612529,-4.891089021671055,-2.6976549331083257,4.619063779090976,37906U
2025-06-27T22:02:31.450646,-3538.2348159196517,-3795.0794662951635,-5355.067865020286,-4.6957457758320595,-2.4837269603682928,4.936268398377741,37906U
2025-06-27T22:03:31.450646,-3813.69827535429,-3937.4578167899126,-5049.785864594573,-4.483854665099669,-2.260866768309295,5.236883082304665,37906U
2025-06-27T22:04:31.450646,-4075.967560136817,-4066.2141911295917,-4726.991841018144,-4.256059208975572,-2.0297800777323647,5.51985568489806,37906U
2025-06-27T22:05:31.450646,-4324.1091921159805,-4180.877027222876,-4387.774800451053,-4.013056216083328,-1.7912032317569078,5.7841788536919525,37906U
2025-06-27T22:06:31.450646,-4557.233087067299,-4281.019825858548,-4033.2827235850555,-3.755595100207185,-1.5459019463395827,6.0288935226554665,37906U
2025-06-27T22:07:31.450646,-4774.495679604502,-4366.262867414474,-3664.7195619824383,-3.4844770289303746,-1.2946699145138132,6.253092501182231,37906U
2025-06-27T22:08:31.450646,-4975.10299153521,-4436.274840562125,-3283.342018382791,-3.200553881957179,-1.0383272505830818,6.455924142714009,37906U
2025-06-27T22:09:31.450646,-5158.313631913548,-4490.774373211782,-2890.4561066731594,-2.9047269970684026,-0.7777187619839685,6.6365960726246485,37906U
2025-06-27T22:10:31.450646,-5323.441715737278,-4529.531455225729,-2487.41348846587,-2.5979456829589607,-0.5137120383098619,6.794378951208446,37906U
2025-06-27T22:11:31.450646,-5469.85968700734,-4552.368741812972,-2075.607584704891,-2.281205479932787,-0.24719534903354004,6.928610244064253,37906U
2025-06-27T22:12:31.450646,-5597.001030737366,-4559.162726027036,-1656.469462417167,-1.9555461515750323,0.020924656232908723,7.038697968908167,37906U
2025-06-27T22:13:31.450646,-5704.362857498597,-4549.844768434493,-1231.463498621639,-1.6220493930633595,0.28972544857983845,7.12412438494829,37906U
2025-06-27T22:14:31.450646,-5791.508343235867,-4524.401971821673,-802.08282548758,-1.2818362446936375,0.558271322669017,7.184449588476481,37906U
2025-06-27T22:15:31.450646,-5858.069006419149,-4482.87788877375,-369.8445630688022,-0.9360642024430771,0.8256162996918268,7.2193149763328375,37906U
2025-06-27T22:16:31.450646,-5903.746804123993,-4425.373050105057,63.715151695793246,-0.5859240209336954,1.09080722550754,7.228446537430194,37906U
2025-06-27T22:17:31.450646,-5928.316028385,-4352.045302450536,497.04632856711663,-0.2326362079365921,1.3528870560238764,7.211657931632866,37906U
2025-06-27T22:18:31.450646,-5931.6249841548615,-4263.109943850858,928.5904665118073,0.12255278648544941,1.6108983188470758,7.168853314999868,37906U
2025-06-27T22:19:31.450646,-5913.597430442019,-4158.839646879274,1356.786058929937,0.4783746790298971,1.863886737242271,7.100029870750729,37906U
2025-06-27T22:20:31.450646,-5874.233766700761,-4039.5641597649433,1780.0742428954168,0.8335437491240226,2.11090499956338,7.0052800063005884,37906U
2025-06-27T22:21:31.450646,-5813.611947312544,-3905.6697770584233,2196.90457125545,1.1867615064578119,2.3510166545887237,6.884793178335757,37906U
2025-06-27T22:22:31.450646,-5731.888108025264,-3757.5985726507283,2605.7408841026236,1.53672161075936,2.5833001106882065,6.738857310139785,37906U
2025-06-27T22:23:31.450646,-5629.2968895004815,-3595.847389382669,3005.0672539525017,1.88211502070895,2.806852714497706,6.567859768198209,37906U
2025-06-27T22:24:31.450646,-5506.151444644953,-3420.966581048774,3393.3939769716976,2.221635345359952,3.0207948828289113,6.3722878684557465,37906U
2025-06-27T22:25:31.450646,-5362.843118153841,-3233.558504288252,3769.2635808430127,2.5539843682256964,3.2242742599327086,6.152728886408271,37906U
2025-06-27T22:26:31.450646,-5199.840788645238,-3034.275759640007,4131.256818356955,2.8778777113565677,3.416469870986668,5.909869549407026,37906U
2025-06-27T22:27:31.450646,-5017.689865892481,-2823.81918289387,4477.998614608558,3.1920506043136374,3.5965962418064206,5.644494994048358,37906U
2025-06-27T22:28:31.450646,-4817.010937930126,-2602.9355897681576,4808.163934774867,3.495263720975493,3.7639074542907704,5.357487176228107,37906U
2025-06-27T22:29:31.450646,-4598.49806518908,-2372.415278857333,5120.483538863151,3.786309045607685,3.917701106992783,5.049822726262385,37906U
2025-06-27T22:30:31.450646,-4362.916721271086,-2133.0892996954058,5413.749589558519,4.064015728581412,4.057322150445521,4.722570246325489,37906U
2025-06-27T22:31:31.450646,-4111.101382468712,-1885.8264946462796,5686.821079358379,4.327255891533318,4.182166567432595,4.376887052247726,37906U
2025-06-27T22:32:31.450646,-3843.952770641051,-1631.5303251382093,5938.629043551451,4.574950341585114,4.291684869243937,4.014015366378108,37906U
2025-06-27T22:33:31.450646,-3562.4347565372445,-1371.1354944864388,6168.1815262655,4.806074154449385,4.385385380054158,3.6352779726901177,37906U
2025-06-27T22:34:31.450646,-3267.570933094327,-1105.6043811815782,6374.568267748866,5.019662086787911,4.462837282858845,3.2420733495542544,37906U
2025-06-27T22:35:31.450646,-2960.440870597861,-835.9232980466406,6556.965082246259,5.214813779010036,4.523673401860341,2.835870299591834,37906U
2025-06-27T22:36:31.450646,-2642.1760678721466,-563.0985940807857,6714.6378972492585,5.3906987107430915,4.567592697765112,2.418202099765187,37906U
2025-06-27T22:37:31.450646,-2313.9556158426967,-288.1526171027753,6846.946426527428,5.546560872430275,4.594362454108854,1.9906601983565329,37906U
2025-06-27T22:38:31.450646,-1977.001591886833,-12.119556487084319,6953.347451149869,5.681723117866756,4.603820134435505,1.5548874887797752,37906U
2025-06-27T22:39:31.450646,-1632.5742053521683,263.958813650571,7033.3976846729265,5.7955911639456925,4.595874891910631,1.1125711932949645,37906U
2025-06-27T22:40:31.450646,-1281.9667164797754,539.0374695090205,7086.75620078171,5.887657205436377,4.570508714747368,0.6654353927052326,37906U
2025-06-27T22:41:31.450646,-926.5001527206855,812.0725287451157,7113.186403923198,5.957503114260059,4.527777192676971,0.21523324105975156,37906U
2025-06-27T22:42:31.450646,-567.5178480842928,1082.0256748118356,7112.557525852622,6.004803194485324,4.467809891630765,-0.23626109269169346,37906U
2025-06-27T22:43:31.450646,-206.3798327053027,1347.8685909639255,7084.845633535054,6.02932646617186,4.3908103258506355,-0.6872607112169639,37906U
2025-06-27T22:44:31.450646,155.54289873811342,1608.5873798765854,7030.1341365062635,6.030938453300816,4.297055518853281,-1.135974455664543,37906U
2025-06-27T22:45:31.450646,516.8742097869606,1863.1869444105214,6948.613784609776,6.009602453403802,4.186895147082941,-1.580615502082181,37906U
2025-06-27T22:46:31.450646,876.2387049620307,2110.6953047688717,6840.582149999959,5.965380269208474,4.060750262741824,-2.0194100336681373,37906U
2025-06-27T22:47:31.450646,1232.2676402645634,2350.167827144167,6706.442590441176,5.898432385722446,3.9191115952221054,-2.450605932292741,37906U
2025-06-27T22:48:31.450646,1583.6048282477475,2580.6913389655697,6546.702694244262,5.8090175797373265,3.7625374338025197,-2.8724814300770314,37906U
2025-06-27T22:49:31.450646,1928.9125037724987,2801.388106049928,6361.972210659831,5.697491952793927,3.591651097823314,-3.2833536594704475,37906U
2025-06-27T22:50:31.450646,2266.8771160707906,3011.4196473572806,6152.960473182083,5.5643073832306165,3.4071380044046307,-3.6815870383658122,37906U
2025-06-27T22:51:31.450646,2596.2150125158364,3209.990363677005,5920.473326982975,5.410009398034693,3.209742347889353,-4.065601425476907,37906U
2025-06-27T22:52:31.450646,2915.6779795774905,3396.3509574450773,5665.40957556187,5.235234470796998,3.000263409515417,-4.433879980629998,37906U
2025-06-27T22:53:31.450646,3224.0586068586113,3569.8016220333134,5388.756965613793,5.040706758066653,2.779551520274372,-4.7849766649272105,37906U
2025-06-27T22:54:31.450646,3520.1954408982538,3729.694980271175,5091.587733032541,4.827234292716246,2.5485037043908285,-5.117523317054148,37906U
2025-06-27T22:55:31.450646,3802.9778966115455,3875.438753662204,4775.053736807455,4.5957046594313224,2.308059035246171,-5.430236244420176,37906U
2025-06-27T22:56:31.450646,4071.3508958323528,4006.4981457380895,4440.381211268775,4.3470801839777184,2.0591937397396816,-5.72192227140307,37906U
2025-06-27T22:57:31.450646,4324.319204435947,4122.397925239049,4088.865170607718,4.082392674305123,1.802916090898185,-5.9914841917385235,37906U
2025-06-27T22:58:31.450646,4560.951441936961,4222.7241972968295,3721.8635027622054,3.8027377576321597,1.5402611318790111,-6.237925578025084,37906U
2025-06-27T22:59:31.450646,4780.383740260784,4307.125853492516,3340.7907925394998,3.5092688632431965,1.272285277237105,-6.46035490833257,37906U
2025-06-27T23:00:31.450646,4981.823031539361,4375.315694524415,2947.11191616932,3.203190905631089,1.0000608393358583,-6.6579889778888095,37906U
2025-06-27T23:01:31.450646,5164.549948237632,4427.071222201371,2542.33545128096,2.8857537266803988,0.7246705289841924,-6.830155572613953,37906U
2025-06-27T23:02:31.450646,5327.921322613967,4462.235100518928,2128.006947526573,2.5582453586648337,0.4472019797179393,-6.976295390674974,37906U
2025-06-27T23:03:31.450646,5471.372276391197,4480.715288620798,1705.7021036892384,2.2219851718187544,0.16874234457452178,-7.095963208022394,37906U
2025-06-27T23:04:31.450646,5594.417895486122,4482.484851434818,1277.0198971034783,1.878316971065901,-0.10962698726432613,-7.188828293800085,37906U
2025-06-27T23:05:31.450646,5696.654488638402,4467.581456641575,843.5757105702311,1.5286021061101185,-0.3868355089430108,-7.25467409133847,37906U
2025-06-27T23:06:31.450646,5777.760432711999,4436.106569327221,406.99450068743295,1.1742126575214555,-0.6618285076754329,-7.293397189900713,37906U
2025-06-27T23:07:31.450646,5837.496611237384,4388.224358138361,-31.095950330010783,0.8165247587271627,-0.933571731841592,-7.30500562121617,37906U
2025-06-27T23:08:31.450646,5875.706456345619,4324.160328950269,-469.0716596510347,0.4569121100231495,-1.2010557800736898,-7.28961652289086,37906U
2025-06-27T23:09:31.450646,5892.315607550671,4244.199703943416,-905.3189088202591,0.09673973596847374,-1.4633001840362305,-7.247453217847219,37906U
2025-06-27T23:10:31.450646,5887.3312038057065,4148.685565529163,-1338.240515174571,-0.262641968047183,-1.7193571620492385,-7.1788417648663465,37906U
2025-06-27T23:11:31.450646,5860.840827846808,4038.0167857557567,-1766.261879704954,-0.6199028605068602,-1.9683150263822455,-7.084207039976614,37906U
2025-06-27T23:12:31.450646,5813.0111240080005,3912.6457626519564,-2187.836785207649,-0.9737383169061534,-2.2093012328145405,-6.964068411785342,37906U
2025-06-27T23:13:31.450646,5744.0861124227795,3773.075985429666,-2601.4529225418178,-1.3228741055267457,-2.441485066774902,-6.819035075860229,37906U
2025-06-27T23:14:31.450646,5654.3852238084455,3619.859450578997,-3005.6371268472017,-1.6660708572043221,-2.664079965910294,-6.6498011139473405,37906U
2025-06-27T23:15:31.450646,5544.301079862659,3453.5939506685745,-3398.9603095887396,-2.002128117572819,-2.876345484167955,-6.457140343215174,37906U
2025-06-27T23:16:31.450646,5414.297044698382,3274.9202571357364,-3780.042076211118,-2.329887977188371,-3.0775889073072804,-6.241901018920925,37906U
2025-06-27T23:17:31.450646,5264.904572726341,3084.519217547676,-4147.555022931453,-2.6482382815110705,-3.2671665340999674,-6.005000451016636,37906U
2025-06-27T23:18:31.450646,5096.720377993302,2883.108786770583,-4500.228709713593,-2.9561154288276428,-3.4444846412635615,-5.747419591379393,37906U
2025-06-27T23:19:31.450646,4910.403449236991,2671.4410102389998,-4836.853309699778,-3.2525067697284156,-3.609000153357004,-5.470197643707667,37906U
2025-06-27T23:20:31.450646,4706.6719338661005,2450.29897611099,-5156.282938285976,-3.53645262662842,-3.7602210414196695,-5.174426742828755,37906U
2025-06-27T23:21:31.450646,4486.299912762934,2220.4937515689558,-5457.438667582038,-3.8070479559841552,-3.897706476045989,-4.8612467443709955,37906U
2025-06-27T23:22:31.450646,4250.114086283054,1982.8613169184973,-5739.311234181672,-4.063443679272518,-4.021066761864049,-4.531840159622706,37906U
2025-06-27T23:23:31.450646,3998.9903901392718,1738.2595094884407,-6000.963449966654,-4.304847711448189,-4.1299630810475785,-4.187427264080485,37906U
2025-06-27T23:24:31.450646,3733.850558054267,1487.564987679986,-6241.532327083154,-4.530525717484793,-4.2241070735692405,-3.829261401825011,37906U
2025-06-27T23:25:31.450646,3455.6586461912398,1231.670223882941,-6460.230929265665,-4.7398016287550515,-4.3032602814423315,-3.458624501579884,37906U
2025-06-27T23:26:31.450646,3165.417532468412,971.4805334030685,-6656.349962355762,-4.932057951447693,-4.3672334832472375,-3.076822814225871,37906U
2025-06-27T23:27:31.450646,2864.16540197101,707.9111450513985,-6829.2591171908925,-5.106735899001237,-4.415885943853681,-2.6851828757589966,37906U
2025-06-27T23:28:31.450646,2552.9722278279355,441.8843176556477,-6978.408178045951,-5.263335379710017,-4.449124602488781,-2.2850476942801,37906U
2025-06-27T23:29:31.450646,2232.936255151808,174.3265054832582,-7103.32790952596,-5.401414869287177,-4.466903220224079,-1.8777731546549181,37906U
2025-06-27T23:30:31.450646,1905.1804939785345,-93.83442556976973,-7203.630734261712,-5.520591196316121,-4.469221505621571,-1.4647246300424193,37906U
2025-06-27T23:31:31.450646,1570.849225607417,-361.6719301614535,-7279.011212985311,-5.620539266253968,-4.456124234748262,-1.0472737855922456,37906U
2025-06-27T23:32:31.450646,1231.1045253560403,-628.2634640330391,-7329.246337591211,-5.700991747033437,-4.42770037909639,-0.6267955562891661,37906U
2025-06-27T23:33:31.450646,887.1228035198333,-892.693113541759,-7354.19564665542,-5.761738736409619,-4.3840822521852445,-0.20466527818683636,37906U
2025-06-27T23:34:31.450646,540.0913652760605,-1154.0541753774373,-7353.801171623468,-5.802627428079104,-4.32544468281887,0.2177440498693519,37906U
2025-06-27T23:35:31.450646,191.2049894054828,-1411.451688007824,-7328.087220519972,-5.823561790320848,-4.252004220178105,0.6390643984818855,37906U
2025-06-27T23:36:31.450646,-158.33747497509816,-1664.0049166084834,-7277.160004610396,-5.824502267529612,-4.164018373174834,1.0579352593284532,37906U
2025-06-27T23:37:31.450646,-507.3364949643351,-1910.849793292007,-7201.207111989729,-5.805465511586186,-4.061784883829401,1.4730061420106884,37906U
2025-06-27T23:38:31.450646,-854.5952253051832,-2151.1413143665773,-7100.4968306119235,-5.766524146584939,-3.9456410318813493,1.8829390418252434,37906U
2025-06-27T23:39:31.450646,-1198.9228663938025,-2384.055896131614,-6975.3773218366705,-5.7078065670644555,-3.815962965439027,2.2864109035067144,37906U
2025-06-27T23:40:31.450646,-1539.1380104969676,-2608.7936903678487,-6826.275644181156,-5.629496766604264,-3.67316505024158,2.6821161048513766,37906U
2025-06-27T23:41:31.450646,-1874.0719775530597,-2824.5808602096267,-6653.696625650102,-5.531834190499795,-3.51769922807134,3.0687689825290874,37906U
2025-06-27T23:42:31.450646,-2202.572141507488,-3030.6718165093002,-6458.221581799915,-5.415113603246095,-3.350054373036896,3.4451064203612,37906U
2025-06-27T23:43:31.450646,-2523.505247548111,-3226.3514141295354,-6240.5068755941065,-5.279684958782634,-3.1707556328656947,3.8098905179194804,37906U
2025-06-27T23:44:31.450646,-2835.7607198692813,-3410.937106840302,-6001.2823141479885,-5.125953258909947,-2.980363741017411,4.161911354519026,37906U
2025-06-27T23:45:31.450646,-3138.253958717409,-3583.7810586671694,-5741.349376659591,-4.954378383013798,-2.77947428437039,4.499989860575861,37906U
2025-06-27T23:46:31.450646,-3429.929624470246,-3744.272208650342,-5461.579267198391,-4.765474870253192,-2.5687169104563194,4.8229808049168845,37906U
2025-06-27T23:47:31.450646,-3709.7649053915225,-3891.838285044039,-5162.910785588889,-4.559811633711261,-2.3487544577342665,5.129775903008648,37906U
2025-06-27T23:48:31.450646,-3976.77276449825,-4025.9477640289997,-4846.348009397779,-4.33801158469859,-2.1202819922141636,5.419307047255907,37906U
2025-06-27T23:49:31.450646,-4230.005159698958,-4146.111767043535,-4512.957780021527,-4.1007511444590055,-1.8840257338683577,5.69054965656056,37906U
2025-06-27T23:50:31.450646,-4468.556230027762,-4251.885889878095,-4163.866986086739,-3.8487596199782272,-1.640741856711908,5.942526138276776,37906U
2025-06-27T23:51:31.450646,-4691.565439430209,-4342.871955740969,-3800.2596378263634,-3.5828184204550895,-1.3912151471914853,6.174309451601973,37906U
2025-06-27T23:52:31.450646,-4898.220668179212,-4418.71968360896,-3423.373726783357,-3.3037600912737135,-1.1362575065939344,6.38502675736638,37906U
2025-06-27T23:53:31.450646,-5087.761240633061,-4479.128262342942,-3034.4978661237883,-3.0124671430254812,-0.8767062845660464,6.573863135183131,37906U
2025-06-27T23:54:31.450646,-5259.480876720835,-4523.847820294119,-2634.9677080094075,-2.7098706542733826,-0.613422432514247,6.74006534506217,37906U
2025-06-27T23:55:31.450646,-5412.7305532782075,-4552.680779470772,-2226.1621358805637,-2.396948628327303,-0.34728846761242993,6.882945606937975,37906U
2025-06-27T23:56:31.450646,-5546.921260184887,-4565.4830827947335,-1809.4992311247215,-2.0747240862988416,-0.07920624036821222,7.001885368179042,37906U
2025-06-27T23:57:31.450646,-5661.526635202317,-4562.16528256977,-1386.4320154381412,-1.7442628811107204,0.18990549884512706,7.096339026102351,37906U
2025-06-27T23:58:31.450646,-5756.08546050086,-4542.69347802574,-958.4439722105789,-1.406671219925579,0.45911373622219814,7.16583756987163,37906U
2025-06-27T23:59:31.450646,-5830.204003126459,-4507.090089707311,-527.0443524530399,-1.0630928855994957,0.7274740330269421,7.209992103973816,37906U
2025-06-28T00:00:31.450646,-5883.558181110752,-4455.434458556107,-93.76327311609683,-0.7147061512141213,0.9940335623123463,7.2284972137997645,37906U
2025-06-28T00:01:31.450646,-5915.895536597254,-4387.863257800072,339.85338191603796,-0.36272038545145685,1.2578343369782043,7.221134132748745,37906U
2025-06-28T00:02:31.450646,-5927.0369972584,-4304.5707062193505,772.2492453659277,-0.008372350483928898,1.517916619233482,7.187773669771326,37906U
2025-06-28T00:03:31.450646,-5916.878407427822,-4205.808572008068,1201.8629193040576,0.34707780189597925,1.773322498501319,7.128378856387759,37906U
2025-06-28T00:04:31.450646,-5885.391810781256,-4091.8859572942524,1627.133579227496,0.702350826067701,2.0230996218642847,7.0430072729843465,37906U
2025-06-28T00:05:31.450646,-5832.626467072054,-3963.168854410939,2046.5067091348035,1.0561529563489824,2.2663050583473643,6.931813015597089,37906U
2025-06-28T00:06:31.450646,-5758.709586364829,-3820.079466222912,2458.439944867632,1.4071807407592156,2.5020092757271306,6.795048266426942,37906U
2025-06-28T00:07:31.450646,-5663.846765407646,-3663.095284189726,2861.4090007487134,1.754126112937574,2.7293002061972103,6.633064433961231,37906U
2025-06-28T00:08:31.450646,-5548.322112229289,-3492.7479193731556,3253.913652476632,2.0956816767335353,2.947287375147105,6.44631283175774,37906U
2025-06-28T00:09:31.450646,-5412.498046725657,-3309.6216832524665,3634.483747392661,2.4305461746506176,3.1551060655703727,6.235344868618792,37906U
2025-06-28T00:10:31.450646,-5256.814766888839,-3114.351916972999,4001.6852116376554,2.7574301083414,3.3519214892318323,6.00081172697136,37906U
2025-06-28T00:11:31.450646,-5081.7893724055675,-2907.6230694954156,4354.126022401643,3.075061476776196,3.536932934714362,5.743463510691317,37906U
2025-06-28T00:12:31.450646,-4888.014639580284,-2690.1665270078583,4690.46211245442,3.3821915955722024,3.7093778618396342,5.464147848276185,37906U
2025-06-28T00:13:31.450646,-4676.157443888109,-2462.758197883218,5009.403173448505,3.677600959296825,3.868535911711016,5.163807942086945,37906U
2025-06-28T00:14:31.450646,-4446.956828901121,-2226.215859381826,5309.718324112003,3.960105107352906,4.013732801744986,4.843480059254356,37906U
2025-06-28T00:15:31.450646,-4201.221722821737,-1981.396274188861,5590.241609400202,4.228560453307273,4.144344075515447,4.504290464690194,37906U
2025-06-28T00:16:31.450646,-3939.828306367176,-1729.1920867130084,5849.8772969419515,4.481870037212121,4.259798677998,4.147451801382195,37906U
2025-06-28T00:17:31.450646,-3663.717038247221,-1470.5285108373953,6087.604937687073,4.7189891605557515,4.359582327828363,3.774258927719285,37906U
2025-06-28T00:18:31.450646,-3373.8893469339164,-1206.3598224864152,6302.484158517297,4.938930863921149,4.443240659436819,3.38608422593945,37906U
2025-06-28T00:19:31.450646,-3071.403999817016,-937.6656719437831,6493.659155698583,5.140771208171503,4.5103821093412275,2.9843723998930742,37906U
2025-06-28T00:20:31.450646,-2757.373163148694,-665.4472323140743,6660.362859407778,5.323654320971812,4.560680522434391,2.570634784151997,37906U
2025-06-28T00:21:31.450646,-2432.9581683967303,-390.72320186157356,6801.920741131599,5.486797171638547,4.593877455747615,2.146443190084487,37906U
2025-06-28T00:22:31.450646,-2099.3650027347,-114.52567918189231,6917.754237490322,5.629494038642363,4.609784158883849,1.7134233178791813,37906U
2025-06-28T00:23:31.450646,-1757.8395433997741,162.10406873273004,7007.38376595951,5.751120635535292,4.608283212071944,1.2732477666799824,37906U
2025-06-28T00:24:31.450646,-1409.6625575405749,438.1199244829921,7070.4313100355475,5.851137862614153,4.589329804593513,0.8276286780331569,37906U
2025-06-28T00:25:31.450646,-1056.1444909629033,712.4753023748171,7106.622553602583,5.929095153261316,4.552952638182598,0.3783100508002416,37906U
2025-06-28T00:26:31.450646,-698.6200708626508,984.1275719480298,7115.788546604357,5.984633385636059,4.499254441916914,-0.07294023139738737,37906U
2025-06-28T00:27:31.450646,-338.4427492131085,1252.04249954753,7097.866886604433,6.017487332256187,4.428412087138356,-0.5243386162301155,37906U
2025-06-28T00:28:31.450646,23.020985050036874,1515.1986840013033,7052.902403436581,6.027487622056142,4.3406762930995955,-0.9740942953119942,37906U
2025-06-28T00:29:31.450646,384.3973955342927,1772.5919620200978,6981.047336911357,6.014562191793395,4.236370916376819,-1.4204177636199433,37906U
2025-06-28T00:30:31.450646,744.3113588240699,2023.2397586056384,6882.561000464973,5.97873720626541,4.115891819659157,-1.8615294729245395,37906U
2025-06-28T00:31:31.450646,1101.39226396152,2266.185357560622,6757.8089267195455,5.920137429761247,3.9797053183628903,-2.29566852362299,37906U
2025-06-28T00:32:31.450646,1454.2799181304388,2500.502067152888,6607.261494175771,5.838986034566895,3.8283462066504215,-2.7211013366650945,37906U
2025-06-28T00:33:31.450646,1801.6304249170755,2725.2972561177394,6431.492037679194,5.735603836220162,3.6624153678758824,-3.1361302448237547,37906U
2025-06-28T00:34:31.450646,2142.1220009576114,2939.7162355115106,6231.174448879264,5.610407949599866,3.4825769782243268,-3.5391019405173756,37906U
2025-06-28T00:35:31.450646,2474.460696466019,3142.9459624760366,6007.080276620096,5.463909864840867,3.289555316335986,-3.928415715878843,37906U
2025-06-28T00:36:31.450646,2797.3859851124384,3334.2185427637646,5760.075341030639,5.2967129474668315,3.084131195959113,-4.302531429941785,37906U
2025-06-28T00:37:31.450646,3109.676189021792,3512.814509922265,5491.115878980726,5.1095093729730445,2.8671380430848767,-4.6599771378175445,37906U
2025-06-28T00:38:31.450646,3410.1537053229586,3678.0658603614243,5201.244242483178,4.9030765122838025,2.639457643490182,-4.999356317702359,37906U
2025-06-28T00:39:31.450646,3697.690001726299,3829.358825132902,4891.584175487404,4.678272790935576,2.402015591037965,-5.319354633589202,37906U
2025-06-28T00:40:31.450646,3971.210350056808,3966.136361136692,4563.335698258273,4.436033051356691,2.1557764713378322,-5.618746174733919,37906U
2025-06-28T00:41:31.450646,4229.69826853829,4087.9003466280806,4217.769632080936,4.177363454056815,1.9017388193146099,-5.896399117285089,37906U
2025-06-28T00:42:31.450646,4472.199645897025,4194.21346830458,3856.221800304687,3.903335959731875,1.6409298927423042,-6.151280759012075,37906U
2025-06-28T00:43:31.450646,4697.826523021642,4284.700789881243,3480.086944651666,3.6150824400434685,1.3744003067436068,-6.382461884707333,37906U
2025-06-28T00:44:31.450646,4905.760510944895,4359.050994872307,3090.8123981980316,3.3137884699691766,1.1032185765189852,-6.589120427490175,37906U
2025-06-28T00:45:31.450646,5095.255827261663,4417.017299242665,2689.8915584150964,3.0006868589699596,0.8284656170562223,-6.7705443997558294,37906U
2025-06-28T00:46:31.450646,5265.641936708498,4458.418032618739,2278.8572050846037,2.6770509816390007,0.5512292492111146,-6.9261340767078625,37906U
2025-06-28T00:47:31.450646,5416.32578544027,4483.136889798753,1859.2747087300622,2.344187970860795,0.27259876129626814,-7.055403425070533,37906U
2025-06-28T00:48:31.450646,5546.79362247537,4491.1228573155495,1432.7351754098115,2.003431837734163,-0.006340425846783346,-7.157980779461532,37906U
2025-06-28T00:49:31.450646,5656.612405763438,4482.3898227209265,1000.8485732929486,1.656136582553746,-0.2845119443677177,-7.23360877876483,37906U
2025-06-28T00:50:31.450646,5745.430794282649,4457.015877020768,565.2368853849771,1.3036693599837488,-0.5608534724960073,-7.282143584431434,37906U
2025-06-28T00:51:31.450646,5812.979731412839,4415.1423232405305,127.5273311272838,0.9474037592373734,-0.8343214958411098,-7.303553411707085,37906U
2025-06-28T00:52:31.450646,5859.072628486195,4356.972406393717,-310.65430260856135,0.5887132566520129,-1.1038958018924863,-7.297916413123734,37906U
2025-06-28T00:53:31.450646,5883.605160816581,4282.76978212097,-747.6901833088025,0.22896489363129233,-1.3685836776073523,-7.265417960998078,37906U
2025-06-28T00:54:31.450646,5886.5546915922805,4192.856742934161,-1181.9767726903297,-0.13048677236014158,-1.627423785297604,-7.2063473819960695,37906U
2025-06-28T00:55:31.450646,5867.97934173515,4087.612222315666,-1611.9309534407444,-0.4883054020669321,-1.8794896976368496,-7.121094201924286,37906U
2025-06-28T00:56:31.450646,5828.0167261422175,3967.4695978775967,-2035.995915350554,-0.8431782588443806,-2.1238930783553176,-7.010143962715931,37906U
2025-06-28T00:57:31.450646,5766.882378607409,3832.914315376021,-2452.6467772875194,-1.1938212149785676,-2.3597865009373633,-6.874073676050717,37906U
2025-06-28T00:58:31.450646,5684.8678891564205,3684.4813556096137,-2860.39592547972,-1.5389833588267963,-2.586365903246176,-6.713546979184817,37906U
2025-06-28T00:59:31.450646,5582.338778514575,3522.7525661266054,-3257.7980525962225,-1.8774511888108636,-2.8028726813494096,-6.5293090584080336,37906U
2025-06-28T01:00:31.450646,5459.732134973949,3348.353879240932,-3643.454886066729,-2.2080523872831486,-3.00859543080144,-6.322181404161454,37906U
2025-06-28T01:01:31.450646,5317.554039051258,3161.952437148828,-4016.019597886045,-2.5296591739752947,-3.2028713481579323,-6.093056459341886,37906U
2025-06-28T01:02:31.450646,5156.376801059196,2964.2536439743494,-4374.200891745026,-2.841191245003026,-3.385087309485505,-5.842892218812213,37906U
2025-06-28T01:03:31.450646,4976.836036085853,2755.9981633945636,-4716.766766659985,-3.141618309125964,-3.5546806460284635,-5.572706833770668,37906U
2025-06-28T01:04:31.450646,4779.627599929669,2537.9588791416522,-5042.547959294418,-3.429962238060859,-3.7111396399716985,-5.283573269557971,37906U
2025-06-28T01:05:31.450646,4565.504408316081,2310.937834192086,-5350.441069843996,-3.7052988520525347,-3.8540037653765635,-4.976614059857994,37906U
2025-06-28T01:06:31.450646,4335.27316027199,2075.763162869969,-5639.411378668239,-3.9667593655789872,-3.9828637008666545,-4.652996194230027,37906U
2025-06-28T01:07:31.450646,4089.790984904738,1833.2860284545623,-5908.495362782479,-4.213531520979116,-4.097361141516944,-4.313926169654668,37906U
2025-06-28T01:08:31.450646,3829.9620290695143,1584.377577224803,-6156.802922870754,-4.444860439944264,-4.197188437682075,-3.960645230423169,37906U
2025-06-28T01:09:31.450646,3556.73400155973,1329.9259182321625,-6383.519332645985,-4.660049224219923,-4.282088088226674,-3.594424814387264,37906U
2025-06-28T01:10:31.450646,3271.094687561915,1070.8331364963472,-6587.906923181187,-4.858459337552605,-4.35185211483947,-3.216562217431678,37906U
2025-06-28T01:11:31.450646,2974.068445221159,808.0123457942404,-6769.306515280585,-5.039510800929041,-4.406321342877734,-2.828376482141806,37906U
2025-06-28T01:12:31.450646,2666.7126943011663,542.3847857830201,-6927.138613076818,-5.202682232542588,-4.445384612556122,-2.431204511102438,37906U
2025-06-28T01:13:31.450646,2350.114405128974,274.87696688418674,-7060.904371854586,-5.347510762742045,-4.468977942324369,-2.0263974001567973,37906U
2025-06-28T01:14:31.450646,2025.3865943137657,6.417865168813641,-7170.1863526448105,-5.473591852535712,-4.477083664031068,-1.6153169823324962,37906U
2025-06-28T01:15:31.450646,1693.6648321523903,-262.0638315574241,-7254.64907543426,-5.58057904210102,-4.469729547004774,-1.1993325690550263,37906U
2025-06-28T01:16:31.450646,1356.1037651942115,-529.6424261658647,-7314.039381931386,-5.668183653257581,-4.446987925556197,-0.7798178717411215,37906U
2025-06-28T01:17:31.450646,1013.873656158708,-795.397863546205,-7348.186617749273,-5.736174467061625,-4.408974841669426,-0.3581480839228195,37906U
2025-06-28T01:18:31.450646,668.1569422878199,-1058.4183318909704,-7357.002642647177,-5.784377394639184,-4.35584921185681,0.06430289830032894,37906U
2025-06-28T01:19:31.450646,320.1448122848954,-1317.8028153573537,-7340.481676144983,-5.8126751561539765,-4.2878120243474855,0.4861651414441535,37906U
2025-06-28T01:20:31.450646,-28.96619875353582,-1572.6635998060622,-7298.699984422081,-5.821006979463225,-4.205105570005966,0.9060752506003704,37906U
2025-06-28T01:21:31.450646,-377.97759755989625,-1822.1287334274514,-7231.815412965105,-5.8093683266044644,-4.108012707673742,1.32267888192381,37906U
2025-06-28T01:22:31.450646,-725.6923055876059,-2065.3444440338058,-7140.066767966302,-5.777810652831204,-3.9968561620261314,1.7346332174603216,37906U
2025-06-28T01:23:31.450646,-1070.9180182558164,-2301.4775146154875,-7023.773048026526,-5.726441199521425,-3.871997849574566,2.1406094276515644,37906U
2025-06-28T01:24:31.450646,-1412.4705522370234,-2529.7176184641685,-6883.332526303045,-5.655422818963765,-3.7338382261372827,2.539295145906166,37906U
2025-06-28T01:25:31.450646,-1749.1771822488788,-2749.279614710998,-6719.221681910653,-5.564973825830578,-3.5828156470015164,2.929396978143228,37906U
2025-06-28T01:26:31.450646,-2079.879968510092,-2959.405804628433,-6531.993978106815,-5.4553678670910255,-3.4194057290729063,3.3096430684089535,37906U
2025-06-28T01:27:31.450646,-2403.4390754160318,-3159.3681483509613,-6322.278483674918,-5.326933799274865,-3.24412070266271,3.6787857392937577,37906U
2025-06-28T01:28:31.450646,-2718.7360813624205,-3348.47044097639,-6090.778332886736,-5.180055559356459,-3.0575087391154274,4.035604223286024,37906U
2025-06-28T01:29:31.450646,-3024.6772787884747,-3526.0504461812825,-5838.269018575467,-5.0151720131574145,-2.860153239328304,4.378907498171403,37906U
2025-06-28T01:30:31.450646,-3320.1969625596585,-3691.481984617781,-5565.596512158054,-4.832776763074171,-2.6526720673270425,4.707537236304957,37906U
2025-06-28T01:31:31.450646,-3604.2607037348694,-3844.176973438872,-5273.675203940913,-4.633417895158125,-2.4357167124678805,5.020370874037227,37906U
2025-06-28T01:32:31.450646,-3875.868604588082,-3983.5874123463677,-4963.4856567405,-4.417697644136211,-2.209971363542655,5.316324803817854,37906U
2025-06-28T01:33:31.450646,-4134.058529498823,-4109.207310586887,-4636.072165759712,-4.186271953881578,-1.976151878077546,5.594357687579903,37906U
2025-06-28T01:34:31.450646,-4377.909305005809,-4220.574548351446,-4292.540117797007,-3.9398499101508393,-1.7350046304457996,5.853473885971314,37906U
2025-06-28T01:35:31.450646,-4606.543880959578,-4317.27266508391,-3934.0531432302273,-3.679193022110741,-1.4873052230585246,6.092726993905473,37906U
2025-06-28T01:36:31.450646,-4819.132443327415,-4398.932566286563,-3561.830054825901,-3.40511432930501,-1.2338570458618432,6.311223468799308,37906U
2025-06-28T01:37:31.450646,-5014.895467830647,-4465.234139550922,-3177.1415682685006,-3.1184773112636575,-0.9754896706403334,6.508126333824156,37906U
2025-06-28T01:38:31.450646,-5193.106702246233,-4515.907769752794,-2781.306800393621,-2.820194577947173,-0.7130570682059346,6.682658934565032,37906U
2025-06-28T01:39:31.450646,-5353.0960639145715,-4550.735742654291,-2375.689542430759,-2.51122632064023,-0.44743563841786715,6.83410872373932,37906U
2025-06-28T01:40:31.450646,-5494.252437785653,-4569.553525568634,-1961.6943071121577,-2.1925785047614696,-0.17952204511845266,6.9618310451285845,37906U
2025-06-28T01:41:31.450646,-5616.026359234656,-4572.250913284642,-1540.7621502707748,-1.865300788323992,0.08976914954311356,7.065252884693756,37906U
2025-06-28T01:42:31.450646,-5717.932564913316,-4558.773027132671,-1114.366269511871,-1.5304841524409738,0.3595080543239914,7.1438765540408316,37906U
2025-06-28T01:43:31.450646,-5799.5523940980565,-4529.121154917972,-684.0073846841525,-1.1892582332980213,0.6287522217750118,7.197283269040586,37906U
2025-06-28T01:44:31.450646,-5860.53602237761,-4483.353419463494,-251.20890716453437,-0.8427883483647782,0.8965496220122539,7.225136584541421,37906U
2025-06-28T01:45:31.450646,-5900.604509111348,-4421.585263702784,182.48809261946485,-0.4922722132505906,1.1619418115593587,7.227185644798487,37906U
2025-06-28T01:46:31.450646,-5919.551639906631,-4343.989740652299,615.5301075124923,-0.13893634946441735,1.4239672883794474,7.2032682085172395,37906U
2025-06-28T01:47:31.450646,-5917.245545423571,-4250.797597175746,1046.356591340232,0.2159678126414658,1.6816650211558117,7.153313407307151,37906U
2025-06-28T01:48:31.450646,-5893.630078132439,-4142.297141230656,1473.4055149992582,0.5711681273531187,1.9340781378865872,7.0773441968804605,37906U
2025-06-28T01:49:31.450646,-5848.72592922898,-4018.833883257237,1895.1190614115262,0.9253762109774573,2.1802577559847403,6.975479461517086,37906U
2025-06-28T01:50:31.450646,-5782.631468758871,-3880.809943522902,2309.949437397922,1.277292186524368,2.41926693337827,6.847935734140556,37906U
2025-06-28T01:51:31.450646,-5695.523293111409,-3728.6832185617764,2716.3647782195853,1.6256096751418119,2.650184717637845,6.695028496785791,37906U
2025-06-28T01:52:31.450646,-5587.656465405035,-3562.9663013313834,3112.855118396348,1.9690210100185148,2.8721102679680786,6.5171730292468215,37906U
2025-06-28T01:53:31.450646,-5459.3644358895945,-3384.225151328912,3497.938400478295,2.3062226450066676,3.0841670230256035,6.314884777215963,37906U
2025-06-28T01:54:31.450646,-5311.05863131166,-3193.0775126447966,3870.1664917549374,2.635920727093937,3.2855068860046,6.088779215195399,37906U
2025-06-28T01:55:31.450646,-5143.227704206232,-2990.1910797568153,4228.131177465801,2.9568367991217572,3.4753143972803624,5.839571183798934,37906U
2025-06-28T01:56:31.450646,-4956.43643526025,-2776.2814127556358,4570.470097954063,3.267713596848224,3.652810864137785,5.568073685674746,37906U
2025-06-28T01:57:31.450646,-4751.324284210462,-2552.10960561667,4895.872596393571,3.5673209026115615,3.817258416731681,5.275196129079462,37906U
2025-06-28T01:58:31.450646,-4528.6035871544145,-2318.479713062865,5203.085443235172,3.854461416480527,3.967963959421676,4.961942013022072,37906U
2025-06-28T01:59:31.450646,-4289.057400635074,-2076.235943474392,5490.918403357657,4.127976604872821,4.104282986971606,4.6294060527865435,37906U
2025-06-28T02:00:31.450646,-4033.536995372147,-1826.2596271672378,5758.2496120709875,4.386752486166271,4.225623235771911,4.278770749449658,37906U
2025-06-28T02:01:31.450646,-3762.959005022634,-1569.4659711611423,6004.030726592256,4.629725312788135,4.331448141194598,3.911302411665439,37906U
2025-06-28T02:02:31.450646,-3478.3022378333253,-1306.8006132723895,6227.291820378187,4.855887109599058,4.421280073378458,3.5283466424378074,37906U
2025-06-28T02:03:31.450646,-3180.6041614694705,-1039.2359899795406,6427.145988735005,5.064291029044974,4.494703325123509,3.1313233078073175,37906U
2025-06-28T02:04:31.450646,-2870.95707364898,-767.7675340138799,6602.793635408585,5.2540564844732724,4.551366827102051,2.7217210083224055,37906U
2025-06-28T02:05:31.450646,-2550.5039734611887,-493.40971901025614,6753.526411363056,5.4243740241493255,4.590986567229505,2.301091077847372,37906U
2025-06-28T02:06:31.450646,-2220.4341504022545,-217.1919698245202,6878.730778653796,5.5745099098102004,4.613347692747447,1.8710411377102456,37906U
2025-06-28T02:07:31.450646,-1881.97851019101,59.84554173578603,6977.891174180063,5.70381036502686,4.6183062753346,1.433228237423088,37906U
2025-06-28T02:08:31.450646,-1536.404658366851,336.6561949826709,7050.592750129005,5.811705460170396,4.605790721363678,0.9893516162982158,37906U
2025-06-28T02:09:31.450646,-1185.0117644823868,612.1912905252716,7096.523670100328,5.89771260239986,4.575802811270442,0.5411451232420708,37906U
2025-06-28T02:10:31.450646,-829.1252314240096,885.4044700432988,7115.476942206524,5.96143960079896,4.528418353907866,0.09036933492647133,37906U
2025-06-28T02:11:31.450646,-470.09119599826005,1155.256162447311,7107.351772886165,6.002587278623564,4.463787443752472,-0.3611965845798798,37906U
2025-06-28T02:12:31.450646,-109.27088843025723,1420.7180326191726,7072.154427743274,6.020951606613861,4.382134310947376,-0.8117632367372244,37906U
2025-06-28T02:13:31.450646,251.96512018055216,1680.7774084414953,7009.998588444042,6.0164253335332845,4.283756756449895,-1.259539505125962,37906U
2025-06-28T02:14:31.450646,612.2427521153974,1934.4416614569182,6921.1051975710425,5.98899909258161,4.169025167045607,-1.7027411839035511,37906U
2025-06-28T02:15:31.450646,970.1903075096238,2180.7425162596996,6805.801786363711,5.9387619651606185,4.038381107736292,-2.139599663467435,37906U
2025-06-28T02:16:31.450646,1324.444366557194,2418.7402636421366,6664.521283461345,5.865901486706125,3.892335492031204,-2.568370615948995,37906U
2025-06-28T02:17:31.450646,1673.6556760546969,2647.5278525490276,6497.800306149204,5.770703083012699,3.7314663340290304,-2.9873426205712095,37906U
2025-06-28T02:18:31.450646,2016.494986386388,2866.234836243662,6306.276939083456,5.653548929655399,3.556416089765685,-3.3948456668901685,37906U
2025-06-28T02:19:31.450646,2351.658804488183,3074.031148450031,6090.688009199482,5.514916231856862,3.367888599293921,-3.7892594720528106,37906U
2025-06-28T02:20:31.450646,2677.8750283377735,3270.1306860330837,5851.865869249018,5.355374927341705,3.1666456450822715,-4.1690215473073895,37906U
2025-06-28T02:21:31.450646,2993.9084286388365,3453.794675693713,5590.734706309239,5.175584820407337,2.9535031467039112,-4.532634948640816,37906U
2025-06-28T02:22:31.450646,3298.5659439223873,3624.3348033989732,5308.3063955068255,4.976292161495316,2.7293270162316854,-4.878675647074189,37906U
2025-06-28T02:23:31.450646,3590.7017561971306,3781.1160867761737,5005.675923082982,4.758325692882856,2.4950287032025447,-5.205799455808208,37906U
2025-06-28T02:24:31.450646,3869.22211559184,3923.5594724916486,4684.01640671175,4.522592187590769,2.2515604623305787,-5.512748454191714,37906U
2025-06-28T02:25:31.450646,4133.089884151324,4051.1441426999027,4344.573744602555,4.270071515066671,1.9999103812079146,-5.798356852431848,37906U
2025-06-28T02:26:31.450646,4381.328771080294,4163.409516974124,3988.660928283472,4.001811273473468,1.7410972088986982,-6.0615562460870205,37906U
2025-06-28T02:27:31.450646,4613.027234257236,4259.9569386837065,3617.6520570005955,3.7189210343146395,1.4761650294784572,-6.301380215636544,37906U
2025-06-28T02:28:31.450646,4827.342025743285,4340.451037537072,3232.976094298526,3.422566250473712,1.2061778270756798,-6.516968233723884,37906U
2025-06-28T02:29:31.450646,5023.501362245625,4404.6207629108985,2836.110409502159,3.1139618833665237,0.9322139907349528,-6.7075688508871005,37906U
2025-06-28T02:30:31.450646,5200.8077050137845,4452.260085591473,2428.574148436817,2.794365808643346,0.655360808357625,-6.8725421395523805,37906U
2025-06-28T02:31:31.450646,5358.640137386272,4483.228368601604,2011.9214787579779,2.4650720626063185,0.37670899903399424,-7.0113613855665005,37906U
2025-06-28T02:32:31.450646,5496.4563320944,4497.450410818722,1587.7347556827965,2.1274039931288757,0.09734733223588601,-7.123614026351863,37906U
2025-06-28T02:33:31.450646,5613.794104396402,4494.916170045859,1157.6176537033514,1.7827073793121333,-0.1816426194084143,-7.209001844639809,37906U
2025-06-28T02:34:31.450646,5710.272551074429,4475.680175016987,723.1883090271181,1.4323435833724512,-0.4591915496420336,-7.267340436421186,37906U
2025-06-28T02:35:31.450646,5785.592779205074,4439.860638447116,286.07251604690344,1.077682796335199,-0.7342472697036488,-7.298557981006194,37906U
2025-06-28T02:36:31.450646,5839.5382323309295,4387.638285624744,-152.10298086938124,0.720097436069914,-1.0057793044586187,-7.30269334967885,37906U
2025-06-28T02:37:31.450646,5871.974625146912,4319.254915146892,-589.7170615076457,0.360955752130231,-1.2727832016635408,-7.279893597160632,37906U
2025-06-28T02:38:31.450646,5882.849501006038,4235.01171018144,-1025.1606340743201,0.0016156868790527558,-1.5342845276771089,-7.2304108867910974,37906U
2025-06-28T02:39:31.450646,5872.1914293926,4135.267320081548,-1456.8428371801758,-0.356580963372993,-1.7893425284511812,-7.154598905854244,37906U
2025-06-28T02:40:31.450646,5840.108862962002,4020.435733258916,-1883.1970107754971,-0.7123140498445721,-2.037053440346434,-7.052908831732347,37906U
2025-06-28T02:41:31.450646,5786.7886757756705,3890.983962940557,-2302.6864111344626,-1.0642902047930953,-2.27655344107439,-6.925884912500111,37906U
2025-06-28T02:42:31.450646,5712.494405947999,3747.4295677920813,-2713.8096489740183,-1.4112475835171179,-2.507021236736012,-6.774159727167422,37906U
2025-06-28T02:43:31.450646,5617.564227062406,3590.3380294020662,-3115.1058338159337,-1.7519601984342221,-2.7276802863776477,-6.598449191064412,37906U
2025-06-28T02:44:31.450646,5502.408673411655,3420.320008308916,-3505.159411677237,-2.085241835848172,-2.9378006706029653,-6.399547370898771,37906U
2025-06-28T02:45:31.450646,5367.5081443869885,3238.02849963945,-3882.604687032297,-2.4099495528088033,-3.1367006154695174,-6.178321171892675,37906U
2025-06-28T02:46:31.450646,5213.410213207751,3044.1559085514427,-4246.130023658128,-2.7249867578748117,-3.3237476870778653,-5.935704956241543,37906U
2025-06-28T02:47:31.450646,5040.726764678546,2839.431064567004,-4594.481722397208,-3.0293058854973123,-3.4983596758714484,-5.672695148064012,37906U
2025-06-28T02:48:31.450646,4850.130985824197,2624.616192588424,-4926.467577000031,-3.321910679054299,-3.66000519266372,-5.390344875180344,37906U
2025-06-28T02:49:31.450646,4642.35423212558,2400.503856943625,-5240.960112007378,-3.601858102210457,-3.808204000774214,-5.089758692618651,37906U
2025-06-28T02:50:31.450646,4418.182790709583,2167.913893256855,-5536.899509067838,-3.8682599021982553,-3.942527110379081,-4.772087426866046,37906U
2025-06-28T02:51:31.450646,4178.4545602785665,1927.690341317372,-5813.296230149769,-4.120283851791722,-4.062596662278349,-4.438523173704083,37906U
2025-06-28T02:52:31.450646,3924.055665848765,1680.6983904659612,-6069.23334778476,-4.357154699157972,-4.168085628772073,-4.090294476146897,37906U
2025-06-28T02:53:31.450646,3655.917024548882,1427.821347369433,-6303.868593775313,-4.5781548564349155,-4.258717359258061,-3.728661702672678,37906U
2025-06-28T02:54:31.450646,3375.0108768506375,1169.9576344356333,-6516.436138725402,-4.782624858822875,-4.334264997560193,-3.354912639724154,37906U
2025-06-28T02:55:31.450646,3082.3472957136573,908.017825573521,-6706.24811531371,-4.969963626221392,-4.394550796916238,-2.9703583064762937,37906U
2025-06-28T02:56:31.450646,2778.9706842469477,642.9217245308165,-6872.695898464887,-5.139628559054272,-4.43944535706073,-2.5763289941983625,37906U
2025-06-28T02:57:31.450646,2465.9562706808574,375.59548969266274,-7015.251155484738,-5.291135498938419,-4.468866805980801,-2.174170527290723,37906U
2025-06-28T02:58:31.450646,2144.406607702281,106.96880798367656,-7133.466678866979,-5.4240585833524655,-4.482779946771764,-1.7652407382721873,37906U
2025-06-28T02:59:31.450646,1815.4480815944034,-162.0278805717185,-7226.977013857489,-5.538030021489209,-4.4811953876237345,-1.3509061447287176,37906U
2025-06-28T03:00:31.450646,1480.227435127876,-430.4661070301111,-7295.498892030667,-5.63273981611824,-4.464168670396066,-0.9325388124996137,37906U
2025-06-28T03:01:31.450646,1139.9083068217776,-697.4220466385415,-7338.831481108293,-5.707935453591612,-4.431799410532647,-0.511513386236795,37906U
2025-06-28T03:02:31.450646,795.6677880182884,-961.9791417003736,-7356.856460080169,-5.7634215811725715,-4.384230458292241,-0.08920426590483063,37906U
2025-06-28T03:03:31.450646,448.6929982242753,-1223.2306755007144,-7349.537927392122,-5.799059687709501,-4.321647088460972,0.3330170941779998,37906U
2025-06-28T03:04:31.450646,100.17767836357696,-1480.2822989145634,-7316.9221485883645,-5.814767800377961,-4.244276222922947,0.7537847885424469,37906U
2025-06-28T03:05:31.450646,-248.68119903993136,-1732.2545114884888,-7259.137148360316,-5.810520206827755,-4.152385687728776,1.1717409916137753,37906U
2025-06-28T03:06:31.450646,-596.6868041562784,-1978.2850988005305,-7176.392150493687,-5.786347208650746,-4.046283503658245,1.5855384424494867,37906U
2025-06-28T03:07:31.450646,-942.6458102724741,-2217.531527778649,-7068.976867748654,-5.74233490867923,-3.926317206752618,1.9938429087416731,37906U
2025-06-28T03:08:31.450646,-1285.3717420487217,-2449.1733013944154,-6937.260642281541,-5.678625031277605,-3.792873192925235,2.3953356548627514,37906U
2025-06-28T03:09:31.450646,-1623.688313186055,-2672.4142737621632,-6781.691435845427,-5.595414771544932,-3.6463760785699972,2.7887159374634667,37906U
2025-06-28T03:10:31.450646,-1956.4327547767375,-2886.48492616743,-6602.794667717796,-5.492956666241573,-3.487288067101508,3.172703550404388,37906U
2025-06-28T03:11:31.450646,-2282.459135137738,-3090.6446039393436,-6401.171897116187,-5.3715584763253705,-3.3161083095965527,3.5460414386596213,37906U
2025-06-28T03:12:31.450646,-2600.6416712941445,-3284.1837133761605,-6177.49934580187,-5.231583068267429,-3.1333722461852953,3.907498398299231,37906U
2025-06-28T03:13:31.450646,-2909.8780315013087,-3466.4258771484747,-5932.526255653873,-5.073448278844215,-2.9396509135762567,4.255871876778595,37906U
2025-06-28T03:14:31.450646,-3209.092627277397,-3636.730045749496,-5667.073075243721,-4.897626745904953,-2.735550203109909,4.589990884568724,37906U
2025-06-28T03:15:31.450646,-3497.239892383066,-3794.492561655444,-5382.029468867883,-4.704645685716186,-2.5217100530311436,4.908719025700083,37906U
2025-06-28T03:16:31.450646,-3773.307545042063,-3939.149171912307,-5078.352141118548,-4.4950865959184485,-2.2988035582649693,5.210957651099878,37906U
2025-06-28T03:17:31.450646,-4036.319828465577,-4070.176983896394,-4757.062469906796,-4.269584861916549,-2.0675359808804554,5.495649134728217,37906U
2025-06-28T03:18:31.450646,-4285.340723442226,-4187.096358020976,-4419.243940906673,-4.028829243688325,-1.8286436446422698,5.761780268510152,37906U
2025-06-28T03:19:31.450646,-4519.477125406173,-4289.472730197851,-4066.0393766726597,-3.773561219555317,-1.5828926975799311,6.008385767971714,37906U
2025-06-28T03:20:31.450646,-4737.8819770162545,-4376.918355927497,-3698.647954206814,-3.5045741634324816,-1.3310777273563748,6.234551876370707,37906U
2025-06-28T03:21:31.450646,-4939.7573458982715,-4449.093967005356,-3318.3220055131274,-3.2227123324705733,-1.074020215381603,6.439420051031743,37906U
2025-06-28T03:22:31.450646,-5124.357435838933,-4505.710331010844,-2926.363596683026,-2.9288696428381145,-0.8125668170928614,6.622190711605567,37906U
2025-06-28T03:23:31.450646,-5290.991518403968,-4546.529703010785,-2524.120882299231,-2.623988212658031,-0.5475874575942098,6.782127026143653,37906U
2025-06-28T03:24:31.450646,-5439.026770709172,-4571.367158278106,-2112.984233419352,-2.309056652814759,-0.2799732338999314,6.91855870727509,37906U
2025-06-28T03:25:31.450646,-5567.891003927421,-4580.0917943168215,-1694.3821390978349,-1.9851080884726022,-0.010634117337854613,7.030885787458696,37906U
2025-06-28T03:26:31.450646,-5677.075266096039,-4572.6277901145395,-1269.7768833052407,-1.6532178966734492,0.2595035477902957,7.118582339327446,37906U
2025-06-28T03:27:31.450646,-5766.136301922368,-4548.955310327757,-840.6600011892756,-1.3145011482871114,0.5294997504562621,7.181200104606669,37906U
2025-06-28T03:28:31.450646,-5834.698851595583,-4509.11124205824,-408.54752086942136,-0.970109745836145,0.7984037223278381,7.218371993031609,37906U
2025-06-28T03:29:31.450646,-5882.457770124661,-4453.18975201128,25.025000666979906,-0.6212292522620757,1.0652570456255068,7.229815411168334,37906U
2025-06-28T03:30:31.450646,-5909.179948454977,-4381.3426521485735,458.50763652155507,-0.26907540949439646,1.3290969515965974,7.215335380099134,37906U
2025-06-28T03:31:31.450646,-5914.706017588429,-4293.779562463641,890.341430115906,0.08510965033999057,1.5889597987075634,7.17482740060666,37906U
2025-06-28T03:32:31.450646,-5898.951817156611,-4190.7678602200485,1318.9639005568322,0.4400614941275252,1.8438847166121297,7.1082800248026095,37906U
2025-06-28T03:33:31.450646,-5861.909610384113,-4072.632405898638,1742.8146944630416,0.7944977663157664,2.0929173990158394,7.015777094108869,37906U
2025-06-28T03:34:31.450646,-5803.649028132349,-3939.7550371940597,2160.3413631091075,1.147122841596139,2.3351140257756247,6.897499605106437,37906U
2025-06-28T03:35:31.450646,-5724.317725733278,-3792.573823673419,2570.0052413811577,1.496632732506392,2.5695452920037027,6.7537271670012125,37906U
2025-06-28T03:36:31.450646,-5624.1417375999345,-3631.5820761460463,2970.2874028294536,1.841720228904979,2.7953005196375798,6.584839017280744,37906U
2025-06-28T03:37:31.450646,-5503.425516122883,-3457.327106373146,3359.6946630920434,2.1810802426947222,3.011491824939261,6.391314565498771,37906U
2025-06-28T03:38:31.450646,-5362.551643114572,-3270.408734454981,3736.765602169916,2.5134153279058977,3.217258313722922,6.1737334389673935,37906U
2025-06-28T03:39:31.450646,-5201.980204016594,-3071.4775430334557,4100.0765745241515,2.837441343375465,3.411770274826761,5.932775008369817,37906U
2025-06-28T03:40:31.450646,-5022.247817220695,-2861.2328793311103,4448.247674721717,3.151893222786352,3.5942333414331222,5.66921737586121,37906U
2025-06-28T03:41:31.450646,-4823.96631312943,-2640.4206079651385,4779.948625446028,3.455530814831597,3.76389258933161,5.383935812987553,37906U
2025-06-28T03:42:31.450646,-4607.821059977746,-2409.830619421043,5093.904554077808,3.747144754719563,3.9200365410810227,5.077900640652062,37906U
2025-06-28T03:43:31.450646,-4374.5689358994305,-2170.2941009929705,5388.901623792217,4.025562327180723,4.062001045263533,4.75217454827419,37906U
2025-06-28T03:44:31.450646,-4125.035949239419,-1922.6805788978813,5663.7924851607695,4.289653280518721,4.1891730005860115,4.407909354165009,37906U
2025-06-28T03:45:31.450646,-3860.114511626046,-1667.8947420961476,5917.501514627257,4.5383355510824925,4.300993895455448,4.046342213872381,37906U
2025-06-28T03:46:31.450646,-3580.760370821512,-1406.8730601106868,6149.029806889184,4.770580857744348,4.3969631347741815,3.6687912878058704,37906U
2025-06-28T03:47:31.450646,-3287.9892128114725,-1140.5802087867135,6357.459889174662,4.985420126536472,4.476641127038011,3.276650883754902,37906U
2025-06-28T03:48:31.450646,-2982.872944976658,-870.0053194869166,6541.9601266071995,5.181948706443419,4.539652106315916,2.871386093971823,37906U
2025-06-28T03:49:31.450646,-2666.535674474163,-596.158068645075,6701.788789292885,5.359331338437261,4.585686665311863,2.4545269502724967,37906U
2025-06-28T03:50:31.450646,-2340.1493981436042,-320.06462591339493,6836.297753407663,5.51680684111005,4.61450397741454,2.0276621241412616,37906U
2025-06-28T03:51:31.450646,-2004.929422331475,-42.763480329128264,6944.935810388848,5.653692477667576,4.625933687405407,1.5924322021366901,37906U
2025-06-28T03:52:31.450646,-1662.1295329928043,234.69883500281946,7027.251560323889,5.769387970565396,4.619877452303763,1.15052257002184,37906U
2025-06-28T03:53:31.450646,-1313.0369382850554,511.27209825783353,7082.895867763838,5.86337913167512,4.596310115676148,0.7036559420391993,37906U
2025-06-28T03:54:31.450646,-958.9670076161547,785.9068119712567,7111.623860460216,5.9352410775663484,4.555280500637951,0.25358457466469114,37906U
2025-06-28T03:55:31.450646,-601.2578327483511,1057.5586508147057,7113.2964539271625,5.984641001295234,4.496911808749613,-0.19791779294922493,37906U
2025-06-28T03:56:31.450646,-241.26463809881923,1325.192920402035,7087.881387266285,6.011340474037803,4.421401614092759,-0.6490642267549706,37906U
2025-06-28T03:57:31.450646,119.64593119448624,1587.7890029400319,7035.453758365762,6.015197252046496,4.329021444042261,-1.0980630658497674,37906U
2025-06-28T03:58:31.450646,480.1016135499552,1844.3447651308222,6956.196049404775,5.996166566799446,4.2201159406740265,-1.5431265199166724,37906U
2025-06-28T03:59:31.450646,838.730396474909,2093.8809034546607,6850.397636569523,5.954301878921552,4.095101599406941,-1.9824793423566731,37906U
2025-06-28T04:00:31.450646,1194.1664112079575,2335.4452018219436,6718.453781023829,5.889755079548726,3.954465084406837,-2.414367522641099,37906U
2025-06-28T04:01:31.450646,1545.0558234292382,2568.116676601531,6560.864101480331,5.802776126339688,3.7987611235066336,-2.8370669388366996,37906U
2025-06-28T04:02:31.450646,1890.0626862934112,2791.009584231566,6378.230532183699,5.693712105357051,3.6286099889275123,-3.2488919089791564,37906U
2025-06-28T04:03:31.450646,2227.8747215602893,3003.2772670195113,6171.254773734409,5.563005714565217,3.444694573912128,-3.6482035781236855,37906U
2025-06-28T04:04:31.450646,2557.2089943823726,3204.1158133664085,5940.735247926881,5.41119316972265,3.247757079467519,-4.033418076634202,37906U
2025-06-28T04:05:31.450646,2876.8174473872664,3392.767509522754,5687.563571619472,5.238901538950534,3.0385953297105783,-4.403014384723811,37906U
2025-06-28T04:06:31.450646,3185.492260110009,3568.5240611231166,5412.720568546425,5.046845518172816,2.8180587387302696,-4.755541838580532,37906U
2025-06-28T04:07:31.450646,3482.071000609937,3730.729564160559,5117.271841872143,4.835823665850586,2.5870439563332015,-5.089627214717514,37906U
2025-06-28T04:08:31.450646,3765.4415372776084,3878.7832067582226,4802.362934107272,4.606714121851681,2.346490224405813,-5.40398133158007,37906U
2025-06-28T04:09:31.450646,4034.546680413962,4012.141685068894,4469.21410468141,4.360469841754459,2.097374479780344,-5.697405110983936,37906U
2025-06-28T04:10:31.450646,4288.388525150739,4130.321318871305,4119.114758920774,4.0981133842152655,1.8407062433012358,-5.968795046672006,37906U
2025-06-28T04:11:31.450646,4526.032469669587,4232.899854910887,3753.4175653314073,3.82073129505316,1.5775223381225687,-6.217148033137142,37906U
2025-06-28T04:12:31.450646,4746.610885447967,4319.517948721178,3373.532300860218,3.5294681372398715,1.3088814830010136,-6.441565514797752,37906U
2025-06-28T04:13:31.450646,4949.32641937872,4389.880318518575,2980.919466123472,3.225520220850391,1.035858808372559,-6.641256923515053,37906U
2025-06-28T04:14:31.450646,5133.454911025916,4443.756567736843,2577.083714398839,2.910129091074687,0.7595403442311127,-6.8155423811440565,37906U
2025-06-28T04:15:31.450646,5298.347911942249,4480.981675807675,2163.567139409865,2.584574835466003,0.48101752919053187,-6.9638546531281404,37906U
2025-06-28T04:16:31.450646,5443.43479780787,4501.456159836608,1741.9424675646417,2.2501692736060677,0.20138178958101716,-7.085740348850103,37906U
2025-06-28T04:17:31.450646,5568.224468087991,4505.145912812466,1313.8062003167543,1.9082490932227811,-0.07828076400403397,-7.180860374304955,37906U
2025-06-28T04:18:31.450646,5672.306631866595,4492.081726861394,880.771751695676,1.56016899646758,-0.3568944776066149,-7.248989652411106,37906U
2025-06-28T04:19:31.450646,5755.352682418383,4462.358512757567,444.46262481814637,1.207294918548951,-0.6333990902801757,-7.290016135681122,37906U
2025-06-28T04:20:31.450646,5817.116166851389,4416.134229378487,6.505669375466981,0.8509973782690236,-0.9067544278527261,-7.303939144796323,37906U
2025-06-28T04:21:31.450646,5857.432860716954,4353.628538999151,-431.4755402603328,0.49264501629813984,-1.1759448205025285,-7.290867074658856,37906U
2025-06-28T04:22:31.450646,5876.220460775603,4275.121206217428,-867.8671694987953,0.13359837235455144,-1.4399832156065868,-7.25101451654697,37906U
2025-06-28T04:23:31.450646,5873.47791206834,4180.950259866453,-1301.0713969754142,-0.22479605302246236,-1.6979149627339924,-7.1846988509248515,37906U
2025-06-28T04:24:31.450646,5849.284388028725,4071.50993847735,-1729.5124669538309,-0.5812114125674316,-1.9488212533157034,-7.092336370148719,37906U
2025-06-28T04:25:31.450646,5803.797944544369,3947.248440702047,-2151.642494450146,-0.9343457693437603,-2.191822203271099,-6.9744379936969425,37906U
2025-06-28T04:26:31.450646,5737.253870615725,3808.6655025891723,-2565.947000794375,-1.2829269708056936,-2.426079572584056,-6.831604640606359,37906U
2025-06-28T04:27:31.450646,5649.96275955429,3656.3098237382674,-2970.9501613543985,-1.6257171210023793,-2.6507991213562927,-6.664522324532541,37906U
2025-06-28T04:28:31.450646,5542.308325511382,3490.776364155495,-3365.219751145191,-1.9615166391201517,-2.8652326071106344,-6.473957036315521,37906U
2025-06-28T04:29:31.450646,5414.744990546158,3312.703533125561,-3747.371777942284,-2.289167899424582,-3.068679432961897,-6.260749477208264,37906U
2025-06-28T04:30:31.450646,5267.795267445854,3122.770290625903,-4116.074796258252,-2.607558454202987,-3.2604879606405377,-6.02580970311481,37906U
2025-06-28T04:31:31.450646,5102.0469631358455,2921.693180782512,-4470.05389904413,-2.9156238473802722,-3.4400565061662864,-5.770111736424728,37906U
2025-06-28T04:32:31.450646,4918.150226793393,2710.22331563296,-4808.094387212411,-3.212350031999504,-3.6068340391881915,-5.494688197454865,37906U
2025-06-28T04:33:31.450646,4716.814465753643,2489.1433260684653,-5129.045119985785,-3.4967754096272814,-3.760320609595269,-5.200625002280445,37906U
2025-06-28T04:34:31.450646,4498.805151009437,2259.2642953078807,-5431.821551639203,-3.767992513915709,-3.9000675269539675,-4.8890561680040925,37906U
2025-06-28T04:35:31.450646,4264.940532607636,2021.422688655633,-5715.408462393462,-4.0251493639835605,-4.025677319645594,-4.561158760433608,37906U
2025-06-28T04:36:31.450646,4016.088283581257,1776.4772916506806,-5978.862393027666,-4.2674505159544545,-4.136803501278904,-4.218148012866641,37906U
2025-06-28T04:37:31.450646,3753.162089272801,1525.306167057853,-6221.31379420709,-4.494157842914589,-4.233150172073656,-3.8612726383503246,37906U
2025-06-28T04:38:31.450646,3477.118197048635,1268.8036395231427,-6441.968902572921,-4.704591074740441,-4.31447148248823,-3.4918103515306735,37906U
2025-06-28T04:39:31.450646,3188.951939516656,1007.8773151369462,-6640.11135632879,-4.8981281297346415,-4.380570985450687,-3.111063610141317,37906U
2025-06-28T04:40:31.450646,2889.694242478643,743.4451416496598,-6815.10356340398,-5.074205269838816,-4.431300902200537,-2.720355580404229,37906U
2025-06-28T04:41:31.450646,2580.4081270154866,476.4325136889184,-6966.3878352952315,-5.232317110414787,-4.466561325015912,-2.3210263252178955,37906U
2025-06-28T04:42:31.450646,2262.1852133388584,207.7694260457809,-7093.487299422724,-5.372016514266823,-4.486299378049152,-1.9144292090469182,37906U
2025-06-28T04:43:31.450646,1936.1422323878148,-61.61232304508435,-7196.006602302726,-5.492914397770893,-4.49050835517946,-1.5019275089729818,37906U
2025-06-28T04:44:31.450646,1603.4175496143005,-330.78187770900746,-7273.632415078961,-5.594679474756457,-4.479226851275391,-1.0848912174454688,37906U
2025-06-28T04:45:31.450646,1265.1677040143882,-598.8120192451705,-7326.133751995755,-5.677037961212117,-4.452537900595998,-0.664694018917964,37906U
2025-06-28T04:46:31.450646,922.5639642350117,-864.7818105698868,-7353.362111273102,-5.739773261025838,-4.410568133301572,-0.24271041978729746,37906U
2025-06-28T04:47:31.450646,576.7889025323756,-1127.779191441632,-7355.251446590088,-5.782725649885471,-4.353486958241503,0.17968699112708678,37906U
2025-06-28T04:48:31.450646,229.03298648294734,-1386.9035259974494,-7331.817976031841,-5.805791971217345,-4.281505777383157,0.6011301759207321,37906U
2025-06-28T04:49:31.450646,-119.50881233761817,-1641.2681043492194,-7283.159833936469,-5.808925354684621,-4.194877234483193,1.0202582001292366,37906U
2025-06-28T04:50:31.450646,-467.6403939898791,-1890.002600057024,-7209.456569624139,-5.792134964358614,-4.0938944979189245,1.4357197302636298,37906U
2025-06-28T04:51:31.450646,-814.1678917113975,-2132.2554852206476,-7110.968495529001,-5.7554857802635535,-3.9788905750251247,1.8461755020896318,37906U
2025-06-28T04:52:31.450646,-1157.9030210718315,-2367.196404713545,-6988.035885814164,-5.6990984136257135,-3.8502376528524342,2.250300784772294,37906U
2025-06-28T04:53:31.450646,-1497.6664183887876,-2594.0185107397474,-6841.07802515574,-5.623148952873692,-3.7083464580028664,2.646787864907719,37906U
2025-06-28T04:54:31.450646,-1832.2909698052877,-2811.940758426696,-6670.592106060893,-5.527868834279109,-3.5536656261318824,3.0343485728949373,37906U
2025-06-28T04:55:31.450646,-2160.6251320166307,-3020.2101625923283,-6477.151971857969,-5.413544728132174,-3.386681069855214,3.4117168721050493,37906U
2025-06-28T04:56:31.450646,-2481.5362450572557,-3218.1040151502275,-6261.406701387421,-5.280518428550514,-3.2079153321822895,3.7776515289077843,37906U
2025-06-28T04:57:31.450646,-2793.913836827269,-3404.932061854851,-6024.079030452234,-5.12918673245528,-3.017926911235807,4.1309388788530725,37906U
2025-06-28T04:58:31.450646,-3096.6729181710266,-3580.038636256359,-5765.963604271288,-4.960001290945738,-2.8173095409211197,4.470395701220434,37906U
2025-06-28T04:59:31.450646,-3388.7572663233477,-3742.8047478407843,-5487.925054540202,-4.773468414292995,-2.6066914113967132,4.794872210773458,37906U
2025-06-28T05:00:31.450646,-3669.142693427838,-3892.650120392138,-5190.895894259032,-4.570148810084272,-2.3867343126816802,5.103255171933222,37906U
2025-06-28T05:01:31.450646,-3936.840295636658,-4029.0351756507757,-4875.874223236465,-4.3506572326986035,-2.1581326845172035,5.394471136772364,37906U
2025-06-28T05:02:31.450646,-4190.899677009932,-4151.462956357815,-4543.921237165509,-4.115662021324345,-1.921612555706432,5.667489804245748,37906U
2025-06-28T05:03:31.450646,-4430.4121411079705,-4259.480981807804,-4196.158533356368,-3.865884503133043,-1.6779303565646866,5.921327494011652,37906U
2025-06-28T05:04:31.450646,-4654.513841785121,-4352.6830280749155,-3833.7652066632236,-3.602098238053228,-1.4278715888580134,6.155050724062455,37906U
2025-06-28T05:05:31.450646,-4862.388883317407,-4430.710824172671,-3457.974729809695,-3.325128081822444,-1.1722493386553547,6.367779877282257,37906U
2025-06-28T05:06:31.450646,-5053.272358614089,-4493.25565455355,-3070.071613248694,-3.0358490446776014,-0.9119026188950468,6.558692938000903,37906U
2025-06-28T05:07:31.450646,-5226.453312929787,-4540.059857585792,-2671.387840848059,-2.7351849241512247,-0.6476945301339554,6.727029275714452,37906U
2025-06-28T05:08:31.450646,-5381.277619214787,-4570.918208969639,-2263.299079096656,-2.4241066919938583,-0.3805102299126674,6.872093449434977,37906U
2025-06-28T05:09:31.450646,-5517.150750057771,-4585.679178498531,-1847.2206591449476,-2.1036306172167243,-0.11125470339726362,6.9932590026992925,37906U
2025-06-28T05:10:31.450646,-5633.540430103951,-4584.246048146032,-1424.603332832997,-1.7748161096414963,0.15914966956627546,7.089972216163303,37906U
2025-06-28T05:11:31.450646,-5729.9791519066475,-4566.577879185554,-996.9288058863132,-1.4387632711224796,0.42976575316549925,7.1617557820075515,37906U
2025-06-28T05:12:31.450646,-5806.066537413177,-4532.69031594014,-565.7050536582415,-1.0966101447429424,0.6996444994252056,7.20821236213877,37906U
2025-06-28T05:13:31.450646,-5861.471526721793,-4482.656213826934,-132.46142714005742,-0.7495296557413392,0.9678279934338833,7.229027990448097,37906U
2025-06-28T05:14:31.450646,-5895.934375397259,-4416.606079615449,301.2564405867001,-0.3987262416449195,1.233352693252052,7.223975278229592,37906U
2025-06-28T05:15:31.450646,-5909.268441518247,-4334.728312266421,733.8919147569984,-0.045432173016261866,1.495252854659898,7.192916381311845,37906U
2025-06-28T05:16:31.450646,-5901.361743763331,-4237.269233363022,1163.8828109252959,0.3090964297048728,1.7525641278211026,7.135805687539217,37906U
2025-06-28T05:17:31.450646,-5872.178272236687,-4124.53289698752,1589.6670007455596,0.6635838736319705,2.0043273099415737,7.052692183974086,37906U
2025-06-28T05:18:31.450646,-5821.75903439538,-3996.8806699293928,2009.6881512049831,1.0167394513543788,2.2495922351433078,6.943721464578256,37906U
2025-06-28T05:19:31.450646,-5750.222819367502,-3854.7305743270877,2422.4015745752367,1.3672622614996728,2.4874217801073493,6.809137341156587,37906U
2025-06-28T05:20:31.450646,-5657.766665140145,-3698.55638623159,2826.2801640725097,1.7138462701675046,2.716895961621305,6.649283022978833,37906U
2025-06-28T05:21:31.450646,-5544.666014538285,-3528.8864851202106,3219.8203881221066,2.055185587777406,2.937116100039556,6.464601833692224,37906U
2025-06-28T05:22:31.450646,-5411.274547591542,-3346.3024510594646,3601.5483142531457,2.3899799324870927,3.147209020873353,6.25563743783392,37906U
2025-06-28T05:23:31.450646,-5258.023679777869,-3151.4374079987274,3970.025632022689,2.7169402483023974,3.3463312652945807,6.023033553381231,37906U
2025-06-28T05:24:31.450646,-5085.42171771124,-2944.9741135393538,4323.855643033566,3.0347944433804384,3.5336732792920054,5.76753313124851,37906U
2025-06-28T05:25:31.450646,-4894.05266607672,-2727.642797443245,4661.689185075638,3.342293211850253,3.708463550563284,5.489976987365306,37906U
2025-06-28T05:26:31.450646,-4684.574681977392,-2500.218753091459,4982.230456706723,3.63821590076658,3.8699726619604347,5.191301877855006,37906U
2025-06-28T05:27:31.450646,-4457.71817530823,-2263.51968804814,5284.242708205351,3.9213763825811423,4.017517230416346,4.872538012780955,37906U
2025-06-28T05:28:31.450646,-4214.283556276483,-2018.4028418013309,5566.553764772056,4.1906288927528434,4.150463700739981,4.534806008848739,37906U
2025-06-28T05:29:31.450646,-3955.138633714616,-1765.76188061764,5828.061348120428,4.4448737917990435,4.2682319644429345,4.179313286270551,37906U
2025-06-28T05:30:31.450646,-3681.2156703445503,-1506.5235812368574,6067.738163174141,4.683063211183682,4.370298774811005,3.807349919638965,37906U
2025-06-28T05:31:31.450646,-3393.5081036245406,-1241.6443168303897,6284.6367174492625,4.904206542894981,4.456200930713929,3.4202839570745565,37906U
2025-06-28T05:32:31.450646,-3093.066943218989,-972.1063602409677,6477.893841829218,5.1073757333329945,4.525538203107875,3.0195562260740543,37906U
2025-06-28T05:33:31.450646,-2780.9968584540807,-698.9140209972911,6646.734882810889,5.291710343153874,4.577975979785491,2.6066746483751553,37906U
2025-06-28T05:34:31.450646,-2458.4519713457967,-423.089633953327,6790.477537885601,5.456422335946235,4.613247605626372,2.1832080897803583,37906U
2025-06-28T05:35:31.450646,-2126.6313729063345,-145.66941863877128,6908.535307492634,5.600800559997277,4.631156397365763,1.7507797742731732,37906U
2025-06-28T05:36:31.450646,-1786.7743824369911,132.30077048161283,7000.420538928653,5.724214888910228,4.6315773137127545,1.311060294942531,37906U
2025-06-28T05:37:31.450646,-1440.1555714092417,409.7697816445314,7065.747039690404,5.826119988430254,4.61445826350108,0.8657602572647997,37906U
2025-06-28T05:38:31.450646,-1088.0795753171383,685.6855692428835,7104.2322399620325,5.906058678521015,4.579821036453204,0.4166225932206609,37906U
2025-06-28T05:39:31.450646,-731.8757185569981,958.9996402488318,7115.698886324362,5.963664861517491,4.527761843099648,-0.034585412404772226,37906U
2025-06-28T05:40:31.450646,-372.89247895899615,1228.6715200904512,7100.076251260288,5.998665989090634,4.458451452449468,-0.48608033933523237,37906U
2025-06-28T05:41:31.450646,-12.491820056702663,1493.6732139119138,7057.400845661829,6.010885042840493,4.372134918193814,-0.9360710456687247,37906U
2025-06-28T05:42:31.450646,347.95657946589233,1752.9936387043538,6987.816624317538,6.000242005642241,4.269130886584567,-1.3827672283686803,37906U
2025-06-28T05:43:31.450646,707.0811684757964,2005.6430014738953,6891.574677282582,5.966754803468709,4.149830481708866,-1.8243880776087893,37906U
2025-06-28T05:44:31.450646,1063.5144064680233,2250.657098429378,6769.032403115215,5.9105397003685525,4.014695766714772,-2.259170969428095,37906U
2025-06-28T05:45:31.450646,1415.8986542922112,2487.1015101343187,6620.652163210162,5.831811132652936,3.8642577826673286,-2.6853801385221976,37906U
2025-06-28T05:46:31.450646,1762.892039045537,2714.075667712102,6446.999419865319,5.730880972183091,3.699114170134595,-3.1013152706402414,37906U
2025-06-28T05:47:31.450646,2103.1742590842873,2930.7167655189483,6248.740364284517,5.608157212990444,3.519926382329121,-3.5053199520598137,37906U
2025-06-28T05:48:31.450646,2435.4522948105014,3136.2034962560483,6026.639044414826,5.464142080302537,3.3274165026221953,-3.895789912162476,37906U
2025-06-28T05:49:31.450646,2758.4659908593007,3329.7595852757822,5781.554006328934,5.299429566377443,3.1223636834754984,-4.271180994329396,37906U
2025-06-28T05:50:31.450646,3070.993475621476,3510.6571018908294,5514.43446673242,5.11470240330559,2.9056002282095013,-4.6300167904092895,37906U
2025-06-28T05:51:31.450646,3371.856384680971,3678.219526810264,5226.316038070766,4.910728489047982,2.678007341477457,-4.970895874965923,37906U
2025-06-28T05:52:31.450646,3659.9248557885653,3831.8245564315393,4918.316031548443,4.688356789317897,2.440510578710128,-5.292498577536964,37906U
2025-06-28T05:53:31.450646,3934.122264421062,3970.9066265931815,4591.628367102506,4.448512744351705,2.194075029033976,-5.593593234271087,37906U
2025-06-28T05:54:31.450646,4193.429670823795,4094.959140545564,4247.51812289772,4.192193215977601,1.9397002700965644,-5.873041864622908,37906U
2025-06-28T05:55:31.450646,4436.889951676733,4203.536388293611,3887.31576017154,3.9204610165183102,1.6784151367420823,-6.129805224241813,37906U
2025-06-28T05:56:31.450646,4663.611592164082,4296.255147087198,3512.411062156686,3.6344390667601814,1.4112723484250635,-6.3629471917597185,37906U
2025-06-28T05:57:31.450646,4872.772117220268,4372.795955636792,3124.2468282873647,3.335304235318629,1.1393430425290103,-6.571638454748613,37906U
2025-06-28T05:58:31.450646,5063.621144037795,4432.904057571348,2724.3123668758285,3.0242809160555324,0.8637112622645419,-6.755159468547632,37906U
2025-06-28T05:59:31.450646,5235.483041496728,4476.39001267772,2314.136830877453,2.7026344036142698,0.585468448489307,-6.912902670765516,37906U
2025-06-28T06:00:31.450646,5387.759185948052,4503.129977508822,1895.2824422037888,2.3716641295139604,0.30570798457372833,-7.04437394383548,37906U
2025-06-28T06:01:31.450646,5519.929806683853,4513.065659961749,1469.3376502625804,2.0326968224960345,0.025519842313387324,-7.149193327804011,37906U
2025-06-28T06:02:31.450646,5631.555418376533,4506.203955346012,1037.9102700013127,1.6870796569006352,-0.25401462511946254,-7.227094995322727,37906U
2025-06-28T06:03:31.450646,5722.277841692138,4482.61627422851,602.6206437031051,1.3361734517478032,-0.5318277000492908,-7.277926510340537,37906U
2025-06-28T06:04:31.450646,5791.820817097127,4442.437574901102,165.0948691683497,0.9813459809465878,-0.8068700874845921,-7.301647401018692,37906U
2025-06-28T06:05:31.450646,5839.990220512172,4385.865115621232,-273.0418652559009,0.6239654517111597,-1.078115437411681,-7.2983270856970615,37906U
2025-06-28T06:06:31.450646,5866.67389285037,4313.156943785177,-710.1718010020062,0.26539420393037794,-1.344564571849913,-7.268142198130487,37906U
2025-06-28T06:07:31.450646,5871.841098551324,4224.630140876141,-1144.6909502612934,-0.09301732196048033,-1.6052493916158659,-7.2113733645290585,37906U
2025-06-28T06:08:31.450646,5855.541630936128,4120.658843363308,-1575.0152263613622,-0.44993630696936415,-1.859236443326769,-7.128401490052699,37906U
2025-06-28T06:09:31.450646,5817.904584522683,4001.6720607011102,-1999.5863359995913,-0.8040529302240236,-2.1056301329028786,-7.019703616245644,37906U
2025-06-28T06:10:31.450646,5759.136816328612,3868.151312188054,-2416.8774096887387,-1.1540853719999675,-2.3435755775646245,-6.885848413408663,37906U
2025-06-28T06:11:31.450646,5679.52111963554,3720.6281046990066,-2825.3983507609396,-1.4987844218010593,-2.5722610939265755,-6.727491373095614,37906U
2025-06-28T06:12:31.450646,5579.41413469054,3559.6812732179646,-3223.7008872811425,-1.8369376772610673,-2.790920325146443,-6.5453697658209675,37906U
2025-06-28T06:13:31.450646,5459.244021385763,3385.9342056949295,-3610.3833151538497,-2.1673733265633746,-2.9988340150805013,-6.340297427747568,37906U
2025-06-28T06:14:31.450646,5319.507919103936,3200.0519730576248,-3984.0949245011075,-2.488963513723013,-3.19533144193788,-6.113159437685705,37906U
2025-06-28T06:15:31.450646,5160.769218672536,3002.7383842624713,-4343.540104975521,-2.8006272923050366,-3.379791527938504,-5.864906742299112,37906U
2025-06-28T06:16:31.450646,4983.654670765834,2794.732985104776,-4687.482129000362,-3.101333178859805,-3.551643644911118,-5.59655078311613,37906U
2025-06-28T06:17:31.450646,4788.851354172599,2576.808018166789,-5014.746614949111,-3.3901013224457697,-3.710368138579862,-5.30915817393803,37906U
2025-06-28T06:18:31.450646,4577.103526151262,2349.7653598044435,-5324.22467495838,-3.66600531101993,-3.8554965964647505,-5.003845471675072,37906U
2025-06-28T06:19:31.450646,4349.209375668485,2114.433448497185,-5614.875754388083,-3.9281736391620883,-3.9866118858625597,-4.68177407767863,37906U
2025-06-28T06:20:31.450646,4106.017698711179,1871.6642172529105,-5885.730171882112,-4.175790864533694,-4.103347989292244,-4.3441453004306005,37906U
2025-06-28T06:21:31.450646,3848.4245131204366,1622.3300411047323,-6135.89137054269,-4.408098482656,-4.205389665112974,-3.9921956041385678,37906U
2025-06-28T06:22:31.450646,3577.3696285661636,1367.3207090948665,-6364.537891910797,-4.624395551034826,-4.292471960789471,-3.627192061504024,37906U
2025-06-28T06:23:31.450646,3293.833185403349,1107.5404285400525,-6570.925085259443,-4.824039094392113,-4.364379605536551,-3.2504280227954605,37906U
2025-06-28T06:24:31.450646,2998.8321742725093,843.9048678472069,-6754.386565165122,-5.006444322820505,-4.4209463078726765,-2.8632190074847763,37906U
2025-06-28T06:25:31.450646,2693.4169464513875,577.3382427078922,-6914.335430460108,-5.171084694117392,-4.462053982012219,-2.4668988191658134,37906U
2025-06-28T06:26:31.450646,2378.6677231854105,308.7704491835408,-7050.265257494425,-5.31749185042032,-4.487631925080704,-2.0628158793693525,37906U
2025-06-28T06:27:31.450646,2055.6911105224863,39.13424599192443,-7161.75088019953,-5.445255457636731,-4.497655964913252,-1.6523297712440128,37906U
2025-06-28T06:28:31.450646,1725.6166246119026,-230.63751273946636,-7248.448968756887,-5.554022974081237,-4.492147595745135,-1.2368079799759484,37906U
2025-06-28T06:29:31.450646,1389.5932309774896,-499.61459390153453,-7310.098417787373,-5.643499372290439,-4.4711731164875985,-0.8176228132521937,37906U
2025-06-28T06:30:31.450646,1048.78590000612,-766.8720513989763,-7346.520553904372,-5.713446835221009,-4.434842783551109,-0.3961484821140082,37906U
2025-06-28T06:31:31.450646,704.3721797645965,-1031.4928427006673,-7357.619171267077,-5.763684445037308,-4.383309987384804,0.02624167985951687,37906U
2025-06-28T06:32:31.450646,357.5387863331625,-1292.5703973549791,-7343.380402447229,-5.7940878795006405,-4.316770459091326,0.44817788288367505,37906U
2025-06-28T06:33:31.450646,9.478211082410612,-1549.2111391625845,-7303.872430526238,-5.804589127657756,-4.235461510691449,0.8682964578941704,37906U
2025-06-28T06:34:31.450646,-338.6146562341298,-1800.5369638139398,-7239.245046894217,-5.795176233134169,-4.139661309895135,1.2852423697858468,37906U
2025-06-28T06:35:31.450646,-685.5458900838177,-2045.6876737800053,-7149.729057760038,-5.765893069927115,-4.029688187614623,1.697671692797757,37906U
2025-06-28T06:36:31.450646,-1030.1258791418416,-2283.823372069127,-7035.635540930769,-5.716839152205689,-3.9058999739690505,2.1042540734395767,37906U
2025-06-28T06:37:31.450646,-1371.17266535615,-2514.1268161682383,-6897.354953004557,-5.648169476309449,-3.768693356199918,2.5036752054366445,37906U
2025-06-28T06:38:31.450646,-1707.5152735985457,-2735.8057330569623,-6735.356085771116,-5.560094389931147,-3.6185032497743848,2.8946393397617,37906U
2025-06-28T06:39:31.450646,-2037.997033058022,-2948.0950956460756,-6550.184869349976,-5.452879480412457,-3.455802172016434,3.2758718509787217,37906U
2025-06-28T06:40:31.450646,-2361.4788910097354,-3150.259360347965,-6342.46301844302,-5.326845471210569,-3.281099605898837,3.646121878864303,37906U
2025-06-28T06:41:31.450646,-2676.8427189167337,-3341.594664753559,-6112.886517054486,-5.182368112940729,-3.0949413401670136,4.004165061637226,37906U
2025-06-28T06:42:31.450646,-2982.9946099978474,-3521.4309835770127,-5862.223936160042,-5.019878052999025,-2.8979087707692197,4.348806374148149,37906U
2025-06-28T06:43:31.450646,-3278.8681664446276,-3689.1342401547636,-5591.314578101008,-4.839860665647546,-2.6906181476456377,4.678883081105078,37906U
2025-06-28T06:44:31.450646,-3563.427773395725,-3844.1083698565008,-5301.066440963589,-4.642855822633938,-2.4737197503020183,4.993267811865033,37906U
2025-06-28T06:45:31.450646,-3835.671855606035,-3985.7973308053624,-4992.45399588489,-4.429457582940965,-2.247896975265801,5.2908717595642125,37906U
2025-06-28T06:46:31.450646,-4094.63611149144,-4113.687056324247,-4666.5157701239,-4.200313779146781,-2.013865318506902,5.570648003427374,37906U
2025-06-28T06:47:31.450646,-4339.3967179085,-4227.307342543655,-4324.351728857518,-3.95612547714402,-1.7723712362068609,5.831594949043765,37906U
2025-06-28T06:48:31.450646,-4569.07349766389,-4326.23366364101,-3967.1204490162518,-3.6976462856354826,-1.5241908678821101,6.072759877276166,37906U
2025-06-28T06:49:31.450646,-4782.833040360584,-4410.08890625022,-3596.0360790714876,-3.425681491913401,-1.2701286068117086,6.293242588335575,37906U
2025-06-28T06:50:31.450646,-4979.891765805539,-4478.545013703236,-3212.365079521145,-3.14108700094574,-1.0110155039787263,6.492199123472763,37906U
2025-06-28T06:51:31.450646,-5159.5189178450255,-4531.32452995946,-2817.422739903446,-2.8447680557499906,-0.7477074933061876,6.668845542764209,37906U
2025-06-28T06:52:31.450646,-5321.039475190586,-4568.202032364819,-2412.5694694865883,-2.5376777184285673,-0.48108342783467267,6.822461733676451,37906U
2025-06-28T06:53:31.450646,-5463.836964574878,-4589.005441778205,-1999.2068603325279,-2.2208150930681505,-0.2120429186343262,6.95239522154245,37906U
2025-06-28T06:54:31.450646,-5587.356160461298,-4593.617198127027,-1578.7735231972629,-1.8952232739511825,0.05849602935817003,7.058064949846026,37906U
2025-06-28T06:55:31.450646,-5691.105654547047,-4581.97528912177,-1152.740698703859,-1.561987005180491,0.3295995877590063,7.13896499534727,37906U
2025-06-28T06:56:31.450646,-5774.660277479531,-4554.074119688897,-722.6076483659991,-1.2222300408329936,0.6003208817843659,7.19466818066384,37906U
2025-06-28T06:57:31.450646,-5837.663354567287,-4509.96520968395,-289.89683234772843,-0.877112198116856,0.8697029713300339,7.224829545000467,37906U
2025-06-28T06:58:31.450646,-5879.8287768393675,-4449.757707633743,143.85111673734994,-0.5278260996419731,1.1367820304284029,7.22918963235208,37906U
2025-06-28T06:59:31.450646,-5900.942868605247,-4373.618708636753,577.0826121663342,-0.1755936047906556,1.4005907163094506,7.207577555731622,37906U
2025-06-28T07:00:31.450646,-5900.866032712096,-4281.773365127555,1008.2365092065943,0.17833806578439587,1.660161716183356,7.159913795830618,37906U
2025-06-28T07:01:31.450646,-5879.534154997782,-4174.504779986362,1435.7496620230631,0.532700504363877,1.914531456811972,7.086212693025699,37906U
2025-06-28T07:02:31.450646,-5836.959750004903,-4052.1536724446946,1858.0626219062913,0.8862085767267995,2.1627439590053568,6.986584592806317,37906U
2025-06-28T07:03:31.450646,-5773.232830856354,-3915.1178083961345,2273.6254548753445,1.2375651526142126,2.4038548164225033,6.8612376065094205,37906U
2025-06-28T07:04:31.450646,-5688.521487293389,-3763.8511880543315,2680.903654379208,1.585466085639832,2.636935275530921,6.7104789516800825,37906U
2025-06-28T07:05:31.450646,-5583.072157234897,-3598.862985395794,3078.3841226491327,1.928605418403979,2.8610763913299415,6.534715839395589,37906U
2025-06-28T07:06:31.450646,-5457.209578815505,-3420.716235458529,3464.581192298625,2.2656807850585166,3.07539323151965,6.334455879434638,37906U
2025-06-28T07:07:31.450646,-5311.336411683886,-3230.0262673233724,3838.0426580445933,2.595398980392269,3.279029100224014,6.110306978179459,37906U
2025-06-28T07:08:31.450646,-5145.932518361698,-3027.4588824488856,4197.355786985078,2.9164816617318245,3.4711597511899375,5.862976708518641,37906U
2025-06-28T07:09:31.450646,-4961.553898655449,-2813.728279945771,4541.153274718391,3.2276711476039543,3.650997559583739,5.593271135692164,37906U
2025-06-28T07:10:31.450646,-4758.831272436597,-2589.5947323211667,4868.1191137700025,3.5277362752350143,3.8177956211091266,5.302093087878644,37906U
2025-06-28T07:11:31.450646,-4538.468308537911,-2355.8620171860575,5176.994340284984,3.8154782775537477,3.9708517471483553,4.990439865292221,37906U
2025-06-28T07:12:31.450646,-4301.239500004935,-2113.374612351368,5466.582624785731,4.089736639448039,4.109512324979062,4.659400386515145,37906U
2025-06-28T07:13:31.450646,-4047.987688473781,-1863.0146636377758,5735.755672944259,4.349394892551496,4.233176012792326,4.3101517756852274,37906U
2025-06-28T07:14:31.450646,-3779.621242966612,-1605.6987365437199,5983.458402800551,4.593386307804249,4.341297240212075,3.943955398881174,37906U
2025-06-28T07:15:31.450646,-3497.110900897638,-1342.3743646619826,6208.71386562078,4.820699445369014,4.433389486229759,3.562152362579864,37906U
2025-06-28T07:16:31.450646,-3201.4862815115207,-1074.0164093640672,6410.627878644698,5.0303835221702435,4.509028307891186,3.1661584913194174,37906U
2025-06-28T07:17:31.450646,-2893.832084342055,-801.6232468027657,6588.393339260998,5.2215535582732056,4.567854094642426,2.7574588057127447,37906U
2025-06-28T07:18:31.450646,-2575.283987532454,-526.2127996777762,6741.294191679338,5.393395264507744,4.609574524930776,2.3376015256719165,37906U
2025-06-28T07:19:31.450646,-2247.0242630238645,-248.8184324975103,6868.709018882306,5.545169635087574,4.633966703417904,1.9081916271898927,37906U
2025-06-28T07:20:31.450646,-1910.277127654417,29.515269780152302,6970.114234543617,5.676217210465562,4.640878958981281,1.4708839842680892,37906U
2025-06-28T07:21:31.450646,-1566.303851147605,307.7368188026792,7045.086851649042,5.785961977247089,4.630232285535674,1.0273761306636802,37906U
2025-06-28T07:22:31.450646,-1216.3976437813974,584.7922137306533,7093.306806754626,5.8739148736597935,4.602021409605186,0.5794006790752501,37906U
2025-06-28T07:23:31.450646,-861.8783482403237,859.6293833440078,7114.558821144886,5.939676870842277,4.556315470528323,0.12871743826450754,37906U
2025-06-28T07:24:31.450646,-504.0869617478656,1131.202655996429,7108.733782613589,5.982941602094994,4.493258301210458,-0.3228947285536793,37906U
2025-06-28T07:25:31.450646,-144.38001607691618,1398.477233471629,7075.829634179568,6.003497514265847,4.413068299486213,-0.7736462578760521,37906U
2025-06-28T07:26:31.450646,215.8761555876476,1660.4336443233667,7015.951758779381,6.001229517679304,4.316037882457221,-1.2217454036243107,37906U
2025-06-28T07:27:31.450646,575.3112346814947,1916.072151914326,6929.312851852471,5.976120113515536,4.202532518677149,-1.665406866558717,37906U
2025-06-28T07:28:31.450646,932.5567848019436,2164.4170921455197,6816.232276762827,5.9282499803765205,4.072989335800613,-2.1028604807747566,37906U
2025-06-28T07:29:31.450646,1286.2521383681963,2404.5211157785093,6677.134901190963,5.857798004998448,3.9279153043359067,-2.5323598999984394,37906U
2025-06-28T07:30:31.450646,1635.0502691920444,2635.4693103374957,6512.549415980609,5.765040745739527,3.767885001457315,-2.9521912239615373,37906U
2025-06-28T07:31:31.450646,1977.623617122775,2856.383176842867,6323.10614143316,5.650351321627276,3.5935379624504256,-3.3606815030282444,37906U
2025-06-28T07:32:31.450646,2312.669830542276,3066.424437105291,6109.534329693311,5.514197724405331,3.405575631263203,-3.756207057612668,37906U
2025-06-28T07:33:31.450646,2638.9173923657245,3264.7986480159925,5872.658975638854,5.357140556167265,3.204757925780637,-4.137201547905838,37906U
2025-06-28T07:34:31.450646,2955.131095396463,3450.758600231344,5613.397152534647,5.179830200760067,2.9918994377649004,-4.502163729179076,37906U
2025-06-28T07:35:31.450646,3260.1173334086575,3623.6074798738473,5332.7538925975905,4.9830034431164485,2.7678652918307978,-4.849664828563201,37906U
2025-06-28T07:36:31.450646,3552.7291752386686,3782.701773380223,5031.817636473463,4.767479556921807,2.5335666922427458,-5.178355480861634,37906U
2025-06-28T07:37:31.450646,3831.8711904563165,3927.453897410054,4711.755279394135,4.53415588741591,2.2899561906185513,-5.486972163701837,37906U
2025-06-28T07:38:31.450646,4096.503996888923,4057.3345377882006,4373.806845379003,4.284002962510499,2.0380227116682073,-5.774343076233875,37906U
2025-06-28T07:39:31.450646,4345.648502374608,4171.874683769358,4019.279824196901,4.018059171605984,1.7787863777579505,-6.039393410643422,37906U
2025-06-28T07:40:31.450646,4578.389815621735,4270.6673464612995,3649.54320882883,3.737425057330294,1.5132931762365969,-6.281149971930277,37906U
2025-06-28T07:41:31.450646,4793.880803918987,4353.368952987045,3266.0212737966076,3.4432572707242413,1.2426095159773674,-6.498745108623093,37906U
2025-06-28T07:42:31.450646,4991.345278640697,4419.700410863296,2870.187136874667,3.136762244987611,0.9678167213681746,-6.691419925232287,37906U
2025-06-28T07:43:31.450646,5170.080792972603,4469.447840071556,2463.5561483250763,2.8191896466265516,0.6900055129471437,-6.858526756115157,37906U
2025-06-28T07:44:31.450646,5329.4610399861485,4502.462973343491,2047.6791528380147,2.4918256655742015,0.41027052396944563,-6.999530889840867,37906U
2025-06-28T07:45:31.450646,5468.937843042239,4518.663228213764,1624.1356697970277,2.1559862074995446,0.12970490138456328,-7.114011542867233,37906U
2025-06-28T07:46:31.450646,5588.042734436664,4518.031457351602,1194.527037297488,1.8130100520068932,-0.1506049620014152,-7.201662091138513,37906U
2025-06-28T07:47:31.450646,5686.388122129424,4500.615386507593,760.4695645339481,1.4642520397379244,-0.42958451996973995,-7.2622895778332355,37906U
2025-06-28T07:48:31.450646,5763.668048249614,4466.526752048615,323.58773575837847,1.1110763495361673,-0.7061759490938674,-7.295813524692205,37906U
2025-06-28T07:49:31.450646,5819.658546762414,4415.940152451803,-114.49249296939585,0.7548499238703618,-0.9793427719349695,-7.302264082913264,37906U
2025-06-28T07:50:31.450646,5854.217611153747,4349.091630244255,-552.1502655178991,0.39693609672234714,-1.2480741951367245,-7.281779567307333,37906U
2025-06-28T07:51:31.450646,5867.2847861667515,4266.2770026746675,-987.7762301308036,0.03868847325262082,-1.5113891354785896,-7.234603424096845,37906U
2025-06-28T07:52:31.450646,5858.880400461371,4167.849960861029,-1419.7787441371468,-0.3185548951063717,-1.7683399124401384,-7.16108068826841,37906U
2025-06-28T07:53:31.450646,5829.104459518904,4054.2199582579046,-1846.589850105098,-0.6734770027500319,-2.0180155915201596,-7.061653990667543,37906U
2025-06-28T07:54:31.450646,5778.135220147067,3925.8499100258,-2266.670998448275,-1.024787018513669,-2.2595449682942186,-6.936859177991799,37906U
2025-06-28T07:55:31.450646,5706.227469538627,3783.253725260903,-2678.518495464644,-1.3712250270889885,-2.4920991888625688,-6.787320610480554,37906U
2025-06-28T07:56:31.450646,5613.710532991577,3626.993694077782,-3080.668659778292,-1.7115663665799488,-2.714894007786664,-6.613746202444258,37906U
2025-06-28T07:57:31.450646,5500.986035112918,3457.677751239793,-3471.702674124746,-2.044625552514498,-2.927191689747475,-6.416922269873016,37906U
2025-06-28T07:58:31.450646,5368.525439620386,3275.956637442029,-3850.251123251906,-2.369259785358952,-3.1283025658588786,-6.197708247314415,37906U
2025-06-28T07:59:31.450646,5216.867392743354,3082.520978486072,-4214.99821238099,-2.684372044963171,-3.3175862597803802,-5.957031333110188,37906U
2025-06-28T08:00:31.450646,5046.614894747812,2878.0983015006123,-4564.685664074779,-2.9889137812358197,-3.4944526024052665,-5.695881118085683,37906U
2025-06-28T08:01:31.450646,4858.4323232949455,2663.450006073825,-4898.116294500264,-3.281887215659818,-3.6583622569401246,-5.415304248015089,37906U
2025-06-28T08:02:31.450646,4653.042331244781,2439.368306734399,-5214.1572728619985,-3.562347272892045,-3.8088270785886684,-5.116399164818088,37906U
2025-06-28T08:03:31.450646,4431.222640167337,2206.673161668952,-5511.743070233487,-3.8294031656313163,-3.9454102348218614,-4.800310965612908,37906U
2025-06-28T08:04:31.450646,4193.80274928423,1966.2092009519506,-5789.878106077629,-4.082219659125522,-4.067726113349749,-4.468226412631133,37906U
2025-06-28T08:05:31.450646,3941.660577864943,1718.8426659085178,-6047.63910244468,-4.320018044138367,-4.175440045445962,-4.1213691207147845,37906U
2025-06-28T08:06:31.450646,3675.7190573077414,1465.4583695857164,-6284.177157139444,-4.542076848889286,-4.268267872233759,-3.76099494282782,37906U
2025-06-28T08:07:31.450646,3396.9426872713957,1206.956686686397,-6498.7195480934,-4.747732321463424,-4.345975380978964,-3.388387567821709,37906U
2025-06-28T08:08:31.450646,3106.334068348579,944.250579767146,-6690.571281754758,-4.936378714477614,-4.408377637390538,-3.0048543387313247,37906U
2025-06-28T08:09:31.450646,2804.930421907517,678.2626670274606,-6859.116398558486,-5.107468403445439,-4.455338238467277,-2.6117222942177745,37906U
2025-06-28T08:10:31.450646,2493.8001059247727,409.9223356566194,-7003.81904846891,-5.26051186934982,-4.486768508600802,-2.21033443051903,37906U
2025-06-28T08:11:31.450646,2174.03913390172,140.1629034587315,-7124.224349241936,-5.395077574478416,-4.50262665951573,-1.8020461764595221,37906U
2025-06-28T08:12:31.450646,1846.7677023466713,-130.08116962320614,-7219.959039448712,-5.510791758654758,-4.502916932251446,-1.388222069782737,37906U
2025-06-28T08:13:31.450646,1513.126730813535,-399.877019426434,-7290.731937483485,-5.607338180685049,-4.487688736827536,-0.970232619314007,37906U
2025-06-28T08:14:31.450646,1174.2744171572335,-668.2960650726875,-7336.334216766767,-5.684457827189537,-4.45703580253888,-0.5494513342881229,37906U
2025-06-28T08:15:31.450646,831.3828094882738,-934.4166468508394,-7356.639506193025,-5.741948608072624,-4.411095349049411,-0.12725189957340027,37906U
2025-06-28T08:16:31.450646,485.634395314253,-1197.3266157564346,-7351.603823586489,-5.779665054760574,-4.350047285642968,0.29499452648098834,37906U
2025-06-28T08:17:31.450646,138.21870753784114,-1456.1258762985785,-7321.265348555494,-5.797518034064693,-4.274113443189911,0.7159219162762694,37906U
2025-06-28T08:18:31.450646,-209.67105364877557,-1709.9288843603617,-7265.74403970402,-5.795474487163189,-4.183556840638658,1.1341719048298973,37906U
2025-06-28T08:19:31.450646,-556.8413843709108,-1957.8671019224485,-7185.241099699902,-5.773557199789989,-4.07868098517972,1.5483962751266311,37906U
2025-06-28T08:20:31.450646,-902.1018278326685,-2199.0914103433875,-7080.038290240597,-5.7318446063222135,-3.959829202686491,1.957259422571708,37906U
2025-06-28T08:21:31.450646,-1244.2683139457756,-2432.7744836318066,-6950.497097527347,-5.670470627114459,-3.827383992644819,2.359440823408101,37906U
2025-06-28T08:22:31.450646,-1582.1664894238334,-2658.1131227642113,-6797.057747482042,-5.589624535180244,-3.6817663995650256,2.7536375307282994,37906U
2025-06-28T08:23:31.450646,-1914.6350396430805,-2874.3305515992347,-6620.238068644121,-5.489550845208008,-3.5234353908527156,3.138566720018266,37906U
2025-06-28T08:24:31.450646,-2240.529003109659,-3080.6786743317653,-6420.6321994876,-5.370549214956954,-3.352887229316168,3.5129683040597777,37906U
2025-06-28T08:25:31.450646,-2558.723078745867,-3276.4402937229556,-6198.909135827494,-5.232974346343572,-3.1706548269329606,3.875607634507471,37906U
2025-06-28T08:26:31.450646,-2868.114925439508,-3460.9312885566037,-5955.811113054108,-5.077235871031835,-2.977307065197071,4.225278304601014,37906U
2025-06-28T08:27:31.450646,-3167.628452387205,-3633.5027479116793,-5692.151817169332,-4.903798203114413,-2.773448066343618,4.560805064289733,37906U
2025-06-28T08:28:31.450646,-3456.2170977336827,-3793.543058929054,-5408.814418010707,-4.713180339542518,-2.559716399007508,4.881046855594081,37906U
2025-06-28T08:29:31.450646,-3732.867091865546,-3940.4799437938896,-5106.749417661186,-4.505955587361755,-2.3367842014346727,5.184899972332205,37906U
2025-06-28T08:30:31.450646,-3996.6007004917055,-4073.7824406782106,-4786.972306858562,-4.282751195559113,-2.105356205231012,5.4713013444618985,37906U
2025-06-28T08:31:31.450646,-4246.479441336004,-4192.962822398988,-4450.5610222632295,-4.044247868453631,-1.8661686428227453,5.739231943260629,37906U
2025-06-28T08:32:31.450646,-4481.607266917828,-4297.578445571912,-4098.653197711437,-3.791179137081528,-1.6199880223056298,5.987720299458525,37906U
2025-06-28T08:33:31.450646,-4701.133704508914,-4387.233522089751,-3732.4432030960224,-3.5243305649638565,-1.367609754193204,6.2158461222904675,37906U
2025-06-28T08:34:31.450646,-4904.256942967317,-4461.580803852782,-3353.1789652666953,-3.244538765003693,-1.1098566157219594,6.422744003317796,37906U
2025-06-28T08:35:31.450646,-5090.226854774309,-4520.323170840401,-2962.158566343741,-2.952690205061165,-0.8475770398394701,6.607607184836994,37906U
2025-06-28T08:36:31.450646,-5258.347940275127,-4563.215111861768,-2560.7266160717427,-2.649719780988365,-0.5816432177659707,6.769691368819823,37906U
2025-06-28T08:37:31.450646,-5407.9821798631065,-4590.064086673486,-2150.270396319155,-2.336609137586009,-0.3129490060800054,6.908318538669425,37906U
2025-06-28T08:38:31.450646,-5538.551778689648,-4600.7317576265195,-1732.215777520291,-2.014384720042262,-0.04240763159610033,7.022880762711957,37906U
2025-06-28T08:39:31.450646,-5649.541787444438,-4595.135078616986,-1308.0229087670195,-1.6841155409314597,0.22905081013437845,7.112843945327499,37906U
2025-06-28T08:40:31.450646,-5740.502581869066,-4573.247228884696,-879.1816853439884,-1.346910650742328,0.5004820641088709,7.17775148903319,37906U
2025-06-28T08:41:31.450646,-5811.052182957387,-4535.098379141604,-447.20699976528306,-1.0039163031573448,0.7709306314221963,7.21722782871717,37906U
2025-06-28T08:42:31.450646,-5860.878399292024,-4480.776277632869,-13.633784753705603,-0.6563128098509243,1.0394328865112876,7.230981797647659,37906U
2025-06-28T08:43:31.450646,-5889.740772679225,-4410.42664404552,419.98814089272497,-0.30531108338900625,1.305020388403758,7.218809783887509,37906U
2025-06-28T08:44:31.450646,-5897.47230820224,-4324.253359686978,852.0994100599637,0.047851129198280495,1.5667233751517537,7.180598635374466,37906U
2025-06-28T08:45:31.450646,-5883.98097002037,-4222.518443065378,1281.1366126193095,0.40191331545904413,1.823574427527591,7.116328272201911,37906U
2025-06-28T08:46:31.450646,-5849.250924716116,-4105.5418009070545,1705.5379496420508,0.7555965582963824,2.0746122850706765,7.02607396556892,37906U
2025-06-28T08:47:31.450646,-5793.343514733683,-3973.700745745685,2123.74901538834,1.1076081734291374,2.3188857947270605,6.910008244459427,37906U
2025-06-28T08:48:31.450646,-5716.397945462005,-3827.4292724941024,2534.2286835538825,1.4566466044372224,2.5554579697013033,6.7684023933360455,37906U
2025-06-28T08:49:31.450646,-5618.63167078668,-3667.21708785866,2935.4550720101533,1.8014065524020608,2.783410133769047,6.601627506966774,37906U
2025-06-28T08:50:31.450646,-5500.340463453963,-3493.608388048017,3325.9315582418685,2.1405843135327673,3.0018461242494525,6.410155071882247,37906U
2025-06-28T08:51:31.450646,-5361.898158342084,-3307.2003819543065,3704.192815863688,2.472883294849863,3.209896525122117,6.194557047834616,37906U
2025-06-28T08:52:31.450646,-5203.756058692049,-3108.641558806585,4068.810841060831,2.7970196750735075,3.406722900444943,5.95550542690557,37906U
2025-06-28T08:53:31.450646,-5026.441997490351,-2898.6297012001746,4418.400936537261,3.111728175349627,3.5915219972848376,5.693771252516537,37906U
2025-06-28T08:54:31.450646,-4830.559048481719,-2677.909646351024,4751.627619620878,3.4157679024038536,3.763529886834795,5.410223085421405,37906U
2025-06-28T08:55:31.450646,-4616.783883694139,-2447.27080039343,5067.210420555817,3.7079282251373398,3.922026012238592,5.105824908727995,37906U
2025-06-28T08:56:31.450646,-4385.864776837169,-2207.5444124929622,5363.92953673641,3.9870346445937113,4.066337111873363,4.781633468989307,37906U
2025-06-28T08:57:31.450646,-4138.619254462892,-1959.6006174701804,5640.631308680642,4.251954616600291,4.1958409874099925,4.43879505535699,37906U
2025-06-28T08:58:31.450646,-3875.9313993118863,-1704.345257488034,5896.233483915031,4.501603286211627,4.309970086856101,4.078541723602894,37906U
2025-06-28T08:59:31.450646,-3598.748812780751,-1442.7164951350996,6129.7302356169985,4.734949093306539,4.408214873934911,3.702186976437537,37906U
2025-06-28T09:00:31.450646,-3308.0792459108197,-1175.6812319163298,6340.196903821944,4.95101920927009,4.490126956522434,3.311120915933814,37906U
2025-06-28T09:01:31.450646,-3004.986910690108,-904.2313477335665,6526.794428222277,5.148904765570561,4.555321948406155,2.906804887977278,37906U
2025-06-28T09:02:31.450646,-2690.5884857568067,-629.3797783846371,6688.77344304452,5.327765836169024,4.603482040298686,2.4907656424932654,37906U
2025-06-28T09:03:31.450646,-2366.0488327918533,-352.1564494393652,6825.478006151781,5.486836137012171,4.634358257797428,2.0645890367734085,37906U
2025-06-28T09:04:31.450646,-2032.5764419686716,-73.60408604954094,6936.348936370015,5.625427407323101,4.647772385801915,1.6299133125485032,37906U
2025-06-28T09:05:31.450646,-1691.4186267992054,205.2260806689934,7020.926735046205,5.7429334389760776,4.643618540762344,1.1884219805889267,37906U
2025-06-28T09:06:31.450646,-1343.8564905684689,483.2786890840984,7078.854070004778,5.838833721905424,4.621864374034218,0.7418363495954053,37906U
2025-06-28T09:07:31.450646,-991.1996882913761,759.4986818811026,7109.877802361194,5.912696675250531,4.582551891561423,0.29190773902728573,37906U
2025-06-28T09:08:31.450646,-634.7810097589261,1032.8357771029143,7113.850539073521,5.964182435792989,4.525797877126025,-0.15959058165015821,37906U
2025-06-28T09:09:31.450646,-275.95081076632454,1302.248951591042,7090.731696664778,5.993045177231022,4.451793908518823,-0.6108716820011368,37906U
2025-06-28T09:10:31.450646,83.92867897017277,1566.7109125098807,7040.588064234699,5.999134936007321,4.3608059582395295,-1.06014343982593,37906U
2025-06-28T09:11:31.450646,443.48914139084974,1825.2125322338852,6963.5938567066505,5.982398921815678,4.253173572774656,-1.5056171396069786,37906U
2025-06-28T09:12:31.450646,801.3620181767554,2076.7672216127885,6860.030252232033,5.942882293626308,4.1293086271625254,-1.9455161464986377,37906U
2025-06-28T09:13:31.450646,1156.1843892987765,2320.4152164886104,6730.284410810171,5.880728385150934,3.989693654483532,-2.378084599467153,37906U
2025-06-28T09:14:31.450646,1506.604849124466,2555.227752374448,6574.847974473851,5.796178367175517,3.8348797531227112,-2.801596064704654,37906U
2025-06-28T09:15:31.450646,1851.2893464709368,2780.311102398982,6394.31505284721,5.689570338166264,3.665484078167632,-3.214362088214015,37906U
2025-06-28T09:16:31.450646,2188.926954537408,2994.8104540352824,6189.379701478342,5.561337839023679,3.4821869270999817,-3.6147405846900496,37906U
2025-06-28T09:17:31.450646,2518.235536429758,3197.913600754261,5960.832904078793,5.412007792825322,3.28572843400219,-4.001143998584799,37906U
2025-06-28T09:18:31.450646,2837.9672720805956,3388.8544256220853,5709.559073618587,5.2421978758241075,3.0769048907606935,-4.372047172737527,37906U
2025-06-28T09:19:31.450646,3146.914012774832,3566.9161549932146,5436.532091098617,5.0526133318020205,2.8565647181428844,-4.725994860273864,37906U
2025-06-28T09:20:31.450646,3443.9124302689797,3731.4343618649705,5142.810904683752,4.844043248018618,2.6256041140463062,-5.061608816786838,37906U
2025-06-28T09:21:31.450646,3727.8489286437407,3881.799700146083,4829.534715680447,4.617356317328982,2.3849624105659353,-5.377594412175219,37906U
2025-06-28T09:22:31.450646,3997.6642885921774,4017.460353061229,4497.91778149264,4.373496117419309,2.135617175659284,-5.672746705022832,37906U
2025-06-28T09:23:31.450646,4252.358015803032,4137.924181140366,4149.243869130564,4.113475944368161,1.8785790989929285,-5.945955927053943,37906U
2025-06-28T09:24:31.450646,4490.992367464184,4242.760557715461,3784.8603959802354,3.838373243697206,1.6148867048823308,-6.196212330997992,37906U
2025-06-28T09:25:31.450646,4712.696033644622,4331.601882525123,3406.172297309522,3.549323687562716,1.3456009379818525,-6.422610362052499,37906U
2025-06-28T09:26:31.450646,4916.667453401472,4404.144766879154,3014.6356622950952,3.247514951566287,1.0717996694167926,-6.624352120954365,37906U
2025-06-28T09:27:31.450646,5102.177748833146,4460.150886801253,2611.7511821697426,2.93418024869387,0.7945721723072842,-6.8007500952797315,37906U
2025-06-28T09:28:31.450646,5268.573263929196,4499.447503605679,2199.0574553238744,2.6105916809605407,0.5150136160228997,-6.951229144826254,37906U
2025-06-28T09:29:31.450646,5415.277698862954,4521.927654404654,1778.1241948450458,2.2780534713613028,0.23421962801489543,-7.075327736547128,37906U
2025-06-28T09:30:31.450646,5541.793834275796,4527.55001803311,1350.5453840040411,1.9378951396157529,-0.0467190293216623,-7.172698434281351,37906U
2025-06-28T09:31:31.450646,5647.704844030783,4516.338464754861,917.9324245954662,1.5914646849114515,-0.3267216215746342,-7.243107658208708,37906U
2025-06-28T09:32:31.450646,5732.675198788196,4488.38130082136,481.90732183433136,1.240121837403318,-0.6047224029399783,-7.286434738305382,37906U
2025-06-28T09:33:31.450646,5796.451166501995,4443.830221440294,44.095947723586335,0.8852314376496024,-0.8796753362893655,-7.302670294857389,37906U
2025-06-28T09:34:31.450646,5838.860919481997,4382.898987929192,-393.8785775179056,0.5281569995300256,-1.1505585389034374,-7.29191398709166,37906U
2025-06-28T09:35:31.450646,5859.814260942957,4305.861846742631,-830.4023491665546,0.1702545076177229,-1.416378425086928,-7.254371678024305,37906U
2025-06-28T09:36:31.450646,5859.30198691614,4213.051709640396,-1263.876953250114,-0.18713350542268434,-1.6761735222708936,-7.190352069555682,37906U
2025-06-28T09:37:31.450646,5837.394901980551,4104.8581154911735,-1692.7255232717264,-0.5426835618880216,-1.9290179428346232,-7.100262866550628,37906U
2025-06-28T09:38:31.450646,5794.242509447866,3981.724995070067,-2115.398552097128,-0.8950964895728676,-2.1740244996198803,-6.984606532060093,37906U
2025-06-28T09:39:31.450646,5730.07139838168,3844.148260712803,-2530.3794366144402,-1.24310229368733,-2.410347458807903,-6.843975697939444,37906U
2025-06-28T09:40:31.450646,5645.183351138056,3692.6732428401288,-2936.1897367697675,-1.5854646310754428,-2.6371849293680034,-6.67904829590737,37906U
2025-06-28T09:41:31.450646,5539.953195980388,3527.891995184744,-3331.394134553565,-1.9209848746457765,-2.8537808935351947,-6.49058247361625,37906U
2025-06-28T09:42:31.450646,5414.826429757373,3350.4404900606414,-3714.6050824011645,-2.2485057627448826,-3.0594268876383968,-6.279411358645027,37906U
2025-06-28T09:43:31.450646,5270.316635661053,3160.995724245966,-4084.4871341904377,-2.5669146346948617,-3.2534633469847614,-6.046437730588577,37906U
2025-06-28T09:44:31.450646,5107.002720728668,2960.272755036566,-4439.760955523817,-2.8751462597661397,-3.435280632349678,-5.79262865772456,37906U
2025-06-28T09:45:31.450646,4925.5259970550105,2749.0216848087816,-4779.207013207935,-3.172185272353595,-3.604319758870778,-5.51901015023496,37906U
2025-06-28T09:46:31.450646,4726.587129680796,2528.024611046252,-5101.6689467565075,-3.457068230990615,-3.7600728507703987,-5.22666187679422,37906U
2025-06-28T09:47:31.450646,4510.942972861652,2298.0925572761716,-5406.056627307847,-3.7288853230118066,-3.9020833473212915,-4.916711985664278,37906U
2025-06-28T09:48:31.450646,4279.403314946669,2060.0623987648814,-5691.34891154889,-3.9867817401236203,-4.029945986829101,-4.590332065411391,37906U
2025-06-28T09:49:31.450646,4032.827550455672,1814.7937951825354,-5956.596100055781,-4.229958752841323,-4.143306596148071,-4.2487322741343405,37906U
2025-06-28T09:50:31.450646,3772.121296179846,1563.1661407909094,-6200.922110904788,-4.457674513709947,-4.241861713408651,-3.8931566597988407,37906U
2025-06-28T09:51:31.450646,3498.232966295728,1306.0755410800134,-6423.526380469323,-4.669244620451515,-4.325358071251225,-3.524878688051318,37906U
2025-06-28T09:52:31.450646,3212.1503196075973,1044.4318231952993,-6623.685504026282,-4.8640424707157885,-4.393591966984692,-3.145196987834375,37906U
2025-06-28T09:53:31.450646,2914.8969901687656,779.1555859956836,-6800.754629153103,-5.041499439986518,-4.446408544768705,-2.7554313193631037,37906U
2025-06-28T09:54:31.450646,2607.529010707544,511.17529417885487,-6954.168614937079,-5.201104913468591,-4.483701013216025,-2.3569187636222604,37906U
2025-06-28T09:55:31.450646,2291.1313365277038,241.42441962130414,-7083.44296976732,-5.342406201511084,-4.505409819784488,-1.9510101275764367,37906U
2025-06-28T09:56:31.450646,1966.8143759020827,-29.161368072048205,-7188.174579962213,-5.465008366363902,-4.511521801033678,-1.5390665548145253,37906U
2025-06-28T09:57:31.450646,1635.710531447045,-299.64696082527684,-7268.042240738014,-5.568573985890597,-4.502069325320332,-1.1224563274073147,37906U
2025-06-28T09:58:31.450646,1298.9707555763873,-569.1005210336706,-7322.8070000784155,-5.652822877330371,-4.47712944185202,-0.7025518413742311,37906U
2025-06-28T09:59:31.450646,957.7611219055605,-836.5961407703484,-7352.312324951645,-5.717531801380116,-4.436823047264512,-0.2807267353544408,37906U
2025-06-28T10:00:31.450646,613.259413417305,-1101.2164523825381,-7356.484098077276,-5.762534163818205,-4.381314078083466,0.14164685014105236,37906U
2025-06-28T10:01:31.450646,266.6517273202392,-1362.0551919889353,-7335.330452099422,-5.787719728672543,-4.310808734620935,0.5632009071527737,37906U
2025-06-28T10:02:31.450646,-80.87090416443743,-1618.2197176210575,-7288.941446608529,-5.79303435360433,-4.225554739082433,0.9825741136874401,37906U
2025-06-28T10:03:31.450646,-428.1158783541307,-1868.8334838253447,-7217.488592001575,-5.778479754787463,-4.125840627961089,1.398414331928715,37906U
2025-06-28T10:04:31.450646,-773.8923735843575,-2113.03847447946,-7121.224222708075,-5.744113305163608,-4.011995076201221,1.8093810770096888,37906U
2025-06-28T10:05:31.450646,-1117.0146893295907,-2349.997595362274,-7000.4807208663215,-5.690047866588544,-3.8843862481610527,2.2141479815355374,37906U
2025-06-28T10:06:31.450646,-1456.3055766287262,-2578.89702768072,-6855.66959013505,-5.616451653101204,-3.743421168114996,2.611405279987304,37906U
2025-06-28T10:07:31.450646,-1790.599560242895,-2798.9485432929664,-6687.28037799732,-5.523548119382444,-3.5895451009389774,2.9998623356050134,37906U
2025-06-28T10:08:31.450646,-2118.746253568315,-3009.3917817936976,-6495.879443677972,-5.4116158654641,-3.423240931738305,3.378250230382534,37906U
2025-06-28T10:09:31.450646,-2439.6136667587825,-3209.4964889534476,-6282.1085676765515,-5.280988545935061,-3.2450285315265477,3.7453244364372593,37906U
2025-06-28T10:10:31.450646,-2752.091507790221,-3398.5647152410265,-6046.6833979348585,-5.13205476930418,-3.0554640946652736,4.099867584277962,37906U
2025-06-28T10:11:31.450646,-3055.0944753371546,-3575.932972320826,-5790.391726831129,-4.965257970850444,-2.8551394326433037,4.440692340423114,37906U
2025-06-28T10:12:31.450646,-3347.5655413390846,-3740.974344517602,-5514.091592540571,-4.781096240249892,-2.6446812079264674,4.766644403455677,37906U
2025-06-28T10:13:31.450646,-3628.479220029675,-3893.1005512959273,-5218.709197840423,-4.580122083544153,-2.424750091056913,5.076605623982168,37906U
2025-06-28T10:14:31.450646,-3896.844819001302,-4031.763955826496,-4905.23663917947,-4.362942097632424,-2.1960398239343037,5.369497250139737,37906U
2025-06-28T10:15:31.450646,-4151.709666594795,-4156.45951372019,-4574.729438795383,-4.1302165344548305,-1.9592761722821008,5.644283296306755,37906U
2025-06-28T10:16:31.450646,-4392.162308566269,-4266.726655025274,-4228.303872850789,-3.882658731407725,-1.715215750691043,5.899974028580036,37906U
2025-06-28T10:17:31.450646,-4617.33566560231,-4362.151091616059,-3867.134088989575,-3.6210343843158044,-1.4646447043490858,6.13562955642934,37906U
2025-06-28T10:18:31.450646,-4826.4101418649225,-4442.366541177465,-3492.4490073792317,-3.3461606394885686,-1.208377232602027,6.35036351579847,37906U
2025-06-28T10:19:31.450646,-5018.616673360294,-4507.05635812147,-3105.5290002233305,-3.058904982031912,-0.9472539408494213,6.543346824838433,37906U
2025-06-28T10:20:31.450646,-5193.239703578283,-4555.955060983993,-2707.702345881085,-2.760183898663636,-0.6821400089447908,6.713811489510714,37906U
2025-06-28T10:21:31.450646,-5349.620072558877,-4588.849745158764,-2300.3414551292576,-2.4509612948051482,-0.41392316623392944,6.861054432542855,37906U
2025-06-28T10:22:31.450646,-5487.157804343597,-4605.581369250237,-1884.8588687206666,-2.1322466476724955,-0.14351146560044778,6.984441315730985,37906U
2025-06-28T10:23:31.450646,-5605.314776682098,-4606.045902885869,-1462.7030272369154,-1.8050928794664718,0.12816914862053586,7.0834103224241085,37906U
2025-06-28T10:24:31.450646,-5703.617255923745,-4590.195323538284,-1035.3538162617115,-1.4705939375255335,0.40017748129672176,7.157475864267715,37906U
2025-06-28T10:25:31.450646,-5781.658279246534,-4558.038449783257,-604.3178921171625,-1.129882071443966,0.6715599352639964,7.20623217398387,37906U
2025-06-28T10:26:31.450646,-5839.099865796754,-4509.641598473749,-171.12379575112118,-0.7841248006079363,0.9413535647256369,7.229356744188209,37906U
2025-06-28T10:27:31.450646,-5875.67503794355,-4445.129053554089,262.6831351597878,-0.4345215693402018,1.208589326687282,7.226613571033471,37906U
2025-06-28T10:28:31.450646,-5891.1896337221315,-4364.683334677693,695.5460432871666,-0.08230009078816135,1.472295520681758,7.197856160873064,37906U
2025-06-28T10:29:31.450646,-5885.523891656573,-4268.545254431757,1125.9020027155213,0.2712876152057548,1.731501403903031,7.14303025818173,37906U
2025-06-28T10:30:31.450646,-5858.633789533178,-4157.013753811374,1552.1876262234684,0.6249694808310342,1.9852409658147998,7.062176253674451,37906U
2025-06-28T10:31:31.450646,-5810.552119343369,-4030.445506620507,1972.844808477807,0.977457932024628,2.23255684338064,6.955431232930087,37906U
2025-06-28T10:32:31.450646,-5741.389281532366,-3889.254284697842,2386.326582399295,1.3274546954523334,2.472504355338563,6.823030627840261,37906U
2025-06-28T10:33:31.450646,-5651.333782872443,-3733.9100772618804,2791.103063653634,1.6736558490657707,2.7041556314629203,6.665309435839618,37906U
2025-06-28T10:34:31.450646,-5540.652423716276,-3564.937959220305,3185.667456104547,2.0147570908109977,2.9266038105773378,6.482702975081713,37906U
2025-06-28T10:35:31.450646,-5409.690162061537,-3382.916704977589,3568.5420891607023,2.3494591966215586,3.138967279235019,6.275747147449853,37906U
2025-06-28T10:36:31.450646,-5258.86964375022,-3188.4771460745646,3938.2844563039894,2.6764736357499075,3.3403939215078475,6.045078185456603,37906U
2025-06-28T10:37:31.450646,-5088.6903902106405,-2982.3002728809456,4293.493222722216,2.994528308819519,3.530065349238442,5.791431863608417,37906U
2025-06-28T10:38:31.450646,-4899.727637392229,-2765.1150825032996,4632.814168920696,3.3023733717657024,3.707201081427488,5.515642159594222,37906U
2025-06-28T10:39:31.450646,-4692.630821916762,-2537.696177046055,4954.94603645259,3.5987871070850024,3.8710626411399622,5.2186393556116375,37906U
2025-06-28T10:40:31.450646,-4468.121712930412,-2300.8611183324915,5258.646241516947,3.88258180255899,4.020957538417126,4.90144757516274,37906U
2025-06-28T10:41:31.450646,-4226.992190662396,-2055.467547139673,5542.736422106384,4.15260959683343,4.156243108140035,4.565181755653622,37906U
2025-06-28T10:42:31.450646,-3970.1016752348105,-1802.4100768906558,5806.1077846533235,4.4077682509120395,4.276330172579975,4.211044062023395,37906U
2025-06-28T10:43:31.450646,-3698.3742117993615,-1542.6169735659407,6047.726216697719,4.647006804717678,4.380686499442887,3.8403197513491505,37906U
2025-06-28T10:44:31.450646,-3412.7952205622137,-1277.0466353161073,6266.637132973052,4.869331078348935,4.468840027528116,3.454372502858534,37906U
2025-06-28T10:45:31.450646,-3114.4079226829485,-1006.6838868747878,6461.97002344575,5.0738089784518845,4.540381833622855,3.0546392320084608,37906U
2025-06-28T10:46:31.450646,-2804.3094553678725,-732.5361053664061,6632.94267323107,5.259575571189633,4.594968815901478,2.6426244112298267,37906U
2025-06-28T10:47:31.450646,-2483.6466917116036,-455.62919547507295,6778.8650259129445,5.42583788456527,4.6323260708490315,2.219893923603523,37906U
2025-06-28T10:48:31.450646,-2153.611782967817,-177.00343319098738,6899.142663590326,5.571879404286238,4.652248942547681,1.788068479149737,37906U
2025-06-28T10:49:31.450646,-1815.4374429347163,102.29080152995202,6993.279878941521,5.69706422891763,4.654604725033621,1.3488166266027037,37906U
2025-06-28T10:50:31.450646,-1470.3919960358999,381.197381853584,7060.882316714148,5.800840851723279,4.639334000337037,0.9038473965710785,37906U
2025-06-28T10:51:31.450646,-1119.774212453985,658.6588586785538,7101.659164305106,5.88274553833442,4.606451596764993,0.454902614887114,37906U
2025-06-28T10:52:31.450646,-764.9079553404379,933.6209297763594,7115.424873480747,5.942405271220218,4.556047153991763,0.003748927780491233,37906U
2025-06-28T10:53:31.450646,-407.1366666820005,1205.0369298051075,7102.100397801529,5.979540233888786,4.48828528361152,-0.44783041668624934,37906U
2025-06-28T10:54:31.450646,-47.8177198552281,1471.8723169901739,7061.71393296007,5.993965809862888,4.403405316021785,-0.8980439836862127,37906U
2025-06-28T10:55:31.450646,311.68333176473243,1733.1091318318802,6994.401150024107,5.985594073805821,4.30172062688427,-1.3451007131778843,37906U
2025-06-28T10:56:31.450646,669.9985795555756,1987.7504028863318,6900.404914503045,5.954434754781363,4.1836175389966,-1.787218575143442,37906U
2025-06-28T10:57:31.450646,1025.76362609013,2234.8244744883127,6780.074487237878,5.900595654581959,4.049553798242611,-2.222633263028577,37906U
2025-06-28T10:58:31.450646,1377.6234606687258,2473.3892312582166,6633.86420635344,5.824282507412396,3.900056625401316,-2.649606867349747,37906U
2025-06-28T10:59:31.450646,1724.238310590448,2702.5361943805233,6462.331652909071,5.725798271020539,3.7357203489997803,-3.0664364691404935,37906U
2025-06-28T11:00:31.450646,2064.2894342685495,2921.394464977538,6266.135306431402,5.605541843655101,3.557203628094278,-3.4714625909838506,37906U
2025-06-28T11:01:31.450646,2396.4848219986475,3129.134490455741,6046.031700193703,5.464006206011289,3.3652262778316144,-3.863077441967058,37906U
2025-06-28T11:02:31.450646,2719.5647701719413,3324.971630493019,5802.872089890704,5.30177599257879,3.160565714834654,-4.23973289213918,37906U
2025-06-28T11:03:31.450646,3032.3072950217643,3508.169500379835,5537.598653210698,5.1195245024865255,2.9440530438066235,-4.599948112088959,37906U
2025-06-28T11:04:31.450646,3333.533352642691,3678.043070746845,5251.240241670022,4.918010165959263,2.7165688111631163,-4.942316814230582,37906U
2025-06-28T11:05:31.450646,3622.111833041772,3833.961504304894,4944.907709895311,4.698072488757494,2.4790384558778533,-5.265514034381257,37906U
2025-06-28T11:06:31.450646,3896.9642973993323,3975.350712096849,4619.788851241695,4.460627503323533,2.2324274919420226,-5.568302395323563,37906U
2025-06-28T11:07:31.450646,4157.069429536697,4101.695613901942,4277.1429721461955,4.206662761646663,1.9777364607602304,-5.849537798301282,37906U
2025-06-28T11:08:31.450646,4401.467174809291,4212.542089824607,3918.29514085626,3.9372319109154654,1.715995695306208,-6.108174493796053,37906U
2025-06-28T11:09:31.450646,4629.262542247523,4307.498612711128,3544.6301490667834,3.653448898669306,1.448259940814289,-6.343269489421186,37906U
2025-06-28T11:10:31.450646,4839.629048729638,4386.2375538333,3157.586227468786,3.3564818592147554,1.17560287907103,-6.553986260254701,37906U
2025-06-28T11:11:31.450646,5031.811787245962,4448.496157210683,2758.648558194719,3.0475467373737395,0.8991116049005994,-6.739597735273422,37906U
2025-06-28T11:12:31.450646,5205.130104850587,4494.077180960827,2349.342628584084,2.727900709033133,0.6198811041338276,-6.899488542566686,37906U
2025-06-28T11:13:31.450646,5358.9798796330515,4522.84920711274,1931.227471543809,2.3988354603491926,0.3390087821653322,-7.03315650549418,37906U
2025-06-28T11:14:31.450646,5492.835389907731,4534.746624332992,1505.8888380137482,2.0616703887377383,0.05758909111843488,-7.140213391675896,37906U
2025-06-28T11:15:31.450646,5606.250772732815,4529.769290935112,1074.9323466701946,1.7177457889103969,-0.22329169832610954,-7.220384926416795,37906U
2025-06-28T11:16:31.450646,5698.861072766167,4507.981888315965,639.9766549924734,1.3684160861668473,-0.5025605371983815,-7.2735100916381015,37906U
2025-06-28T11:17:31.450646,5770.382886251364,4469.512977529829,202.64669423670486,1.0150431769744084,-0.7791624109430778,-7.299539740363624,37906U
2025-06-28T11:18:31.450646,5820.614608542192,4414.553774027139,-235.432991284782,0.6589899335963788,-1.0520648891630644,-7.298534565083759,37906U
2025-06-28T11:19:31.450646,5849.436296940633,4343.356657607642,-672.6447628488288,0.30161392528611314,-1.3202623818289074,-7.270662465692618,37906U
2025-06-28T11:20:31.450646,5856.809163687923,4256.2334363358,-1107.3842291893545,-0.05573859654920353,-1.5827800766436582,-7.216195369007349,37906U
2025-06-28T11:21:31.450646,5842.774716656528,4153.55338451824,-1538.0663802941524,-0.4117384076291358,-1.8386775378047906,-7.135505557008474,37906U
2025-06-28T11:22:31.450646,5807.453567606327,4035.7410758345713,-1963.131485526239,-0.7650786793177469,-2.0870519521185233,-7.0290615648031,37906U
2025-06-28T11:23:31.450646,5751.043929762049,3903.2740333425486,-2381.0507323332395,-1.1144799779258796,-2.327041014144993,-6.897423711864521,37906U
2025-06-28T11:24:31.450646,5673.819827926076,3756.6802183529153,-2790.3315857736047,-1.458694873305916,-2.5578254476549853,-6.741239331341613,37906U
2025-06-28T11:25:31.450646,5576.129045357692,3596.5353801020897,-3189.5228530730506,-1.7965121422475554,-2.778631166039996,-6.561237762190295,37906U
2025-06-28T11:26:31.450646,5458.390832233564,3423.4602877656785,-3577.2194413406423,-2.126760559055697,-2.988731079322453,-6.358225167627148,37906U
2025-06-28T11:27:31.450646,5321.0934006721955,3238.1178656811594,-3952.0668003540536,-2.4483122722920805,-3.1874465599725434,-6.13307924103674,37906U
2025-06-28T11:28:31.450646,5164.791231083476,3041.2102517171083,-4312.765045902578,-2.7600857728603203,-3.374148583776633,-5.886743857098566,37906U
2025-06-28T11:29:31.450646,4990.102214025634,2833.47579757635,-4658.072762498912,-3.0610484642981746,-3.548258565463976,-5.6202237216726605,37906U
2025-06-28T11:30:31.450646,4797.704650855931,2615.686028491097,-4986.81048729157,-3.350218851222246,-3.7092489116460223,-5.334579069043443,37906U
2025-06-28T11:31:31.450646,4588.3341352905545,2388.6425782996744,-5297.863879694665,-3.6266683662820762,-3.8566433158378413,-5.030920449622369,37906U
2025-06-28T11:32:31.450646,4362.780336587178,2153.17411432484,-5590.1865835793915,-3.8895228596798788,-3.990016821913258,-4.7104036453030735,37906U
2025-06-28T11:33:31.450646,4121.883703483157,1910.1332648478756,-5862.802790817838,-4.13796377826658,-4.108995683302944,-4.374224743507237,37906U
2025-06-28T11:34:31.450646,3866.5321062987773,1660.3935603164105,-6114.809516546423,-4.371229063443082,-4.2132570456122025,-4.023615394682527,37906U
2025-06-28T11:35:31.450646,3597.657432808214,1404.8463977858341,-6345.37859770479,-4.588613798571148,-4.302528480139421,-3.659838271769123,37906U
2025-06-28T11:36:31.450646,3316.2321516168663,1144.3980364881131,-6553.758427239193,-4.7894706373766605,-4.376587395073023,-3.284182744034116,37906U
2025-06-28T11:37:31.450646,3023.265854921596,879.9666308938789,-6739.275436831757,-4.973210044928056,-4.435260349976213,-2.897960771815448,37906U
2025-06-28T11:38:31.450646,2719.801790686445,612.4793061871128,-6901.335341171443,-5.139300382261846,-4.478422297600197,-2.502503023180981,37906U
2025-06-28T11:39:31.450646,2406.9133924915623,342.8692797444847,-7039.424156626513,-5.287267864643857,-4.505995775148341,-2.09915520839446,37906U
2025-06-28T11:40:31.450646,2085.7008136254626,72.07303100815363,-7153.109006752484,-5.416696421870042,-4.517950064910085,-1.6892746234329314,37906U
2025-06-28T11:41:31.450646,1757.2874704159713,-198.9724789240659,-7242.038726401154,-5.527227486984647,-4.514300341750687,-1.2742268896682305,37906U
2025-06-28T11:42:31.450646,1422.8165983604936,-469.33253757983283,-7305.944275315741,-5.61855973738809,-4.495106822336958,-0.8553828732486701,37906U
2025-06-28T11:43:31.450646,1083.4478233304483,-738.0773616141464,-7344.638971040737,-5.690448809590054,-4.460473928255067,-0.43411576470778435,37906U
2025-06-28T11:44:31.450646,740.3537490067663,-1004.2847284826798,-7358.018549773753,-5.74270700589503,-4.410549472383286,-0.0117982969021428,37906U
2025-06-28T11:45:31.450646,394.7165607621083,-1267.0425606792592,-7346.061062473286,-5.775203008148911,-4.34552387506808,0.4101999224591784,37906U
2025-06-28T11:46:31.450646,47.72464544507096,-1525.451464216336,-7308.826612143573,-5.787861610384475,-4.265629413857844,0.8305149886942302,37906U
2025-06-28T11:47:31.450646,-299.4307740494673,-1778.6272231578807,-7246.456936775172,-5.780663478833299,-4.17113950781509,1.2477912141315677,37906U
2025-06-28T11:48:31.450646,-645.5589909238167,-2025.7032519967527,-7159.174840957919,-5.753644944373941,-4.062368034789053,1.6606836040379405,37906U
2025-06-28T11:49:31.450646,-989.4731550273553,-2265.833007506578,-7047.283477730028,-5.706897829107748,-3.9396686775202596,2.0678603199442143,37906U
2025-06-28T11:50:31.450646,-1329.9936035198616,-2498.192361406278,-6911.165480808158,-5.6405693054387935,-3.8034342920918633,2.468005154940895,37906U
2025-06-28T11:51:31.450646,-1665.9511831773837,-2721.98193474961,-6751.2819459882785,-5.554861782824857,-3.6540962900711724,2.8598200441411343,37906U
2025-06-28T11:52:31.450646,-1996.1905655321752,-2936.4293944208002,-6568.171259232861,-5.450032814298968,-3.4921240237137576,3.242027631705551,37906U
2025-06-28T11:53:31.450646,-2319.573555517569,-3140.791711469856,-6362.447767799344,-5.326395011975549,-3.318024161863656,3.6133739135838856,37906U
2025-06-28T11:54:31.450646,-2634.9823936275625,-3334.3573802916185,-6134.800289726888,-5.184315958080389,-3.132340042683185,3.9726309725258777,37906U
2025-06-28T11:55:31.450646,-2941.3230507785574,-3516.4485968328772,-5885.9904561171115,-5.02421809561876,-2.935650988115378,4.318599818946266,37906U
2025-06-28T11:56:31.450646,-3237.528514118821,-3686.423393134336,-5616.850879923626,-4.84657858064369,-2.7285715640228814,4.650113347968036,37906U
2025-06-28T11:57:31.450646,-3522.5620609579632,-3843.6777245766457,-5328.283144437153,-4.651929076244597,-2.5117507692867043,4.9660394194243604,37906U
2025-06-28T11:58:31.450646,-3795.4205168225467,-3987.64750523228,-5021.2556043184895,-4.440855466863533,-2.2858711367854014,5.265284063842619,37906U
2025-06-28T11:59:31.450646,-4055.137492385028,-4117.810585732735,-4696.800991916068,-4.213997470394784,-2.05164772913001,5.546794813489849,37906U
2025-06-28T12:00:31.450646,-4300.786592690481,-4233.688667066695,-4356.013821712995,-3.9720481247531074,-1.8098270123035394,5.809564153489538,37906U
2025-06-28T12:01:31.450646,-4531.484590736889,-4334.849142746046,-4000.047586091071,-3.7157531252264855,-1.5611855909519998,6.052633083874787,37906U
2025-06-28T12:02:31.450646,-4746.394556071448,-4420.906860829858,-3630.1117361840993,-3.4459099889803606,-1.3065287899984988,6.2750947792785485,37906U
2025-06-28T12:03:31.450646,-4944.728927672358,-4491.525796402631,-3247.4684424225056,-3.16336702356308,-1.0466890684993444,6.476098328840235,37906U
2025-06-28T12:04:31.450646,-5125.752519019363,-4546.420624280995,-2853.4291304429216,-2.8690220771832062,-0.7825242532219325,6.654852534893867,37906U
2025-06-28T12:05:31.450646,-5288.785441938643,-4585.358180990697,-2449.350789353679,-2.5638210498958625,-0.5149155812913793,6.810629745158474,37906U
2025-06-28T12:06:31.450646,-5433.205934571437,-4608.158804434513,-2036.6320508928777,-2.2487561466361714,-0.24476554340178422,6.942769689549817,37906U
2025-06-28T12:07:31.450646,-5558.453077682839,-4614.697539177834,-1616.7090397865966,-1.9248638552681367,0.02700447849818619,7.050683289437341,37906U
2025-06-28T12:08:31.450646,-5664.029382529383,-4604.9051949311115,-1191.0509975858254,-1.5932226354507422,0.29945678249270175,7.133856404252535,37906U
2025-06-28T12:09:31.450646,-5749.503232663749,-4578.769245621722,-761.1556844181986,-1.2549503071373704,0.5716401275641995,7.19185347787634,37906U
2025-06-28T12:10:31.450646,-5814.511161400449,-4536.334556436863,-328.5445654040533,-0.911201130879083,0.8425927216450864,7.2243210452565005,37906U
2025-06-28T12:11:31.450646,-5858.759946219908,-4477.703926394778,105.24220907559935,-0.5631625757502989,1.1113454113597643,7.23099105828424,37906U
2025-06-28T12:12:31.450646,-5882.0285011703,-4403.038434371859,538.6510175429571,-0.21205177460253793,1.3769250648006082,7.211683989137844,37906U
2025-06-28T12:13:31.450646,-5884.169548353469,-4312.557577084625,970.1201617140714,0.1408883295776247,1.6383581355154033,7.166311669114362,37906U
2025-06-28T12:14:31.450646,-5865.111049868707,-4206.539188296585,1398.085424024556,0.4943931382626936,1.894674392782795,7.094879821442121,37906U
2025-06-28T12:15:31.450646,-5824.85738214115,-4085.319129491118,1820.9857689308844,0.8471808407748238,2.1449108002587596,6.997490247703596,37906U
2025-06-28T12:16:31.450646,-5763.490235385968,-3949.2907434126955,2237.2691660465525,1.19795713015712,2.3881155222633486,6.8743426292939525,37906U
2025-06-28T12:17:31.450646,-5681.169222051454,-3798.9040632202787,2645.398510810298,1.5454201711707733,2.623352034391009,6.725735907771627,37906U
2025-06-28T12:18:31.450646,-5578.132179435761,-3634.6647715020677,3043.8576161884694,1.8882657962256035,2.8497033128231624,6.552069210983788,37906U
2025-06-28T12:19:31.450646,-5454.695153269254,-3457.1329050513395,3431.1572469245566,2.225192901487075,3.066276074741669,6.353842295417075,37906U
2025-06-28T12:20:31.450646,-5311.252050877518,-3266.9213030746264,3805.8411661056352,2.5549090121796936,3.2722050406238754,6.1316554792623545,37906U
2025-06-28T12:21:31.450646,-5148.273954564222,-3064.693798370979,4166.492162348621,2.8761359832797795,3.466657187968652,5.886209045109306,37906U
2025-06-28T12:22:31.450646,-4966.308088049747,-2851.1631529574793,4511.738024741936,3.1876157994022054,3.6488359651721365,5.618302095914295,37906U
2025-06-28T12:23:31.450646,-4765.976431136326,-2627.088741589151,4840.257431837259,3.4881164357724024,3.8179854338479604,5.328830852811341,37906U
2025-06-28T12:24:31.450646,-4547.973980211874,-2393.273988607733,5150.785720470377,3.7764377407414753,3.9733943078543463,5.0187863883711366,37906U
2025-06-28T12:25:31.450646,-4313.06665471305,-2150.5635655182064,5442.120500016401,4.051417299358911,4.1143998576350915,4.689251793953298,37906U
2025-06-28T12:26:31.450646,-4062.0888522098767,-1899.8403586131255,5713.127077839031,4.311936237039707,4.2403916491673925,4.341398784760519,37906U
2025-06-28T12:27:31.450646,-3795.940657317802,-1642.0222178192168,5962.743662166018,4.556924922321239,4.3508150877977,3.9764837510153663,37906U
2025-06-28T12:28:31.450646,-3515.5847121503034,-1378.0584997021501,6189.986309403807,4.785368528064588,4.4451747384957905,3.595843268270857,37906U
2025-06-28T12:29:31.450646,-3222.042758478632,-1108.9264192272462,6393.953583959088,4.996312411153015,4.523037395512654,3.200889084205536,37906U
2025-06-28T12:30:31.450646,-2916.39186413572,-835.627226417005,6573.830899948037,5.188867271730527,4.584034876047042,2.7931026033092343,37906U
2025-06-28T12:31:31.450646,-2599.760348473524,-559.1822254658495,6728.894515715487,5.362214054245689,4.627866514262588,2.3740288946363464,37906U
2025-06-28T12:32:31.450646,-2273.3234238480927,-280.62865516685883,6858.515153827487,5.5156085539668185,4.654301333815008,1.9452702513087199,37906U
2025-06-28T12:33:31.450646,-1938.2985721565187,-1.0154506735351747,6962.161221120431,5.6483856941718305,4.66317987892122,1.5084793337193394,37906U
2025-06-28T12:34:31.450646,-1595.9406773788635,278.6010923387641,7039.401605468053,5.759963440859202,4.654415685914137,1.0653519314600826,37906U
2025-06-28T12:35:31.450646,-1247.5369368954086,557.161729120856,7089.908028144868,5.849846323554968,4.627996379175817,0.6176193819328033,37906U
2025-06-28T12:36:31.450646,-894.4015760488313,833.6087301091181,7113.456933015551,5.917628532610258,4.583984377340061,0.16704068644116277,37906U
2025-06-28T12:37:31.450646,-537.870392013131,1106.8903745000523,7109.930896256738,5.9629965653097114,4.5225171977270655,-0.2846056326444915,37906U
2025-06-28T12:38:31.450646,-179.2951545096745,1375.9654490604587,7079.319542923841,5.985731395180975,4.443807349150546,-0.7355298872848112,37906U
2025-06-28T12:39:31.450646,179.96210771549113,1639.8077276191054,7021.719959414024,5.985710141156724,4.348141805564198,-1.1839397425923235,37906U
2025-06-28T12:40:31.450646,538.5349044885124,1897.4104063361633,6937.336593757368,5.962907215754931,4.235881055530419,-1.6280488471856722,37906U
2025-06-28T12:41:31.450646,895.058134588151,2147.790469624199,6826.48063869673,5.917394934272264,4.107457725243278,-2.066085520486077,37906U
2025-06-28T12:42:31.450646,1248.1739566365661,2389.9929615158658,6689.568895703267,5.849343570193681,3.9633747758533358,-2.4963014397807197,37906U
2025-06-28T12:43:31.450646,1596.5376474312063,2623.095137370225,6527.122121411603,5.759020845658626,3.804203279139266,-2.916980267526888,37906U
2025-06-28T12:44:31.450646,1938.8234140103787,2846.2104710633453,6339.762861462239,5.646790849938408,3.6305797791763212,-3.3264461572978683,37906U
2025-06-28T12:45:31.450646,2273.730125398731,3058.492493311795,6128.212780360171,5.513112383472125,3.443203251512084,-3.7230720752326576,37906U
2025-06-28T12:46:31.450646,2599.986929840438,3259.1384374693507,5893.289499714554,5.35853673008964,3.242831675483813,-4.105287872842678,37906U
2025-06-28T12:47:31.450646,2916.358723529896,3447.392670104734,5635.902961046865,5.1837048655670825,3.030278239602646,-4.47158804681095,37906U
2025-06-28T12:48:31.450646,3221.6514373727105,3622.549884890594,5357.051333215257,4.98934411655167,2.806407204326414,-4.8205391220616605,37906U
2025-06-28T12:49:31.450646,3514.717109203198,3783.9580398355247,5057.816488335573,4.776264290055134,2.572129450935271,-5.150786596021191,37906U
2025-06-28T12:50:31.450646,3794.4587101625316,3931.021019668881,4739.359073822623,4.545353300023566,2.3283977494997607,-5.461061384713074,37906U
2025-06-28T12:51:31.450646,4059.8346956205487,4063.20100723935,4402.91321175213,4.2975723237939905,2.0762017829605997,-5.75018571518662,37906U
2025-06-28T12:52:31.450646,4309.863253103835,4180.020550096012,4049.7808600783837,4.033950527377789,1.8165629679926605,-6.017078413779889,37906U
2025-06-28T12:53:31.450646,4543.626222163544,4281.064310960514,3681.3258732538984,3.7555794042898936,1.550529116472782,-6.26075954582979,37906U
2025-06-28T12:54:31.450646,4760.272663948517,4365.980493533709,3298.9678024178174,3.463606777899788,1.279168983898799,-6.480354369578841,37906U
2025-06-28T12:55:31.450646,4959.022061417315,4434.481937972102,2904.1754774656933,3.1592305218354455,1.0035667529008776,-6.675096575076224,37906U
2025-06-28T12:56:31.450646,5139.167134563652,4486.3468833618235,2498.4604149431584,2.8436920566860358,0.7248165009779313,-6.844330787651196,37906U
2025-06-28T12:57:31.450646,5300.076258696356,4521.419397560392,2083.3700967574714,2.518269683983281,0.44401670171256474,-6.9875143248634695,37906U
2025-06-28T12:58:31.450646,5441.19547763178,4539.609477807318,1660.4811651516673,2.18427182010404,0.16226480794770545,-7.104218205477156,37906U
2025-06-28T12:59:31.450646,5562.050107554171,4540.892828464505,1231.3925792139805,1.843030193259826,-0.11934803625615781,-7.19412741872659,37906U
2025-06-28T13:00:31.450646,5662.245931196298,4525.310325076909,797.7187774110291,1.4958930661037066,-0.3997421105836701,-7.257040471696211,37906U
2025-06-28T13:01:31.450646,5741.469985817225,4492.967176588292,361.0828892408425,1.1442185446925406,-0.677854019371961,-7.292868241787466,37906U
2025-06-28T13:02:31.450646,5799.490952124033,4444.0317999547615,-76.88996284327422,0.7893680316582844,-0.9526413415163837,-7.301632169762589,37906U
2025-06-28T13:03:31.450646,5836.159154736821,4378.734423527507,-514.5792325584341,0.43269987753172445,-1.2230869970703113,-7.283461836541385,37906U
2025-06-28T13:04:31.450646,5851.406187962167,4297.365437390797,-950.3753541997638,0.07556327935754986,-1.4882033033498625,-7.238591973606268,37906U
2025-06-28T13:05:31.450646,5845.244183470734,4200.273510315802,-1382.6859498600384,-0.2807075298347441,-1.7470356988196298,-7.167358962409609,37906U
2025-06-28T13:06:31.450646,5817.764738923921,4087.8634941091364,-1809.941810585102,-0.6347987633197704,-1.9986661187027224,-7.070196882476392,37906U
2025-06-28T13:07:31.450646,5769.137528632494,3960.594136892254,-2230.602626394856,-0.9854222039591016,-2.242216011987324,-6.94763317089864,37906U
2025-06-28T13:08:31.450646,5699.608618936547,3818.9756272448226,-2643.1624440374476,-1.3313199446005668,-2.4768489951590746,-6.800283957608109,37906U
2025-06-28T13:09:31.450646,5609.498512164324,3663.5669911972777,-3046.154835320111,-1.6712687286955124,-2.701773143440884,-6.6288491412130695,37906U
2025-06-28T13:10:31.450646,5499.199943759289,3494.9733637811,-3438.157762804543,-2.004083881150449,-2.9162429254616256,-6.434107269347406,37906U
2025-06-28T13:11:31.450646,5369.175457476431,3313.843156270935,-3817.798133479415,-2.328622826116717,-3.119560791995814,-6.21691028549547,37906U
2025-06-28T13:12:31.450646,5219.954783459822,3120.8651394067815,-4183.756034676673,-2.643788194758653,-3.3110784336461028,-5.978178201229727,37906U
2025-06-28T13:13:31.450646,5052.132043559739,2916.765461810792,-4534.768649903603,-2.948530531893378,-3.4901977260054577,-5.718893748868983,37906U
2025-06-28T13:14:31.450646,4866.362807458666,2702.3046215405093,-4869.633855394477,-3.2418506156872886,-3.6563713839061243,-5.440097064865189,37906U
2025-06-28T13:15:31.450646,4663.361022102309,2478.27440730035,-5187.2135009800195,-3.522801409229212,-3.809103348798291,-5.142880448922385,37906U
2025-06-28T13:16:31.450646,4443.895835608059,2245.49482429324,-5486.436381328429,-3.7904896667478423,-3.9479489351097232,-4.828383238080047,37906U
2025-06-28T13:17:31.450646,4208.788335305068,2004.8110180854544,-5766.300905687193,-4.044077220449892,-4.072514762613776,-4.4977868289218375,37906U
2025-06-28T13:18:31.450646,3958.908217888889,1757.090208210783,-6025.877475956571,-4.282781976425764,-4.182458502406516,-4.152309874836564,37906U
2025-06-28T13:19:31.450646,3695.1704078925154,1503.218641588996,-6264.3105842517425,-4.505878649806001,-4.277488464096882,-3.7932036789951566,37906U
2025-06-28T13:20:31.450646,3418.5316388355077,1244.0985742165446,-6480.82064206136,-4.712699270368293,-4.357363051285074,-3.42174779754851,37906U
2025-06-28T13:21:31.450646,3129.987009549918,980.6452880284347,-6674.705553707606,-4.9026334901324695,-4.421890111397655,-3.039245861600181,37906U
2025-06-28T13:22:31.450646,2830.5665263301753,713.7841483506425,-6845.34204707744,-5.075128724184922,-4.470926204517791,-2.647021620855543,37906U
2025-06-28T13:23:31.450646,2521.3316397598855,444.4477059946736,-6992.186774541394,-5.229690155088331,-4.504375814048884,-2.246415206591589,37906U
2025-06-28T13:24:31.450646,2203.3717833470573,173.5728467931818,-7114.777196645336,-5.365880629827344,-4.522190519944116,-1.8387796067744226,37906U
2025-06-28T13:25:31.450646,1877.800919488511,-97.902009737303,-7212.732260572665,-5.483320476368894,-4.524368152877093,-1.4254773418411812,37906U
2025-06-28T13:26:31.450646,1545.7540968002563,-369.03966188895447,-7285.7528845658535,-5.581687264645453,-4.510951945179341,-1.0078773258893767,37906U
2025-06-28T13:27:31.450646,1208.3840215140247,-638.9068275078166,-7333.622258498827,-5.66071553416354,-4.482029691682705,-0.5873518948074866,37906U
2025-06-28T13:28:31.450646,866.8576444621293,-906.5767967486182,-7356.205969638626,-5.720196507561672,-4.437732930829971,-0.165273980246536,37906U
2025-06-28T13:29:31.450646,522.3527641724543,-1171.132037092947,-7353.45196135718,-5.7599778063507285,-4.378236153603845,0.25698559371166113,37906U
2025-06-28T13:30:31.450646,176.05464577105872,-1431.666752226661,-7325.390331186772,-5.779963181826792,-4.303756045016583,0.6780607158031098,37906U
2025-06-28T13:31:31.450646,-170.8473452493775,-1687.2893965590752,-7272.132973184365,-5.780112270804353,-4.214550760140019,1.0965925202592781,37906U
2025-06-28T13:32:31.450646,-517.1630957810175,-1937.1251471967234,-7193.873068111858,-5.760440382429086,-4.1109192339768645,1.5112318727600813,37906U
2025-06-28T13:33:31.450646,-861.7050860289695,-2180.318335080867,-7090.884423478228,-5.721018318942753,-3.9932005219074354,1.9206418353248067,37906U
2025-06-28T13:34:31.450646,-1203.2917203118068,-2416.0348367238985,-6963.520664066159,-5.661972229937449,-3.8617731650391383,2.3235001350521385,37906U
2025-06-28T13:35:31.450646,-1540.7506494294933,-2643.4644276763947,-6812.2142721486525,-5.583483496371865,-3.7170545725011617,2.7185016605509675,37906U
2025-06-28T13:36:31.450646,-1872.922085799367,-2861.8230982122113,-6637.475475366188,-5.485788637530818,-3.5595004107530754,3.104361008000184,37906U
2025-06-28T13:37:31.450646,-2198.662112367195,-3070.3553312934323,-6439.890978941888,-5.369179231116922,-3.38960398805027,3.479815097000462,37906U
2025-06-28T13:38:31.450646,-2516.845985475746,-3268.336342025703,-6220.122537899143,-5.234001833939044,-3.2078956206932445,3.8436258736535907,37906U
2025-06-28T13:39:31.450646,-2826.3714312129873,-3455.074277097162,-5978.905363970115,-5.080657888127017,-3.014941966314282,4.194583115588295,37906U
2025-06-28T13:40:31.450646,-3126.1619338293553,-3629.912371811289,-5717.046361113481,-4.909603595551026,-2.811345308403343,4.531507350452048,37906U
2025-06-28T13:41:31.450646,-3415.170013787565,-3792.231061405232,-5435.422182959801,-4.721349741164624,-2.5977427755003477,4.853252895941173,37906U
2025-06-28T13:42:31.450646,-3692.380491873112,-3941.450042383887,-5134.977105097262,-4.5164614443530136,-2.3748054780059404,5.158711025751593,37906U
2025-06-28T13:43:31.450646,-3956.8137345626023,-4077.030278609742,-4816.7207049166,-4.295557816082108,-2.1432375454008734,5.4468132619420055,37906U
2025-06-28T13:44:31.450646,-4207.528874544328,-4198.475945890464,-4481.725341761034,-4.0593114987303345,-1.9037750468200674,5.716534790164528,37906U
2025-06-28T13:45:31.450646,-4443.62699892743,-4305.336307814903,-4131.123430387399,-3.808448064968064,-1.657184778409407,5.96689799008355,37906U
2025-06-28T13:46:31.450646,-4664.254296286705,-4397.2075146241295,-3766.104501244688,-3.5437452519462616,-1.4042629017022459,6.196976069129877,37906U
2025-06-28T13:47:31.450646,-4868.6051522934395,-4473.734315985806,-3387.912041817881,-3.2660320073793194,-1.1458334183856205,6.405896783584667,37906U
2025-06-28T13:48:31.450646,-5055.925182298287,-4534.611677684994,-2997.840114278765,-2.976187324873472,-0.8827464682836816,6.592846226913183,37906U
2025-06-28T13:49:31.450646,-5225.514187894635,-4579.586291475556,-2597.22974591446,-2.6751388470563477,-0.6158764391477155,6.757072661347901,37906U
2025-06-28T13:50:31.450646,-5376.729023217813,-4608.457966669352,-2187.465090278487,-2.36386121671412,-0.3461198789032142,6.897890365010526,37906U
2025-06-28T13:51:31.450646,-5508.986355561874,-4621.080891496539,-1769.9693587027064,-2.0433741582215452,-0.07439320333348763,7.014683463441322,37906U
2025-06-28T13:52:31.450646,-5621.7653038425715,-4617.364751866297,-1346.200523720935,-1.7147402740500646,0.19836980524150633,7.106909711332296,37906U
2025-06-28T13:53:31.450646,-5714.609937535727,-4597.275694910218,-917.6467980496367,-1.3790625440228221,0.47122070994790116,7.174104187611521,37906U
2025-06-28T13:54:31.450646,-5787.131617993144,-4560.837124614718,-485.8218950457447,-1.0374815182354553,0.7431993406939233,7.215882864854666,37906U
2025-06-28T13:55:31.450646,-5839.011163515993,-4508.130316957062,-52.26007895863506,-0.6911721981129643,1.0133369204691223,7.231946012371046,37906U
2025-06-28T13:56:31.450646,-5870.000819261634,-4439.294842261054,381.48898418980417,-0.34134060389808,1.2806593890486768,7.2220813912671655,37906U
2025-06-28T13:57:31.450646,-5879.9260129991535,-4354.52878298957,813.8655616909639,0.010779969116107208,1.544190913362236,7.186167199375183,37906U
2025-06-28T13:58:31.450646,-5868.686877922408,-4254.0887358944765,1243.305359191267,0.36393299914069893,1.80295757063675,7.124174724171409,37906U
2025-06-28T13:59:31.450646,-5836.259524188602,-4138.289588349586,1668.245177091121,0.7168430805457647,2.0559911873666317,7.036170662715592,37906U
2025-06-28T14:00:31.450646,-5782.697041580552,-4007.5040597907796,2087.1286971846116,1.0682205457340028,2.302333314268492,6.9223190692130885,37906U
2025-06-28T14:01:31.450646,-5708.130216690777,-3862.1620004738893,2498.412376000126,1.4167663472427163,2.541039314685409,6.78288289302285,37906U
2025-06-28T14:02:31.450646,-5612.767949289784,-3702.749441216018,2900.5714190420476,1.7611771771581854,2.771182541485437,6.61822507276887,37906U
2025-06-28T14:03:31.450646,-5496.897354056547,-3529.8073893952064,3292.1058080607854,2.1001507972452913,2.9918585753869036,6.428809155612457,37906U
2025-06-28T14:04:31.450646,-5360.883535599927,-3343.9303682234763,3671.546351639538,2.4323915498337523,3.2021894958835406,6.21519941464301,37906U
2025-06-28T14:05:31.450646,-5205.169026659916,-3145.7646981527287,4037.4607278176013,2.7566160165232207,3.401328154566459,5.978060441665218,37906U
2025-06-28T14:06:31.450646,-5030.27288152275,-2936.006521197977,4388.459486191237,3.071558789213903,3.5884624196615444,5.71815619731662,37906U
2025-06-28T14:07:31.450646,-4836.789418979015,-2715.399570934441,4723.201975976497,3.3759783158828935,3.762819360033279,5.436348505340914,37906U
2025-06-28T14:08:31.450646,-4625.386611567325,-2484.732692919019,5040.402165888391,3.6686627819209647,3.923669336738844,5.133594982875107,37906U
2025-06-28T14:09:31.450646,-4396.80412034034,-2244.8371222704764,5338.834321399987,3.9484359867309733,4.070329970436316,4.8109464036821645,37906U
2025-06-28T14:10:31.450646,-4151.850976929987,-1996.5835270911466,5617.338504987868,4.214163174652817,4.202169953527742,4.469543496286105,37906U
2025-06-28T14:11:31.450646,-3891.402917239685,-1740.8788283003075,5874.825865339751,4.46475677909695,4.318612676816101,4.110613183861465,37906U
2025-06-28T14:12:31.450646,-3616.3993736186667,-1478.662808252098,6110.283682181943,4.699182039002094,4.41913964163097,3.7354642774233677,37906U
2025-06-28T14:13:31.450646,-3327.8401348543057,-1210.9045222172201,6322.780134351357,4.916462447328032,4.5032936297805515,3.3454826383169802,37906U
2025-06-28T14:14:31.450646,-3026.7816857213643,-938.5985283968257,6511.46875997363,5.115684992205034,4.5706816052728625,2.9421258301738393,37906U
2025-06-28T14:15:31.450646,-2714.33324013848,-662.7609536052923,6675.592579081476,5.296005152524311,4.620977323467019,2.526917284385307,37906U
2025-06-28T14:16:31.450646,-2391.652484186775,-384.4254130999041,6814.487850691882,5.456651611115814,4.653923625127864,2.101440006745891,37906U
2025-06-28T14:17:31.450646,-2059.941047336661,-104.63880424967208,6927.587438230591,5.5969306501731895,4.669334394732025,1.6673298562701127,37906U
2025-06-28T14:18:31.450646,-1720.439722196959,175.54300518011763,7014.4237592281825,5.71623019521531,4.667096164291846,1.2262684303177316,37906U
2025-06-28T14:19:31.450646,-1374.4234549588098,455.05957238152666,7074.631297390044,5.814023475591416,4.647169345916873,0.7799755931397728,37906U
2025-06-28T14:20:31.450646,-1023.1961304377578,732.8503359078987,7107.948657459312,5.889872271345709,4.60958907832905,0.3302016878061308,37906U
2025-06-28T14:21:31.450646,-668.0851772474067,1007.8591098022174,7114.220145731399,5.943429718158622,4.554465674605517,-0.12128052572688086,37906U
2025-06-28T14:22:31.450646,-310.4360201475212,1279.0385915065826,7093.396861648061,5.974442644114395,4.481984660572463,-0.5726841608963715,37906U
2025-06-28T14:23:31.450646,48.39359198425159,1545.354859098747,7045.537288596237,5.9827534142457734,4.392406395554219,-1.0222166748932682,37906U
2025-06-28T14:24:31.450646,407.0393528225795,1805.7918330136001,6970.807374872013,5.968301261236279,4.28606526963478,-1.4680884681023725,37906U
2025-06-28T14:25:31.450646,764.1362290049063,2059.355677141108,6869.4800987497,5.931123083379324,4.1633684742588475,-1.9085215589191602,37906U
2025-06-28T14:26:31.450646,1118.3243223601462,2305.079114071436,6741.934514727412,5.871353693965265,4.024794345919995,-2.341758277643067,37906U
2025-06-28T14:27:31.450646,1468.2547311658404,2542.025629288008,6588.654281307909,5.789225509749724,3.87089028588546,-2.7660699207173476,37906U
2025-06-28T14:28:31.450646,1812.5953769707994,2769.2935393218,6410.225674113587,5.685067670093052,3.7022702623976125,-3.1797653044493632,37906U
2025-06-28T14:29:31.450646,2150.0367630606465,2986.0198992880228,6207.335091718518,5.559304582778463,3.5196119055680204,-3.58119915561313,37906U
2025-06-28T14:30:31.450646,2479.2976304448016,3191.384225860699,5980.7660652839795,5.412453897413463,3.3236532092074946,-3.9687802751625028,37906U
2025-06-28T14:31:31.450646,2799.130477323074,3384.612012610382,5731.395786884673,5.2451239126738844,3.1151888580712837,-4.34097941078936,37906U
2025-06-28T14:32:31.450646,3108.32690840611,3564.9780157684113,5460.191175255423,5.058010429397088,2.89506620335782,-4.696336774413058,37906U
2025-06-28T14:33:31.450646,3405.7227812256174,3731.809289885734,5168.20450153114,4.85189306758832,2.6641809136974324,-5.03346914198056,37906U
2025-06-28T14:34:31.450646,3690.2031177142344,3884.487954538816,4856.56860132534,4.627631071651512,2.4234723331875125,-5.351076475304705,37906U
2025-06-28T14:35:31.450646,3960.706750873671,4022.453675194573,4526.4917031265195,4.3861586344507915,2.173918582150532,-5.647948009130816,37906U
2025-06-28T14:36:31.450646,4216.230678289757,4145.205843568565,4179.251906407515,4.128479776989421,1.9165314400794053,-5.922967751226583,37906U
2025-06-28T14:37:31.450646,4455.834096582085,4252.305445272026,3816.191345970963,3.855662826390311,1.6523510535672263,-6.175119349011721,37906U
2025-06-28T14:38:31.450646,4678.64209358614,4343.376605217306,3438.71008180245,3.568834540290226,1.382440514761341,-6.40349028303114,37906U
2025-06-28T14:39:31.450646,4883.848978109039,4418.107804090988,3048.2597560213776,3.269173930560461,1.1078803579414789,-6.60727535530124,37906U
2025-06-28T14:40:31.450646,5070.721230449527,4476.252762169262,2646.3370603192607,2.957905843264159,0.8297630230894668,-6.78577944909248,37906U
2025-06-28T14:41:31.450646,5238.600060454429,4517.630989779026,2234.477058533919,2.6362943548382463,0.5491873357487532,-6.938419545845112,37906U
2025-06-28T14:42:31.450646,5386.903563650015,4542.128006750415,1814.2464096589808,2.3056360465161636,0.26725305200696564,-7.064725994453358,37906U
2025-06-28T14:43:31.450646,5515.128469850591,4549.695236195657,1387.2365366378187,1.9672532199311255,-0.014944483915286006,-7.164343037845908,37906U
2025-06-28T14:44:31.450646,5622.851482545411,4540.349580830761,955.0567857075979,1.6224871165990553,-0.29631952421816893,-7.237028611408126,37906U
2025-06-28T14:45:31.450646,5709.730211208487,4514.172692769569,519.3276198864437,1.2726912025985655,-0.5758009020099337,-7.282653437079658,37906U
2025-06-28T14:46:31.450646,5775.503702400644,4471.309950215487,81.67388843040347,0.9192245772529403,-0.8523367773163614,-7.301199445701762,37906U
2025-06-28T14:47:31.450646,5819.99257905703,4411.96915670559,-356.2817881987921,0.5634455610710067,-1.124899110633928,-7.292757568161214,37906U
2025-06-28T14:48:31.450646,5843.098800616801,4336.418980489664,-792.9254810771301,0.20670551371098175,-1.3924878350088536,-7.257524942905802,37906U
2025-06-28T14:49:31.450646,5844.80505959688,4244.987153221528,-1226.6582296657955,-0.14965707257666433,-1.6541347029801283,-7.195801593338837,37906U
2025-06-28T14:50:31.450646,5825.173832790034,4138.05844838529,-1655.9021026422442,-0.5043221645322225,-1.90890679032756,-7.1079866333265365,37906U
2025-06-28T14:51:31.450646,5784.346107446982,4016.0724607617776,-2079.1060163374623,-0.8559934314700122,-2.1559096442888213,-6.994574062501202,37906U
2025-06-28T14:52:31.450646,5722.53980455571,3879.5212087643795,-2494.7512882897013,-1.2034031146213786,-2.394290069597788,-6.85614821518526,37906U
2025-06-28T14:53:31.450646,5640.047922649993,3728.946581644392,-2901.35690739376,-1.5453165029435194,-2.6232385512323435,-6.693378927603351,37906U
2025-06-28T14:54:31.450646,5537.23642646013,3564.9376534028365,-3297.4845060805546,-1.8805360030317253,-2.841991318016854,-6.507016487636486,37906U
2025-06-28T14:55:31.450646,5414.54190517503,3388.1278847734684,-3681.743023828616,-2.2079047975335637,-3.049832056099147,-6.2978864297807275,37906U
2025-06-28T14:56:31.450646,5272.469025134476,3199.1922338892946,-4052.7930550209317,-2.526310092915346,-3.246093285728693,-6.066884235304807,37906U
2025-06-28T14:57:31.450646,5111.587801439881,2998.84419524499,-4409.350877659508,-2.83468596345312,-3.4301574186345563,-5.814969993976714,37906U
2025-06-28T14:58:31.450646,4932.530712301866,2787.8327853658275,-4750.192162666208,-3.132015803793825,-3.6014575165787237,-5.543163079298511,37906U
2025-06-28T14:59:31.450646,4735.9896789649665,2566.9394922179886,-5074.155366418707,-3.4173344072990526,-3.7594777743265415,-5.2525368840852655,37906U
2025-06-28T15:00:31.450646,4522.7129328148285,2336.9752038964934,-5380.1448117366945,-3.6897296915616122,-3.903753752303031,-4.944213657614998,37906U
2025-06-28T15:01:31.450646,4293.50178982239,2098.7771305382585,-5667.133464741737,-3.948344095949258,-4.033872385603666,-4.619359479605861,37906U
2025-06-28T15:02:31.450646,4049.2073508601497,1853.205731769544,-5934.165416845642,-4.192375678756088,-4.149471796813682,-4.279179400094836,37906U
2025-06-28T15:03:31.450646,3790.727144686547,1601.141660347602,-6180.35808257304,-4.421078943528339,-4.250240940290798,-3.924912768041838,37906U
2025-06-28T15:04:31.450646,3519.001728571282,1343.4827310199134,-6404.904125008652,-4.633765425402407,-4.335919105224818,-3.55782876528012,37906U
2025-06-28T15:05:31.450646,3235.0112596840745,1081.140922046584,-6607.073121373016,-4.829804068862042,-4.406295303945026,-3.1792221564148972,37906U
2025-06-28T15:06:31.450646,2939.772048510674,815.0394153172015,-6786.212981613163,-5.008621428250905,-4.461207570663696,-2.790409259508375,37906U
2025-06-28T15:07:31.450646,2634.3331037515327,546.1096795890627,-6941.751132945416,-5.169701721693472,-4.50054219416934,-2.3927241369998007,37906U
2025-06-28T15:08:31.450646,2319.772676405226,275.28860007162876,-7073.195483056523,-5.312586767859865,-4.524232905983186,-1.9875150013269243,37906U
2025-06-28T15:09:31.450646,1997.1948090996725,3.5156564268615003,-7180.135174162389,-5.436875833296963,-4.532260043217478,-1.5761408252389686,37906U
2025-06-28T15:10:31.450646,1667.7258951964557,-268.2698497747615,-7262.241139395819,-5.542225415924846,-4.524649702889599,-1.1599681428146464,37906U
2025-06-28T15:11:31.450646,1332.5112508134177,-539.1315179663857,-7319.266472056234,-5.628348987806735,-4.50147290180046,-0.7403680237997283,37906U
2025-06-28T15:12:31.450646,992.7117016751696,-808.1385224066403,-7351.0466171551525,-5.695016717521323,-4.462844753336945,-0.318713201037504,37906U
2025-06-28T15:13:31.450646,649.5001856383118,-1074.3682380080927,-7357.499393454155,-5.7420551894515075,-4.408923669751999,0.1036246714886175,37906U
2025-06-28T15:14:31.450646,304.0583708531474,-1336.9088196655032,-7338.624852853183,-5.769347134114481,-4.339910595659904,0.5252776541536159,37906U
2025-06-28T15:15:31.450646,-42.42671117917663,-1594.8617368178416,-7294.5049825769975,-5.776831180351568,-4.2560482756986975,0.9448840759839637,37906U
2025-06-28T15:16:31.450646,-388.76601890930556,-1847.344265064517,-7225.303254156954,-5.764501636823678,-4.1576205565956945,1.361091033536005,37906U
2025-06-28T15:17:31.450646,-733.7718419835054,-2093.491936595303,-7131.264021743001,-5.732408306870578,-4.044951721259266,1.7725568601444361,37906U
2025-06-28T15:18:31.450646,-1076.2611321524719,-2332.460950993902,-7012.711770834002,-5.6806563374340815,-3.9184058500407577,2.1779535908020033,37906U
2025-06-28T15:19:31.450646,-1415.0588255188595,-2563.4305476365917,-6870.05021711217,-5.609406099461651,-3.7783862019962875,2.575969446900662,37906U
2025-06-28T15:20:31.450646,-1749.0011575804822,-2785.605340454075,-6703.761253730313,-5.518873094036347,-3.6253346068480923,2.965311363578562,37906U
2025-06-28T15:21:31.450646,-2076.938972124565,-2998.2176152488687,-6514.403744157998,-5.409327875461345,-3.4597308564298386,3.3447075804763897,37906U
2025-06-28T15:22:31.450646,-2397.741024472257,-3200.5295890892676,-6302.612156562097,-5.281095979696533,-3.2820920827137816,3.712910314368558,37906U
2025-06-28T15:23:31.450646,-2710.297278857884,-3391.8356305362518,-6069.095034702332,-5.134557843935247,-3.092972108082943,4.068698529416842,37906U
2025-06-28T15:24:31.450646,-3013.5221988685707,-3571.464438617091,-5814.6332994847035,-4.970148700754985,-2.892960752345817,4.410880817735863,37906U
2025-06-28T15:25:31.450646,-3306.358028887406,-3738.7811775576047,-5540.078374646925,-4.7883584282028835,-2.682683080105309,4.738298399608389,37906U
2025-06-28T15:26:31.450646,-3587.778063379149,-3893.1895633303634,-5246.350129575428,-4.589731335419326,-2.462798571507833,5.049828249070198,37906U
2025-06-28T15:27:31.450646,-3856.789899656014,-4034.1338970904544,-4934.434631984517,-4.374865861986022,-2.2340001991212075,5.34438634675283,37906U
2025-06-28T15:28:31.450646,-4112.438668484965,-4161.101039571967,-4605.381703130753,-4.144414168128962,-1.9970133937252175,5.620931057880898,37906U
2025-06-28T15:29:31.450646,-4353.810235548621,-4273.622319514886,-4260.302268419311,-3.8990815922464783,-1.7525948821675152,5.878466629198995,37906U
2025-06-28T15:30:31.450646,-4580.034365394065,-4371.275368215042,-3900.365496669361,-3.639625951973449,-1.5015313811257895,6.116046794433624,37906U
2025-06-28T15:31:31.450646,-4790.287838102605,-4453.685871347386,-3526.795721964991,-3.3668566651612837,-1.244638131638065,6.332778473715481,37906U
2025-06-28T15:32:31.450646,-4983.797507518487,-4520.529228328944,-3140.869142926153,-3.081633667760295,-0.9827572606098938,6.527825548266122,37906U
2025-06-28T15:33:31.450646,-5159.84328851648,-4571.532108682657,-2743.910295381497,-2.7848661066371565,-0.7167559571655351,6.700412687660463,37906U
2025-06-28T15:34:31.450646,-5317.761059486052,-4606.4738941542255,-2337.2882958164887,-2.4775107868526147,-0.4475244536734871,6.849829203171619,37906U
2025-06-28T15:35:31.450646,-5456.945464993426,-4625.187994740664,-1922.4128545965862,-2.160570354858003,-0.17597380352471528,6.975432897159997,37906U
2025-06-28T15:36:31.450646,-5576.852602485198,-4627.563026332007,-1500.730059797011,-1.8350912014170058,0.09696654976088795,7.07665387525773,37906U
2025-06-28T15:37:31.450646,-5677.002575932214,-4613.543837359678,-1073.717934524866,-1.5021610708262476,0.37035141478639017,7.152998285277381,37906U
2025-06-28T15:38:31.450646,-5756.981898525235,-4583.132371706909,-642.8817728230301,-1.1629063661259953,0.6432227056663415,7.204051944423122,37906U
2025-06-28T15:39:31.450646,-5816.4457259307765,-4536.388355176785,-209.74926162092177,-0.8184891434582797,0.9146125032622608,7.229483814544704,37906U
2025-06-28T15:40:31.450646,-5855.119901232118,-4473.429793046536,224.1346013203011,-0.4701037924704553,1.1835463178184242,7.229049283914389,37906U
2025-06-28T15:41:31.450646,-5872.80279253141,-4394.433266667423,657.2127809593752,-0.11897340362591084,1.4490465433532878,7.202593213362501,37906U
2025-06-28T15:42:31.450646,-5869.3669042897955,-4299.634017704505,1087.9216549014216,0.23365417258411858,1.7101360909716967,7.150052704611097,37906U
2025-06-28T15:43:31.450646,-5844.760243848401,-4189.325809446626,1514.6966219809467,0.5865105653254807,1.965842185156569,7.071459549317027,37906U
2025-06-28T15:44:31.450646,-5799.007425207619,-4063.8605556538528,1935.9778492180953,0.9383114085688697,2.215200304116992,6.966942318678821,37906U
2025-06-28T15:45:31.450646,-5732.21049304945,-3923.647708635284,2350.2161344017445,1.2877611341103699,2.457258242486789,6.836728055465265,37906U
2025-06-28T15:46:31.450646,-5644.549451161987,-3769.1533996542958,2755.8788592227843,1.6335580108623653,2.691080272130311,6.681143532958275,37906U
2025-06-28T15:47:31.450646,-5536.282480857211,-3600.8993263221514,3151.4560057313324,1.974399405024851,2.9157513745732846,6.500616048525015,37906U
2025-06-28T15:48:31.450646,-5407.745836647137,-3419.461383345802,3535.466206961736,2.308987232255007,3.1303815166781033,6.295673723283996,37906U
2025-06-28T15:49:31.450646,-5259.353408337173,-3225.468034814369,3906.4628008988725,2.636033569823941,3.334109939660971,6.066945283531996,37906U
2025-06-28T15:50:31.450646,-5091.595940783473,-3019.598428117095,4263.039855573844,2.9542663940328717,3.5261094304228884,5.815159304168701,37906U
2025-06-28T15:51:31.450646,-4905.039904813195,-2802.5802515548853,4603.838132002063,3.2624354058987564,3.7055905434503678,5.541142899201084,37906U
2025-06-28T15:52:31.450646,-4700.326015186059,-2575.187339703325,4927.550950936007,3.559317906344552,3.8718057412378384,5.245819849425406,37906U
2025-06-28T15:53:31.450646,-4478.167393953912,-2338.237032588817,5232.929928990179,3.843724680836764,4.0240534212701675,4.930208162484379,37906U
2025-06-28T15:54:31.450646,-4239.347380104531,-2092.5872967069236,5518.790549633382,4.114505852620664,4.1616817980697185,4.59541706556807,37906U
2025-06-28T15:55:31.450646,-3984.716988935908,-1839.1336178362155,5784.017534797386,4.370556663363998,4.2840926096079786,4.24264343600549,37906U
2025-06-28T15:56:31.450646,-3715.1920271480985,-1578.8056774396894,6027.569983436799,4.610823140125201,4.390744618480629,3.8731676797830272,37906U
2025-06-28T15:57:31.450646,-3431.7498721450324,-1312.5638261954375,6248.486244249746,4.834307608045498,4.4811568795866,3.488349072588657,37906U
2025-06-28T15:58:31.450646,-3135.4259264755947,-1041.3953698360835,6445.88849092246,5.040074008983986,4.554911747595127,3.089620582268897,37906U
2025-06-28T15:59:31.450646,-2827.309760689799,-766.310683991036,6618.986969664533,5.227252987412715,4.611657599179688,2.6784831955794353,37906U
2025-06-28T16:00:31.450646,-2508.540960130501,-488.3391761150414,6767.083890424186,5.395046706204278,4.651111246799881,2.256499775817707,37906U
2025-06-28T16:01:31.450646,-2180.3046933151672,-208.5251138492228,6889.576934989786,5.542733356427403,4.673060022687121,1.8252884813680925,37906U
2025-06-28T16:02:31.450646,-1843.8270215701828,72.07665971122654,6985.962357175658,5.669671326880295,4.677363513614798,1.3865157783897328,37906U
2025-06-28T16:03:31.450646,-1500.3699714772888,352.40510235730403,7055.837652429051,5.77530300079854,4.6639549289926485,0.9418890839010601,37906U
2025-06-28T16:04:31.450646,-1151.2263934609293,631.3974183467911,7098.903776475098,5.85915814897209,4.632842086822857,0.4931490783898521,37906U
2025-06-28T16:05:31.450646,-797.7146315097178,907.9935500827156,7114.966895021036,5.920856890389646,4.584108004104504,0.04206172987932319,37906U
2025-06-28T16:06:31.450646,-441.17303056856616,1181.140692093215,7103.939649073951,5.960112193529461,4.517911080400839,-0.4095899258746409,37906U
2025-06-28T16:07:31.450646,-82.95430957665697,1449.7978029700705,7065.84192308429,5.976731893565845,4.434484865525754,-0.8600142016452615,37906U
2025-06-28T16:08:31.450646,275.58017055572645,1712.9400904984445,7000.801105918798,5.970620203116104,4.3341374047024654,-1.3074193213317182,37906U
2025-06-28T16:09:31.450646,633.0662135289604,1969.5634448996357,6909.051837599192,5.941778696770495,4.217250157145146,-1.7500220760667125,37906U
2025-06-28T16:10:31.450646,988.1426372368735,2218.6887949483375,6790.935237821611,5.890306752594781,4.084276486845046,-2.186056518410262,37906U
2025-06-28T16:11:31.450646,1339.4571338645376,2459.3663616968356,6646.897615507132,5.816401437127694,3.935739727448815,-2.6137826367191264,37906U
2025-06-28T16:12:31.450646,1685.67210728984,2690.6797846983955,6477.488662018144,5.720356824165459,3.7722308265018927,-3.031494949572086,37906U
2025-06-28T16:13:31.450646,2025.4704540408268,2911.7500959593217,6283.3591342086365,5.602562741865014,3.594405578006542,-3.4375309582627986,37906U
2025-06-28T16:14:31.450646,2357.5612537739285,3121.739517406872,6065.258037138137,5.463502947416698,3.402981456183346,-3.830279394013402,37906U
2025-06-28T16:15:31.450646,2680.6853352265293,3319.8550584522814,5824.0293200416345,5.303752733719025,3.198734067486252,-4.208188195842919,37906U
2025-06-28T16:16:31.450646,2993.62068389295,3505.3518912719082,5560.608102976936,5.123975978087714,2.9824932422406523,-4.569772155080972,37906U
2025-06-28T16:17:31.450646,3295.1876583183002,3677.536482745637,5276.016455409376,4.924921648967256,2.755138791658681,-4.913620163490014,37906U
2025-06-28T16:18:31.450646,3584.25398291149,3835.769463578932,4971.358751792328,4.707419792785137,2.517595960338848,-5.23840200393713,37906U
2025-06-28T16:19:31.450646,3859.73948658174,3979.4682170028223,4647.816632881434,4.47237702935634,2.2708306085496814,-5.5428746256348465,37906U
2025-06-28T16:20:31.450646,4120.620558302632,4108.109171580546,4306.64360500955,4.220771590456024,2.0158441625047354,-5.8258878501787805,37906U
2025-06-28T16:21:31.450646,4365.934292894781,4221.229785028666,3949.1593127829265,3.953647942171319,1.753668374337219,-6.086389459937398,37906U
2025-06-28T16:22:31.450646,4594.782302902059,4318.430208569178,3576.7435235293297,3.6721110372213976,1.4853599364288241,-6.323429626775399,37906U
2025-06-28T16:23:31.450646,4806.334175353432,4399.374624111694,3190.829864305737,3.3773202484560128,1.2119949970567443,-6.536164646483413,37906U
2025-06-28T16:24:31.450646,4999.830555449358,4463.792249494617,2792.8993542455505,3.070483039010679,0.9346636258646455,-6.723859952547194,37906U
2025-06-28T16:25:31.450646,5174.5858427081275,4511.478010025535,2384.473776472857,2.7528484279925967,0.6544642783892891,-6.885892391813836,37906U
2025-06-28T16:26:31.450646,5329.99048880715,4542.29287760425,1967.1089346731692,2.4257003129635732,0.3724983087225623,-7.021751754011999,37906U
2025-06-28T16:27:31.450646,5465.512890183119,4556.163881725903,1542.3878396648934,2.090350711790632,0.089864578343981,-7.131041556725159,37906U
2025-06-28T16:28:31.450646,5580.700872339172,4553.083799586061,1111.9138709498784,1.7481329865981567,-0.1923457927694211,-7.213479097061943,37906U
2025-06-28T16:29:31.450646,5675.182766666645,4533.1105352866725,677.3039572534817,1.4003951115720672,-0.4730544894122318,-7.268894790670702,37906U
2025-06-28T16:30:31.450646,5748.668084354488,4496.3662007181865,240.18181849751872,1.0484930442440927,-0.7512008389992405,-7.297230827678484,37906U
2025-06-28T16:31:31.450646,5800.9477955492075,4443.035913019687,-197.82869045432923,0.6937842567004754,-1.0257463884105966,-7.298539183372333,37906U
2025-06-28T16:32:31.450646,5831.894225281153,4373.366325554817,-635.1100965459713,0.3376214789911309,-1.2956791890408574,-7.272979028796846,37906U
2025-06-28T16:33:31.450646,5841.460580724899,4287.66391105585,-1070.0576510629826,-0.018653297999443916,-1.5600177644811575,-7.220813592752263,37906U
2025-06-28T16:34:31.450646,5829.68012706643,4186.293016955808,-1501.0854666339653,-0.3737145187001192,-1.8178147407990664,-7.142406531819865,37906U
2025-06-28T16:35:31.450646,5796.665031564101,4069.6737139405323,-1926.6324210256194,-0.7262584227794893,-2.0681601250642623,-7.03821786893062,37906U
2025-06-28T16:36:31.450646,5742.604897290526,3938.2794594002485,-2345.167803908182,-1.075008040290224,-2.3101842234851553,-6.9087995635841315,37906U
2025-06-28T16:37:31.450646,5667.765009509693,3792.6345977550986,-2755.1966867037318,-1.4187178003515948,-2.543060196116344,-6.754790778114481,37906U
2025-06-28T16:38:31.450646,5572.484318674815,3633.3117195803725,-3155.2649995965107,-1.7561777386263266,-2.766006250463014,-6.576912904416288,37906U
2025-06-28T16:39:31.450646,5457.1731846347575,3460.928901092429,-3543.9643036785956,-2.086217295659239,-2.9782874813219262,-6.3759644143582594,37906U
2025-06-28T16:40:31.450646,5322.310906825488,3276.1468448976225,-3919.936249976098,-2.4077087047039294,-3.1792173687791414,-6.152815594810329,37906U
2025-06-28T16:41:31.450646,5168.44306502421,3079.6659419923726,-4281.876720669064,-2.719569973825591,-3.368158950346501,-5.908403224915523,37906U
2025-06-28T16:42:31.450646,4996.17869469088,2872.2232738679545,-4628.539651134198,-3.020767472728704,-3.54452568670974,-5.643725249082222,37906U
2025-06-28T16:43:31.450646,4806.187320048891,2654.5895722537684,-4958.740534464895,-3.310318139833972,-3.707782043446067,-5.359835494296976,37906U
2025-06-28T16:44:31.450646,4599.195866913253,2427.5661525774017,-5271.3596128053705,-3.587291329536829,-3.857443813319191,-5.057838474925242,37906U
2025-06-28T16:45:31.450646,4375.985475894963,2191.981835654536,-5565.344762174847,-3.850810323295517,-3.9930782053846476,-4.738884322313646,37906U
2025-06-28T16:46:31.450646,4137.388235055759,1948.6898705047024,-5839.714079408374,-4.100053531167615,-4.114303728134644,-4.4041638704056725,37906U
2025-06-28T16:47:31.450646,3884.283849381603,1698.564869530248,-6093.55818143586,-4.3342554126676305,-4.22078989432342,-4.05490392234077,37906U
2025-06-28T16:48:31.450646,3617.596262659716,1442.499765662789,-6326.0422283169855,-4.552707147324252,-4.312256774955506,-3.692362716800161,37906U
2025-06-28T16:49:31.450646,3338.290245495585,1181.4027994711516,-6536.407682301328,-4.754757086138977,-4.388474429255682,-3.317825606765955,37906U
2025-06-28T16:50:31.450646,3047.367961355665,916.1945426903652,-6723.9738156729345,-4.939811015294884,-4.449262236306533,-2.9326009575122938,37906U
2025-06-28T16:51:31.450646,2745.8655206974727,647.8049631866373,-6888.1389803029015,-5.107332262995378,-4.494488152499948,-2.5380162651271396,37906U
2025-06-28T16:52:31.450646,2434.8495314704537,377.1705350268308,-7028.38165170311,-5.2568416792876125,-4.524067917061255,-2.1354144917285836,37906U
2025-06-28T16:53:31.450646,2115.413652602046,105.23139612093715,-7144.261259954524,-5.3879175171801466,-4.537964225720177,-1.726150608897282,37906U
2025-06-28T16:54:31.450646,1788.6751555037224,-167.07144517644318,-7235.4188192358115,-5.500195241391745,-4.536185890189645,-1.311588336683978,37906U
2025-06-28T16:55:31.450646,1455.7714971995656,-438.79885404078044,-7301.57736680828,-5.593367288705499,-4.518786998518661,-0.8930970619511502,37906U
2025-06-28T16:56:31.450646,1117.8569073959393,-709.0162640324996,-7342.542221267437,-5.6671828012259535,-4.485866088667849,-0.47204891677124466,37906U
2025-06-28T16:57:31.450646,776.0989906857119,-976.7963237513915,-7358.201068680879,-5.721447350907134,-4.437565344864944,-0.04981599513875251,37906U
2025-06-28T16:58:31.450646,431.67534413395936,-1241.2214966622685,-7348.5238839256845,-5.756022670592358,-4.374069823477971,0.372232315624928,37906U
2025-06-28T16:59:31.450646,85.77018972739171,-1501.3866157579398,-7313.562693150394,-5.7708264035418795,-4.295606712341268,0.7927319136964439,37906U
2025-06-28T17:00:31.450646,-260.42897941189835,-1756.4013948674901,-7253.451181847502,-5.765831880075819,-4.202444624721366,1.2103264974671943,37906U
2025-06-28T17:01:31.450646,-605.7347405404959,-2005.392898408791,-7168.404151560613,-5.741067926576518,-4.094892926452414,1.623670042001993,37906U
2025-06-28T17:02:31.450646,-948.9630722302193,-2247.507971229532,-7058.716826795542,-5.696618708724656,-3.973301092237427,2.0314292627452586,37906U
2025-06-28T17:03:31.450646,-1288.9366764448216,-2481.9156298942335,-6924.76401228226,-5.632623607531269,-3.838058084728913,2.4322860911361524,37906U
2025-06-28T17:04:31.450646,-1624.4882933105941,-2707.8094163563287,-6766.999099372097,-5.549277123514081,-3.6895917478001694,2.824940185462776,37906U
2025-06-28T17:05:31.450646,-1954.46400980048,-2924.409714421491,-6585.9529190743215,-5.446828801290795,-3.5283682034173696,3.2081114985083095,37906U
2025-06-28T17:06:31.450646,-2277.7265630456936,-3130.966028766173,-6382.232438064052,-5.3255831639605,-3.3548912397475177,3.580542921339047,37906U
2025-06-28T17:07:31.450646,-2593.1586383326103,-3326.759225542628,-6156.519292945289,-5.185899643950185,-3.1697016766029993,3.941003020002003,37906U
2025-06-28T17:08:31.450646,-2899.666161029736,-3511.1037327806666,-5909.568157157494,-5.028192494552434,-2.973376693055365,4.288288878953447,37906U
2025-06-28T17:09:31.450646,-3196.1815807470493,-3683.3496979101337,-5642.204934184912,-4.852930664202502,-2.7665291010597644,4.62122906178386,37906U
2025-06-28T17:10:31.450646,-3481.667144972102,-3842.8850987909304,-5355.324770177323,-4.660637613663337,-2.5498065482286365,4.938686696279658,37906U
2025-06-28T17:11:31.450646,-3755.1181582519735,-3989.137803654041,-5049.889878750354,-4.4518910547439505,-2.323890632503501,5.239562687090062,37906U
2025-06-28T17:12:31.450646,-4015.566221735605,-4121.577574356926,-4726.927170602277,-4.22732258798724,-2.0894959113950704,5.522799055319504,37906U
2025-06-28T17:13:31.450646,-4262.082446571189,-4239.718006353095,-4387.525680673237,-3.9876172159502956,-1.847368788703136,5.787382400285145,37906U
2025-06-28T17:14:31.450646,-4493.780633271536,-4343.118397777682,-4032.833785913021,-3.733512708299357,-1.5982862622086034,6.032347474500452,37906U
2025-06-28T17:15:31.450646,-4709.820407769184,-4431.385539093707,-3664.0562072883067,-3.4657987949484714,-1.3430545167282315,6.256780858760136,37906U
2025-06-28T17:16:31.450646,-4909.410303477122,-4504.175413830609,-3282.4507904859065,-3.185316163921066,-1.0825073481592413,6.459824720037696,37906U
2025-06-28T17:17:31.450646,-5091.810777295591,-4561.194800108263,-2889.3250608328,-2.892955241500707,-0.8175044056929018,6.64068063085083,37906U
2025-06-28T17:18:31.450646,-5256.337146176729,-4602.202761890014,-2486.0325492639618,-2.589654733572084,-0.5489292412395812,6.798613424858259,37906U
2025-06-28T17:19:31.450646,-5402.3624296074695,-4627.01201826875,-2073.9688877153453,-2.2763999088301756,-0.2776871572631428,6.932955059795816,37906U
2025-06-28T17:20:31.450646,-5529.320082223222,-4635.490178578844,-1654.56767409066,-1.9542206067450336,-0.004702846647731691,7.043108455509329,37906U
2025-06-28T17:21:31.450646,-5636.706599750615,-4627.560830762674,-1229.296108925948,-1.6241889557886287,0.26908217911768023,7.128551271866447,37906U
2025-06-28T17:22:31.450646,-5724.08398061945,-4603.204470217843,-799.6504080429102,-1.2874167904384097,0.5427123742817274,7.188839588793032,37906U
2025-06-28T17:23:31.450646,-5791.082024912445,-4562.459256326757,-367.1509978038452,-0.9450527588242199,0.8152211535159074,7.223611448646785,37906U
2025-06-28T17:24:31.450646,-5837.400451856283,-4505.421584033355,66.6624979645562,-0.5982791165417899,1.0856340916127416,7.232590219664803,37906U
2025-06-28T17:25:31.450646,-5862.81081682177,-4432.246458193465,500.23646776096,-0.24830820606132015,1.352972319657553,7.215587738351028,37906U
2025-06-28T17:26:31.450646,-5867.158208812383,-4343.147658988667,932.0087046959859,0.10362137475583007,1.6162561059232403,7.172507188440416,37906U
2025-06-28T17:27:31.450646,-5850.362709691043,-4238.397687462869,1360.4139644346515,0.4562489073106223,1.8745086065717487,7.1033456745124735,37906U
2025-06-28T17:28:31.450646,-5812.420596935709,-4118.327481210631,1783.8896693717888,0.8082959781292836,2.1267597682007784,7.008196449438359,37906U
2025-06-28T17:29:31.450646,-5753.405272526603,-3983.3258914111325,2200.881737105321,1.1584711797701366,2.372050361397967,6.887250756625448,37906U
2025-06-28T17:30:31.450646,-5673.467901651502,-3833.8389137516474,2609.8505088791085,1.5054750665207388,2.6094361218170645,6.740799250451336,37906U
2025-06-28T17:31:31.450646,-5572.8377462609715,-3670.3686672999092,3009.2767514479415,1.848005340748409,2.837991972930583,6.569232961313852,37906U
2025-06-28T17:32:31.450646,-5451.822180099537,-3493.4721170498483,3397.6677037996546,2.184762242151404,3.056816302578334,6.373043775311664,37906U
2025-06-28T17:33:31.450646,-5310.806373662353,-3303.7595376555523,3773.5631383982345,2.514454108883119,3.265035263763093,6.152824402642053,37906U
2025-06-28T17:34:31.450646,-5150.252639554668,-3101.892717757032,4135.541405120598,2.835803076646499,3.461807068871299,5.909267813275273,37906U
2025-06-28T17:35:31.450646,-4970.699430933839,-2888.582906260453,4482.2254248739855,3.147550879425609,3.6463262456332086,5.643166123246366,37906U
2025-06-28T17:36:31.450646,-4772.759988057624,-2664.5885039348104,4812.288599020089,3.4484647135679882,3.8178278226875184,5.355408919897145,37906U
2025-06-28T17:37:31.450646,-4557.120630416372,-2430.7125057010585,5124.460600202407,3.7373431254665928,3.9755914125683947,5.046981019508417,37906U
2025-06-28T17:38:31.450646,-4324.538694447664,-2187.7997009814117,5417.5330099916555,4.013021882126146,4.118945160275195,4.7189596558787015,37906U
2025-06-28T17:39:31.450646,-4075.8401193886352,-1936.7336414253145,5690.364768914802,4.274379783409343,4.247269526278867,4.372511103446989,37906U
2025-06-28T17:40:31.450646,-3811.916686380451,-1678.4333872106683,5941.88740490557,4.52034437471534,4.360000873825535,4.008886743447527,37906U
2025-06-28T17:41:31.450646,-3533.722918461406,-1413.850044905148,6171.110007002084,4.749897519213447,4.456634831676033,3.629418586247622,37906U
2025-06-28T17:42:31.450646,-3242.272651555275,-1143.9631115598602,6377.12391218036,4.962080789472421,4.536729404912483,3.235514267428704,37906U
2025-06-28T17:43:31.450646,-2938.635288941322,-869.7766412678732,6559.107074543833,5.156000639350881,4.5999078081092435,2.8286515392784803,37906U
2025-06-28T17:44:31.450646,-2623.9317539806,-592.3152518620419,6716.328087643972,5.330833318273121,4.645860996951677,2.410372283184797,37906U
2025-06-28T17:45:31.450646,-2299.330158041508,-312.6199907304784,6848.149832473301,5.485829491467357,4.674349876260202,1.9822760719515313,37906U
2025-06-28T17:46:31.450646,-1966.0412026262873,-31.74407991032973,6954.032725611135,5.620318531331118,4.6852071643043285,1.5460133143468737,37906U
2025-06-28T17:47:31.450646,-1625.3133366293603,249.2514383322605,7033.537544105096,5.733712446788686,4.678338895259167,1.1032780172640606,37906U
2025-06-28T17:48:31.450646,-1278.4276914714517,529.3021333003215,7086.3278059114855,5.825509419290584,4.653725543657829,0.6558002037908861,37906U
2025-06-28T17:49:31.450646,-926.6928185519217,807.3446720952962,7112.17168708833,5.895296915975898,4.611422756738577,0.2053380282960388,37906U
2025-06-28T17:50:31.450646,-571.4392550392488,1082.3213366396358,7110.943459432264,5.942754352493403,4.551561682697336,-0.2463303676194425,37906U
2025-06-28T17:51:31.450646,-214.01394548975114,1353.1845472737489,7082.624434870224,5.9676552800850375,4.47434888506584,-0.697415211740122,37906U
2025-06-28T17:52:31.450646,144.22545185756147,1618.9013682418713,7027.303405667465,5.969869073824919,4.380065835784493,-1.146123621154704,37906U
2025-06-28T17:53:31.450646,501.91634402789964,1878.4579700396878,6945.176572399662,5.949362101436571,4.26906798206804,-1.590668233532102,37906U
2025-06-28T17:54:31.450646,857.6970363073727,2130.864023381912,6836.546954667086,5.906198354941069,4.141783384913778,-2.029275895189226,37906U
2025-06-28T17:55:31.450646,1210.212587133083,2375.1569994784377,6701.823282710368,5.840539530582568,3.9987109301110633,-2.4601963488811927,37906U
2025-06-28T17:56:31.450646,1558.1206519332773,2610.406351407331,6541.5183714178675,5.7526445460870015,3.8404181158958037,-2.881710861960589,37906U
2025-06-28T17:57:31.450646,1900.0972823651327,2835.7175516431053,6356.2469816983985,5.64286848837674,3.6675384249706013,-3.2921407335654043,37906U
2025-06-28T17:58:31.450646,2234.842647039102,3050.235961290435,6146.723177804615,5.5116609894032695,3.480768292453388,-3.6898556179847266,37906U
2025-06-28T17:59:31.450646,2561.086639703933,3253.1505072790806,5913.757192921399,5.359564032769921,3.280863685404372,-4.073281600405471,37906U
2025-06-28T18:00:31.450646,2877.5943410620675,3443.6971447376172,5658.251819135473,5.187209199257101,3.0686363138435446,-4.440908961041943,37906U
2025-06-28T18:01:31.450646,3183.171300907008,3621.1620829853186,5381.198341736851,4.9953143651696985,2.8449494975356626,-4.791299564304311,37906U
2025-06-28T18:02:31.450646,3476.6686081534854,3784.8847550756013,5083.672041615378,4.784679873505892,2.6107137171878083,-5.123093811289825,37906U
2025-06-28T18:03:31.450646,3756.987717600681,3934.260512600311,4766.827293231175,4.556184204167539,2.366881882953692,-5.435017096582758,37906U
2025-06-28T18:04:31.450646,4023.0850039242105,4068.74302950567,4431.892289195786,4.310779175655805,2.114444357153632,-5.725885714158403,37906U
2025-06-28T18:05:31.450646,4273.976015444833,4187.846400969217,4080.163425821575,4.049484716755867,1.8544237717660825,-5.994612162126655,37906U
2025-06-28T18:06:31.450646,4508.739402667084,4291.146925920794,3712.999386991668,3.773383252429743,1.5878696843902955,-6.240209802096449,37906U
2025-06-28T18:07:31.450646,4726.520499378823,4378.284564516292,3331.814966316518,3.4836137533462974,1.3158531189163698,-6.461796835996758,37906U
2025-06-28T18:08:31.450646,4926.534537234295,4448.9640647574915,2938.074669688448,3.1813655030019943,1.0394610389505239,-6.658599571151001,37906U
2025-06-28T18:09:31.450646,5108.069478148544,4502.955755438667,2533.28614197762,2.8678716400842306,0.7597908030584247,-6.829954953094145,37906U
2025-06-28T18:10:31.450646,5270.488452460637,4540.096005639575,2118.993462672863,2.5444025364647693,0.47794465104097833,-6.975312354860853,37906U
2025-06-28T18:11:31.450646,5413.2317946032135,4560.287354013777,1696.770355736866,2.2122590728931626,0.1950242697241117,-7.094234621030799,37906U
2025-06-28T18:12:31.450646,5535.818671878704,4563.49831408266,1268.2133587940407,1.8727658750198874,-0.08787451487847646,-7.186398374463071,37906U
2025-06-28T18:13:31.450646,5637.848305809739,4549.762864579423,834.9349960041502,1.5272645717904116,-0.36966687465010867,-7.251593603141272,37906U
2025-06-28T18:14:31.450646,5719.000789325382,4519.179636538486,398.55699761789145,1.1771071365288055,-0.6492839045989827,-7.289722553646549,37906U
2025-06-28T18:15:31.450646,5779.0375066948045,4471.910811243832,-39.296392713977994,0.8236493682119075,-0.9256772991174076,-7.300797966256195,37906U
2025-06-28T18:16:31.450646,5817.801166552069,4408.1807452905705,-477.0049842392091,0.46824456661211394,-1.1978237467583628,-7.284940694326282,37906U
2025-06-28T18:17:31.450646,5835.215461510019,4328.274340843709,-912.9590432540717,0.11223745026707913,-1.4647290160972166,-7.242376757288536,37906U
2025-06-28T18:18:31.450646,5831.284370684308,4232.535180669139,-1345.5655026131685,-0.24304163924990138,-1.7254317106812347,-7.173433882137533,37906U
2025-06-28T18:19:31.450646,5806.091123896445,4121.3634486480105,-1773.2539476735105,-0.5962822093797168,-1.9790066767158365,-7.078537592604466,37906U
2025-06-28T18:20:31.450646,5759.796848366121,3995.2136572628824,-2194.4823535182572,-0.9461987340970546,-2.2245680528461005,-6.958206908252617,37906U
2025-06-28T18:21:31.450646,5692.638920318667,3854.592203959795,-2607.7425522241815,-1.291535392864567,-2.4612719570455774,-6.813049717465307,37906U
2025-06-28T18:22:31.450646,5604.929045113858,3700.0547783617694,-3011.5654128884767,-1.631070413893387,-2.688318811076028,-6.6437578887514475,37906U
2025-06-28T18:23:31.450646,5497.05109025243,3532.20364205385,-3404.5257210503555,-1.9636200114308198,-2.9049553081263264,-6.451102184021328,37906U
2025-06-28T18:24:31.450646,5369.458695946105,3351.684802099618,-3785.246747964821,-2.2880419134429673,-3.1104760339818047,-6.2359270355638285,37906U
2025-06-28T18:25:31.450646,5222.672687873543,3159.1850986250697,-4152.404503815191,-2.6032384823464407,-3.3042247563190776,-5.999145245505594,37906U
2025-06-28T18:26:31.450646,5057.278316310959,2955.429225741092,-4504.731672365194,-2.9081594372822437,-3.4855954004229983,-5.741732662666839,37906U
2025-06-28T18:27:31.450646,4873.9223450668305,2741.1767038224707,-4841.021227667041,-3.2018041916903988,-3.6540327327177873,-5.464722887104402,37906U
2025-06-28T18:28:31.450646,4673.310012597103,2517.218819745395,-5160.129736251324,-3.483223824587353,-3.8090327759841855,-5.169202047384714,37906U
2025-06-28T18:29:31.450646,4456.201886383007,2284.375550160009,-5460.980350674228,-3.751522707894191,-3.9501429819762826,-4.85630368992427,37906U
2025-06-28T18:30:31.450646,4223.410630156225,2043.4924812676413,-5742.565502388797,-4.00585981539679,-4.076962188372648,-4.527203813711245,37906U
2025-06-28T18:31:31.450646,3975.797701907766,1795.4377369300234,-6003.949303617444,-4.245449741414085,-4.189140387609826,-4.183116077533063,37906U
2025-06-28T18:32:31.450646,3714.269998855775,1541.0989252874285,-6244.269669242107,-4.469563459021025,-4.286378335189969,-3.825287200606824,37906U
2025-06-28T18:33:31.450646,3439.7764637277546,1281.3801124468325,-6462.740170692294,-4.677528848727503,-4.368427024563808,-3.454992571380069,37906U
2025-06-28T18:34:31.450646,3153.3046648591553,1017.1988302330243,-6658.651634429675,-4.868731028901405,-4.435087054722096,-3.0735320733275238,37906U
2025-06-28T18:35:31.450646,2855.8773607792355,749.4831235185833,-6831.37349790117,-5.04261251896837,-4.486207915228176,-2.6822261309357307,37906U
2025-06-28T18:36:31.450646,2548.5490581641907,479.1686412674962,-6980.354935802005,-5.198673265589783,-4.521687211655712,-2.2824119737998796,37906U
2025-06-28T18:37:31.450646,2232.4025703253055,207.1957741686175,-7105.125769171798,-5.336470560661771,-4.54146985231277,-1.875440111934023,37906U
2025-06-28T18:38:31.450646,1908.5455817968282,-65.4931593844089,-7205.29716927286,-5.455618878152657,-4.545547214795333,-1.4626710110726797,37906U
2025-06-28T18:39:31.450646,1578.107223099679,-337.9566781941925,-7280.562167408059,-5.555789654574963,-4.5339563083787215,-1.0454719529363157,37906U
2025-06-28T18:40:31.450646,1242.2346584246584,-609.2568540903923,-7330.695980847278,-5.636711035321846,-4.50677894557541,-0.6252140622007686,37906U
2025-06-28T18:41:31.450646,902.0896877972311,-878.4619794104259,-7355.556163889616,-5.698167606259189,-4.464140933416815,-0.20326947924133973,37906U
2025-06-28T18:42:31.450646,558.8453642785388,-1144.6491873595678,-7355.0825918193805,-5.740000126907764,-4.406211292200804,0.21899134436274026,37906U
2025-06-28T18:43:31.450646,213.6826259299795,-1406.9070268296714,-7329.29728415183,-5.762105278334696,-4.333201506631999,0.6402022520833124,37906U
2025-06-28T18:44:31.450646,-132.21305838273102,-1664.3379934558434,-7278.304072140337,-5.764435435555226,-4.245364811506163,1.0590039159240898,37906U
2025-06-28T18:45:31.450646,-477.6550307173693,-1916.0610187251743,-7202.2881140596655,-5.746998470873197,-4.142995511395133,1.4740463229637226,37906U
2025-06-28T18:46:31.450646,-821.4587749697961,-2161.2139188585143,-7101.515260318937,-5.7098575912141305,-4.026428331200692,1.8839912406601396,37906U
2025-06-28T18:47:31.450646,-1162.4452387011277,-2398.9558049336943,-6976.331269022137,-5.653131209169785,-3.8960377920048037,2.287514685930339,37906U
2025-06-28T18:48:31.450646,-1499.444147518354,-2628.4694553548634,-6827.160871204487,-5.576992844221503,-3.7522376043651406,2.683309421877416,37906U
2025-06-28T18:49:31.450646,-1831.297313360947,-2848.9636512684065,-6654.506683663984,-5.481671047482339,-3.595480069128094,3.070087504400443,37906U
2025-06-28T18:50:31.450646,-2156.86193761249,-3059.67547492831,-6458.947966089394,-5.367449340328843,-3.4262554739629323,3.4465828988837863,37906U
2025-06-28T18:51:31.450646,-2475.0139093426465,-3259.8725703034365,-6241.139218093868,-5.2346661545214435,-3.245091472195946,3.811554184700534,37906U
2025-06-28T18:52:31.450646,-2784.651098228669,-3448.8553644278204,-6001.808610810181,-5.083714758869151,-3.052552429151545,4.163787362446561,37906U
2025-06-28T18:53:31.450646,-3084.696640809621,-3625.959247129294,-5741.756246910113,-4.915043155211405,-2.849238720108207,4.502098775672904,37906U
2025-06-28T18:54:31.450646,-3374.1022177009304,-3790.556705844105,-5461.852242298388,-4.7291539244998475,-2.635785963168216,4.825338155439726,37906U
2025-06-28T18:55:31.450646,-3651.8513182636952,-3942.0594112553313,-5163.0346223126035,-4.526604002092044,-2.4128641698314066,5.132391792325432,37906U
2025-06-28T18:56:31.450646,-3916.962487996787,-4079.920248494889,-4846.307025049062,-4.308004360043908,-2.1811767958657824,5.422185836631431,37906U
2025-06-28T18:57:31.450646,-4168.492552608618,-4203.63528763485,-4512.736204455249,-4.0740195732412925,-1.9414596752000055,5.69368972346454,37906U
2025-06-28T18:58:31.450646,-4405.539811373395,-4312.745686194337,-4163.449326068093,-3.825367245649256,-1.694479820011732,5.94591971523377,37906U
2025-06-28T18:59:31.450646,-4627.247190975008,-4406.8395154053715,-3799.631048772524,-3.5628172728207343,-1.4410340709782736,6.177942549888559,37906U
2025-06-28T19:00:31.450646,-4832.805349639902,-4485.553501048093,-3422.520386685491,-3.2871909170919804,-1.1819475827715165,6.3888791790406385,37906U
2025-06-28T19:01:31.450646,-5021.455719968354,-4548.574668794453,-3033.4073462525103,-2.9993596726211837,-0.9180721313230061,6.577908575998198,37906U
2025-06-28T19:02:31.450646,-5192.4934775210495,-4595.641883211451,-2633.629334873307,-2.700243898603357,-0.6502842311464999,6.744271589769929,37906U
2025-06-28T19:03:31.450646,-5345.270420934159,-4626.547268891222,-2224.5673388400164,-2.390811200615254,-0.37948305306558033,6.887274817338293,37906U
2025-06-28T19:04:31.450646,-5479.197748147104,-4641.137501613657,-1807.6418700653564,-2.0720745421004825,-0.10658813503267352,7.006294463024619,37906U
2025-06-28T19:05:31.450646,-5593.748712256392,-4639.314957025371,-1384.3086829974495,-1.7450900704911116,0.16746311867607402,7.1007801506382044,37906U
2025-06-28T19:06:31.450646,-5688.461139594004,-4621.038704056715,-956.054265217193,-1.4109546453342159,0.44171815179831353,7.170258651395959,37906U
2025-06-28T19:07:31.450646,-5762.939791884431,-4586.325330207216,-524.3911074940975,-1.0708030590351427,0.7152121828701846,7.214337488370728,37906U
2025-06-28T19:08:31.450646,-5816.858553791571,-4535.249585925627,-90.85276149840178,-0.7258049443942266,0.9869713402455957,7.232708376540541,37906U
2025-06-28T19:09:31.450646,-5849.962426848268,-4467.944835601707,343.01130411129014,-0.37716136694139524,1.2560159979326797,7.22515045641781,37906U
2025-06-28T19:10:31.450646,-5862.069310681321,-4384.603303180193,775.6410359060885,-0.026101104116253708,1.521364301592561,7.191533278775171,37906U
2025-06-28T19:11:31.450646,-5853.071552623323,-4285.476101106539,1205.4713002661747,0.3261233824764483,1.7820358708414283,7.131819498184511,37906U
2025-06-28T19:12:31.450646,-5822.937247247652,-4170.873032217031,1630.9375417677572,0.6782402712573388,2.037055660885476,7.046067233961896,37906U
2025-06-28T19:13:31.450646,-5771.711268080532,-4041.1621552875104,2050.4815742734745,1.0289629865911494,2.2854579635585046,6.934432058663201,37906U
2025-06-28T19:14:31.450646,-5699.5160147346905,-3896.76910624744,2462.5574811739234,1.3769950675642157,2.5262905250811736,6.797168576488449,37906U
2025-06-28T19:15:31.450646,-5606.551859965863,-3738.176168529911,2865.6375989414923,1.7210352767792452,2.758618755382626,6.6346315567907235,37906U
2025-06-28T19:16:31.450646,-5493.097282665282,-3565.9210876520483,3258.2185560529942,2.0597829225910886,2.981530001654681,6.447276591302518,37906U
2025-06-28T19:17:31.450646,-5359.508674551194,-3380.5956268773707,3638.8273374731066,2.391943364796093,3.194137856998658,6.235660247621836,37906U
2025-06-28T19:18:31.450646,-5206.219810284109,-3182.84386267481,4006.0273432996623,2.7162336707615666,3.395586473605308,6.0004396958600585,37906U
2025-06-28T19:19:31.450646,-5033.740972881973,-2973.3602206391834,4358.424408865856,3.031388386376538,3.585054848889978,5.742371790063848,37906U
2025-06-28T19:20:31.450646,-4842.65772861351,-2752.8872545330164,4694.672752623475,3.3361653840817356,3.761761052411962,5.462311590974144,37906U
2025-06-28T19:21:31.450646,-4633.629347973546,-2522.213173132406,5013.480817482019,3.6293517485942126,3.924966361219788,5.161210321790038,37906U
2025-06-28T19:22:31.450646,-4407.386871849059,-2282.1691215687338,5313.6169709815285,3.9097696598070306,4.073979271479149,4.84011275375078,37906U
2025-06-28T19:23:31.450646,-4164.730824542068,-2033.6262258379245,5593.915029708681,4.176282231687932,4.208159354818504,4.500154023456955,37906U
2025-06-28T19:24:31.450646,-3906.5285778782195,-1777.4924110597806,5853.279573739983,4.427799265818641,4.326920928743422,4.1425558888200005,37906U
2025-06-28T19:25:31.450646,-3633.7113731750783,-1514.7090059018255,6090.691017577756,4.663282878452226,4.429736511669873,3.768622435302616,37906U
2025-06-28T19:26:31.450646,-3347.2710103408604,-1246.2471473135313,6305.210405020567,4.881752960578775,4.516140034564545,3.37973524863598,37906U
2025-06-28T19:27:31.450646,-3048.256215786444,-973.1040013231542,6495.983896664179,5.08229243143254,4.585729782810416,2.9773480744230922,37906U
2025-06-28T19:28:31.450646,-2737.768703162516,-696.298817142569,6662.246920212825,5.264052247068134,4.6381710436806785,2.5629809889781994,37906U
2025-06-28T19:29:31.450646,-2416.958943144343,-416.86883317878375,6803.327955488668,5.4262561270448,4.673198436672016,2.1382141093867504,37906U
2025-06-28T19:30:31.450646,-2087.0216605829924,-135.86505477622197,6918.651927918886,5.568204963822366,4.690617905878872,1.7046808741412511,37906U
2025-06-28T19:31:31.450646,-1749.1910793181178,145.65207538906589,7007.743186336332,5.68928088115491,4.69030835556406,1.2640609288518707,37906U
2025-06-28T19:32:31.450646,-1404.73593679597,426.6170923757251,7070.228043134393,5.788950909546254,4.672222912088965,0.8180726544852308,37906U
2025-06-28T19:33:31.450646,-1054.9542923733843,705.9639867645152,7105.836857151186,5.8667702486896305,4.63638979741159,0.3684653784196165,37906U
2025-06-28T19:34:31.450646,-701.168154801717,982.6307216987881,7114.405642120663,5.922385088769047,4.582912801461816,-0.08298868865162078,37906U
2025-06-28T19:35:31.450646,-344.7179558881981,1255.5637650926742,7095.877186112339,5.955534964572129,4.511971342887908,-0.5345027442314495,37906U
2025-06-28T19:36:31.450646,13.043101279407015,1523.7226124206124,7050.301670091591,5.96605461859839,4.423820109974441,-0.9842838655260775,37906U
2025-06-28T19:37:31.450646,370.7547898822656,1786.0842751160194,6977.836776575575,5.953875351795811,4.3187882760024365,-1.4305416098594508,37906U
2025-06-28T19:38:31.450646,727.055671891409,2041.6477093568885,6878.747282342131,5.919025843284346,4.197278285996708,-1.8714966902973849,37906U
2025-06-28T19:39:31.450646,1080.5889437425526,2289.4381598948894,6753.404132278781,5.861632423487321,4.059764214725256,-2.3053896702511505,37906U
2025-06-28T19:40:31.450646,1430.008282505449,2528.5113936296507,6602.282994737901,5.781918788550122,3.906789699002805,-2.7304896184896963,37906U
2025-06-28T19:41:31.450646,1773.983659222004,2757.957797843408,6425.962302193013,5.680205147823208,3.7389654508236636,-3.1451026639142,37906U
2025-06-28T19:42:31.450646,2111.207085643122,2976.9063184266824,6225.120784557923,5.556906800551161,3.556966361598212,-3.547580387781531,37906U
2025-06-28T19:43:31.450646,2440.398260400548,3184.5282140610916,6000.534506214784,5.412532142742089,3.3615282117662155,-3.936327989933656,37906U
2025-06-28T19:44:31.450646,2760.3100807336677,3380.04060319625,5753.07342157491,5.2476801104715864,3.1534440042642973,-4.309812165129007,37906U
2025-06-28T19:45:31.450646,3069.733986306249,3562.709781794811,5483.697467814152,5.063037071540648,2.9335599446520138,-4.666568625939124,37906U
2025-06-28T19:46:31.450646,3367.505102398405,3731.8542912179546,5193.452217245805,4.859373183381256,2.7027710950728365,-5.005209209959627,37906U
2025-06-28T19:47:31.450646,3652.5071508951205,3886.8477173058095,4883.4641155401405,4.637538241263117,2.462016733518657,-5.324428511417164,37906U
2025-06-28T19:48:31.450646,3923.6770990094737,4027.121203657199,4554.93533561415,4.398457047069856,2.2122754539694793,-5.623009980674792,37906U
2025-06-28T19:49:31.450646,4180.0095175960705,4152.165664328254,4209.138280412783,4.143124335018109,1.954560046756475,-5.899831439690278,37906U
2025-06-28T19:50:31.450646,4420.560623212714,4261.5336836227025,3847.4097709144276,3.8725992965240885,1.6899122018236508,-6.1538699671382044,37906U
2025-06-28T19:51:31.450646,4644.451980762545,4354.841093310632,3471.1449584384477,3.5879997518018043,1.4193970803160307,-6.384206113612111,37906U
2025-06-28T19:52:31.450646,4850.873846565127,4431.768220448151,3081.791002635831,3.290496020532272,1.1440978019872627,-6.5900274149724005,37906U
2025-06-28T19:53:31.450646,5039.088135008576,4492.060801925081,2680.840558359197,2.981304547929356,0.8651098972192546,-6.770631180340791,37906U
2025-06-28T19:54:31.450646,5208.430995488505,4535.53056489637,2269.825115859808,2.661681345590798,0.5835357728955707,-6.925426540296788,37906U
2025-06-28T19:55:31.450646,5358.314990060815,4562.055475289806,1850.3082394374587,2.3329153085753416,0.30047924095066086,-7.0539357502764,37906U
2025-06-28T19:56:31.450646,5488.230866071999,4571.57965957478,1423.8787497210797,1.9963214710884716,0.017040157095650453,-7.155794753794721,37906U
2025-06-28T19:57:31.450646,5597.748921890107,4564.113007859516,992.1438942112599,1.6532342629751187,-0.26569078495802584,-7.230753019655507,37906U
2025-06-28T19:58:31.450646,5686.519967678315,4539.730469104759,556.7225495597105,1.305000827887535,-0.5466370614609498,-7.278672676545882,37906U
2025-06-28T19:59:31.450646,5754.275886851668,4498.571051745452,119.23849732584087,0.9529744615564838,-0.824741090210516,-7.299526977109232,37906U
2025-06-28T20:00:31.450646,5800.829807360654,4440.83654525367,-318.6861872996016,0.5985082251286094,-1.0989687315840206,-7.293398131532586,37906U
2025-06-28T20:01:31.450646,5826.075895196068,4366.789980116997,-755.4375970528479,0.24294878411891918,-1.3683134897746057,-7.260474557700138,37906U
2025-06-28T20:02:31.450646,5829.988785443843,4276.753845317955,-1189.4162708170672,-0.11236948168578031,-1.6318003903035336,-7.20104760089791,37906U
2025-06-28T20:03:31.450646,5812.622668794612,4171.108083662687,-1619.0432583441914,-0.46613005791320067,-1.8884895154629806,-7.115507780798037,37906U
2025-06-28T20:04:31.450646,5774.110053593421,4050.287886208726,-2042.7659450297037,-0.8170395318035871,-2.137479185046559,-7.004340626930384,37906U
2025-06-28T20:05:31.450646,5714.660225275537,3914.7813075841823,-2459.063614156131,-1.1638324585488355,-2.3779087754047454,-6.86812216603286,37906U
2025-06-28T20:06:31.450646,5634.5574263646795,3765.1267241831356,-2866.4527279588947,-1.5052758382692308,-2.608961175391498,-6.707514125567794,37906U
2025-06-28T20:07:31.450646,5534.158781106559,3601.910157076023,-3263.491912811403,-1.8401731909976948,-2.8298648830352637,-6.523258917337589,37906U
2025-06-28T20:08:31.450646,5413.891989286072,3425.762481022203,-3648.786637670984,-2.167368223743235,-3.0398957516514256,-6.316174463608796,37906U
2025-06-28T20:09:31.450646,5274.252813846197,3237.3565402335694,-4020.9935786347532,-2.485748090120923,-3.2383783985442673,-6.087148925551976,37906U
2025-06-28T20:10:31.450646,5115.80238662243,3037.4041905582812,-4378.824665934761,-2.7942462490177347,-3.4246872933382613,-5.837135390255651,37906U
2025-06-28T20:11:31.450646,4939.164355859063,2826.6532865620843,-4721.050812924517,-3.0918449342266485,-3.598247546292497,-5.567146568206839,37906U
2025-06-28T20:12:31.450646,4745.021898220863,2605.8846306209048,-5046.505329526676,-3.377577251838884,-3.7585354196517646,-5.278249548093596,37906U
2025-06-28T20:13:31.450646,4534.114616805515,2375.908899651273,-5354.087025178848,-3.6505289263633816,-3.905078587151917,-4.971560650239948,37906U
2025-06-28T20:14:31.450646,4307.235345233433,2137.5635635206777,-5642.763008534883,-3.9098397200252353,-4.037456168239782,-4.648240414064011,37906U
2025-06-28T20:15:31.450646,4065.2268762971166,1891.7098075484207,-5911.571193016756,-4.154704552441257,-4.15529856439294,-4.309488748818669,37906U
2025-06-28T20:16:31.450646,3808.9786319297073,1639.2294698555665,-6159.6225187811915,-4.38437434989354,-4.258287125168675,-3.9565402706559114,37906U
2025-06-28T20:17:31.450646,3539.423289455189,1381.0220026933277,-6386.102902754989,-4.598156654722536,-4.3461536713059745,-3.5906598428930123,37906U
2025-06-28T20:18:31.450646,3257.5333772410904,1118.0014652907996,-6590.274929131469,-4.7954160259818925,-4.418679901403073,-3.2131383303491057,37906U
2025-06-28T20:19:31.450646,2964.317851034976,851.093554250029,-6771.479293112521,-4.975574262466528,-4.475696707441946,-2.8252885728760906,37906U
2025-06-28T20:20:31.450646,2660.81866046399,581.2326761012648,-6929.1360107518785,-5.138110478594503,-4.517083422788401,-2.428441577814133,37906U
2025-06-28T20:21:31.450646,2348.1073134379026,309.3590653273379,-7062.745407535899,-5.28256106245055,-4.5427670243208045,-2.0239429261220034,37906U
2025-06-28T20:22:31.450646,2027.2814445529023,36.415949993476126,-7171.888897852118,-5.408519543639852,-4.552721308088522,-1.6131493824295629,37906U
2025-06-28T20:23:31.450646,1699.4613920688482,-236.65323391161382,-7256.229566776054,-5.515636396518018,-4.546966055430688,-1.1974256952755364,37906U
2025-06-28T20:24:31.450646,1365.7867866441575,-508.9075791991504,-7315.51256468546,-5.603618801920653,-4.525566203852513,-0.7781415703561904,37906U
2025-06-28T20:25:31.450646,1027.4131537800652,-779.411395768107,-7349.565324120325,-5.672230387774167,-4.488631034211835,-0.3566687967432275,37906U
2025-06-28T20:26:31.450646,685.5085308568736,-1047.2368515253265,-7358.297607079655,-5.721290965991238,-4.436313382962923,0.06562149626428934,37906U
2025-06-28T20:27:31.450646,341.2500987541396,-1311.4665674125977,-7341.701389613769,-5.75067627989571,-4.368808885382489,0.48736147570137756,37906U
2025-06-28T20:28:31.450646,-4.179172662620354,-1571.1961682655703,-7299.850589165158,-5.760317773139979,-4.2863552529071525,0.9071891601003909,37906U
2025-06-28T20:29:31.450646,-349.59386642908197,-1825.5367913253997,-7232.900638662642,-5.750202387725135,-4.1892315849800905,1.3237509190249273,37906U
2025-06-28T20:30:31.450646,-693.8094493216074,-2073.617554173331,-7141.087909910637,-5.720372395359069,-4.077757713171345,1.7357039427832066,37906U
2025-06-28T20:31:31.450646,-1035.6455933736618,-2314.587983661341,-7024.728987366969,-5.670925263037106,-3.952293572834745,2.1417187076401483,37906U
2025-06-28T20:32:31.450646,-1373.929489761605,-2547.620407084987,-6884.219791994514,-5.602013550446652,-3.813238595220772,2.5404814608654727,37906U
2025-06-28T20:33:31.450646,-1707.499156537907,-2771.9123063897946,-6720.03455352976,-5.513844833622177,-3.6610311108064812,2.9306967484966577,37906U
2025-06-28T20:34:31.450646,-2035.2067413052323,-2986.6886356344353,-6532.724628258065,-5.406681646247445,-3.496147752652936,3.3110900067962348,37906U
2025-06-28T20:35:31.450646,-2355.9218193701827,-3191.2041012579925,-6322.917158247062,-5.280841427155873,-3.319102846882178,3.6804102360642186,37906U
2025-06-28T20:36:31.450646,-2668.534687213869,-3384.7454039362265,-6091.313566981682,-5.13669645994869,-3.130447775893266,4.037432772777408,37906U
2025-06-28T20:37:31.450646,-2971.9596502638265,-3566.6334399653497,-5838.68788549288,-4.9746737882694445,-2.9307702987346813,4.380962172985367,37906U
2025-06-28T20:38:31.450646,-3265.1383029704953,-3736.2254592019776,-5565.884902393095,-4.795255088172886,-2.720693812130863,4.709835216547,37906U
2025-06-28T20:39:31.450646,-3547.042798095391,-3892.9171756291166,-5273.818130740025,-4.598976477233563,-2.5008765350374826,5.0229240381823175,37906U
2025-06-28T20:40:31.450646,-3816.679100918238,-4036.1448256224458,-4963.467584366182,-4.386428238586308,-2.2720105992886865,5.3191393874784145,37906U
2025-06-28T20:41:31.450646,-4073.0902227873266,-4165.387167978286,-4635.877356247455,-4.15825443700171,-2.034821028909466,5.597434015978843,37906U
2025-06-28T20:42:31.450646,-4315.359427096732,-4280.167418754249,-4292.152991643241,-3.915152403393917,-1.790064590998971,5.85680618535775,37906U
2025-06-28T20:43:31.450646,-4542.613399381247,-4380.055112976467,-3933.4586491496552,-3.657872063867368,-1.5385285017637198,6.096303286473238,37906U
2025-06-28T20:44:31.450646,-4754.025371817877,-4464.667884312649,-3561.0140434506798,-3.3872150895365096,-1.2810289722776118,6.315025554888334,37906U
2025-06-28T20:45:31.450646,-4948.818191018086,-4533.673152908735,-3176.0911644513876,-3.104033843923832,-1.018409579879777,6.51212986428675,37906U
2025-06-28T20:46:31.450646,-5126.267316624749,-4586.789710764083,-2780.010768620679,-2.8092301057563063,-0.7515394527741897,6.6868335751713985,37906U
2025-06-28T20:47:31.450646,-5285.703736913952,-4623.789193293343,-2374.1386397573515,-2.503753546443069,-0.4813112573570985,6.838418412380295,37906U
2025-06-28T20:48:31.450646,-5426.516786371183,-4644.497425112184,-1959.8816180175725,-2.188599943425194,-0.208638980052325,6.966234341356113,37906U
2025-06-28T20:49:31.450646,-5548.156849096106,-4648.795627608884,-1538.683397882512,-1.8648091129227347,0.06554450204991957,7.069703409836264,37906U
2025-06-28T20:50:31.450646,-5650.13793091343,-4636.621475540248,-1112.0200977888876,-1.5334625483469175,0.3402900647058227,7.148323518755245,37906U
2025-06-28T20:51:31.450646,-5732.040082255014,-4607.969989735591,-681.3956063803505,-1.1956807537746972,0.6146351941855679,7.201672083735267,37906U
2025-06-28T20:52:31.450646,-5793.51165326466,-4562.894253020324,-248.33671270335327,-0.8526202653337178,0.8876070560096091,7.229409546653753,37906U
2025-06-28T20:53:31.450646,-5834.2713621706025,-4501.505936691737,185.6119698143621,-0.5054703571083654,1.158225768457275,7.23128269545883,37906U
2025-06-28T20:54:31.450646,-5854.110157807027,-4423.975625302013,618.8932731928555,-0.15544943215198806,1.425507871310334,7.207127749714162,37906U
2025-06-28T20:55:31.450646,-5852.892857249722,-4330.53292813165,1049.942923492518,0.1961988966534751,1.6884699770509408,7.156873169315849,37906U
2025-06-28T20:56:31.450646,-5830.559539881664,-4221.466366571821,1477.1951504967883,0.5482100269025598,1.9461325885643688,7.080542144463958,37906U
2025-06-28T20:57:31.450646,-5787.126679826697,-4097.1230276700235,1899.088438232193,0.8993028748877452,2.197524064362744,6.9782547262909365,37906U
2025-06-28T20:58:31.450646,-5722.6879995852405,-3957.907975324986,2314.0713935750045,1.2481846542840422,2.4416847094979444,6.850229559540174,37906U
2025-06-28T20:59:31.450646,-5637.415028873114,-3804.28341203003,2720.6087078337764,1.5935559037824856,2.6776709677338935,6.69678518132383,37906U
2025-06-28T21:00:31.450646,-5531.557354090204,-3636.7675856377787,3117.187184028297,1.9341157383285061,2.9045596882573053,6.5183408532207165,37906U
2025-06-28T21:01:31.450646,-5405.442545518944,-3455.9334373429906,3502.321800616376,2.2685672950684204,3.12145243824709,6.3154168977526695,37906U
2025-06-28T21:02:31.450646,-5259.475751246067,-3262.406988915091,3874.5617807337903,2.595623341936758,3.3274798310589038,6.0886345145136875,37906U
2025-06-28T21:03:31.450646,-5094.13894889482,-3056.865469145466,4232.496634595644,2.914012014046294,3.521805838610945,5.838715055847812,37906U
2025-06-28T21:04:31.450646,-4909.98984851072,-2840.0351814630776,4574.762141622394,3.2224826407469016,3.703632055815069,5.56647874686954,37906U
2025-06-28T21:05:31.450646,-4707.660442339663,-2612.689116703272,4900.046238080171,3.519811624393505,3.872201884562814,5.272842839713737,37906U
2025-06-28T21:06:31.450646,-4487.855199718408,-2375.6443170336615,5207.094775619165,3.8048083305615474,4.026804604862748,4.958819197061181,37906U
2025-06-28T21:07:31.450646,-4251.34890785041,-2129.7589990488104,5494.7171160032085,4.0763209486184,4.166779301180333,4.625511305148719,37906U
2025-06-28T21:08:31.450646,-3998.984161807587,-1875.929445988464,5761.791527589984,4.3332422812243,4.291518612846549,4.274110721519247,37906U
2025-06-28T21:09:31.450646,-3731.6685096586725,-1615.0866809039987,6007.270349702022,4.5745154214372485,4.400472278517783,3.9058929676381315,37906U
2025-06-28T21:10:31.450646,-3450.3712611448855,-1348.1929343723036,6230.184891912117,4.799139276594305,4.493150446044415,3.522212881137288,37906U
2025-06-28T21:11:31.450646,-3156.1199707741152,-1076.2379220158687,6429.650036433253,5.006173898986731,4.569126720689426,3.1244994467992826,37906U
2025-06-28T21:12:31.450646,-2849.996608562169,-800.2349486212788,6604.868513222658,5.194745584479005,4.628040926381178,2.7142501294400674,37906U
2025-06-28T21:13:31.450646,-2533.13343391117,-521.2168570604476,6755.134819047258,5.364051701575812,4.669601556537571,2.2930247356065623,37906U
2025-06-28T21:14:31.450646,-2206.7085902470885,-240.23184148596062,6879.838753602543,5.5133652149804675,4.693587892932226,1.8624388344616634,37906U
2025-06-28T21:15:31.450646,-1871.941440057831,41.660854583747565,6978.46854778619,5.642038869351233,4.699851773052151,1.4241567714498329,37906U
2025-06-28T21:16:31.450646,-1530.0876618678878,323.3953336594496,7050.613561391775,5.74950900072731,4.6883189884116465,0.9798843113507452,37906U
2025-06-28T21:17:31.450646,-1182.4341324528102,603.903510641029,7095.9665297900465,5.835298944948966,4.6589902983360805,0.5313609501831325,37906U
2025-06-28T21:18:31.450646,-830.293619251874,882.119626854938,7114.325341590561,5.899022014332233,4.611942045823777,0.08035193818185249,37906U
2025-06-28T21:19:31.450646,-474.99930947579077,1156.9847878274709,7105.594331826264,5.940384015903071,4.547326364260498,-0.3713599412288761,37906U
2025-06-28T21:20:31.450646,-117.89920382300316,1427.4515003188203,7069.785077876709,5.959185286683926,4.465370966031657,-0.8219827888831591,37906U
2025-06-28T21:21:31.450646,239.64959596575736,1692.4881837151613,7007.016688145712,5.955322223903097,4.366378506495419,-1.2697241535001056,37906U
