timestamp,x_km,y_km,z_km,vx_km_s,vy_km_s,vz_km_s,name
2025-06-28T23:24:21.975829,6775.749116598124,-1975.180847614572,-0.005291178092015817,-0.3342196822877454,-1.123210678953005,7.427839596166046,42407U
2025-06-28T23:25:21.975829,6741.8671578462445,-2038.4928555917077,445.36143343589333,-0.7948089593600399,-0.986451635866333,7.412624111827797,42407U
2025-06-28T23:26:21.975829,6680.436128641393,-2093.4750396725963,888.9034339272263,-1.2522030412729266,-0.8456457971267658,7.367035203522785,42407U
2025-06-28T23:27:21.975829,6591.704627445403,-2139.9019673840758,1328.803163812806,-1.7045084682651241,-0.701375158112685,7.291256625188307,42407U
2025-06-28T23:28:21.975829,6476.034258749086,-2177.5835807322287,1763.2579567558826,-2.149853342259821,-0.5542364104151194,7.1856004623466365,42407U
2025-06-28T23:29:21.975829,6333.898083485323,-2206.365996542231,2190.4876844267606,-2.58639583420456,-0.4048382110587637,7.0505055955542035,42407U
2025-06-28T23:30:21.975829,6165.878564514912,-2226.1321412394864,2608.7423018321397,-3.0123324915319145,-0.25379839974259405,6.886535488682916,42407U
2025-06-28T23:31:21.975829,5972.6650209942345,-2236.8022175972787,3016.309240305354,-3.4259062860062013,-0.1017411858148724,6.694375328330721,42407U
2025-06-28T23:32:21.975829,5755.05060888443,-2238.3340022776833,3411.520610155636,-3.8254143472445397,0.05070567355987127,6.474828548040897,42407U
2025-06-28T23:33:21.975829,5513.928847980239,-2230.7229742646064,3792.7601771972945,-4.2092153332015965,0.20291368328505477,6.22881277742045,42407U
2025-06-28T23:34:21.975829,5250.289718567362,-2214.0022755062937,4158.470079958553,-4.5757363956871675,0.35425638862551956,5.957355261520689,42407U
2025-06-28T23:35:21.975829,4965.215353122873,-2188.242506223611,4507.157257227266,-4.923479706313019,0.5041121037484557,5.661587799855872,42407U
2025-06-28T23:36:21.975829,4659.875350326058,-2153.551358381105,4837.399558650946,-5.2510285159010115,0.6518665741394738,5.342741257110387,42407U
2025-06-28T23:37:21.975829,4335.521740017023,-2110.073091740336,5147.8515143066,-5.557052728096924,0.7969155585607498,5.002139698871603,42407U
2025-06-28T23:38:21.975829,3993.4836287293065,-2057.987857718457,5437.249742311779,-5.840313975380457,0.9386673183864448,4.641194205746007,42407U
2025-06-28T23:39:21.975829,3635.1615557803193,-1997.5108769199257,5704.41797685211,-6.09967019287514,1.0765450044940192,4.261396417758478,42407U
2025-06-28T23:40:21.975829,3262.02159016782,-1928.8914767560334,5948.271701879024,-6.334079691635157,1.2099889340957635,3.8643118586397422,42407U
2025-06-28T23:41:21.975829,2875.5891979742105,-1852.411995912872,6167.822378823799,-6.542604738929355,1.338458752218284,3.451573085828373,42407U
2025-06-28T23:42:21.975829,2477.4429097230372,-1768.3865627416849,6362.181259053436,-6.724414657453595,1.4614354744758353,3.024872708041069,42407U
2025-06-28T23:43:21.975829,2069.2078159025064,-1677.1597547153542,6530.562774417537,-6.878788459244419,1.5784234097815721,2.5859563069089933,42407U
2025-06-28T23:44:21.975829,1652.548918141847,-1579.1051461805316,6672.287501066797,-7.0051170323003005,1.6889519631147352,2.13661529416141,42407U
2025-06-28T23:45:21.975829,1229.1643622359884,-1474.6237515550677,6786.78469354142,-7.102904899289122,1.7925773197871062,1.6786797301976148,42407U
2025-06-28T23:46:21.975829,800.7785780795497,-1364.1423710094361,6873.59438747948,-7.171771567823443,1.888884013557527,1.2140111245513288,42407U
2025-06-28T23:47:21.975829,369.13535041337997,-1248.1118455068795,6932.369070365429,-7.211452490854853,1.977486381502887,0.7444952336860285,42407U
2025-06-28T23:48:21.975829,-64.00915677717892,-1127.0052278924472,6962.874920515142,-7.221799653850175,2.0580299087462426,0.27203486703569774,42407U
2025-06-28T23:49:21.975829,-496.8934002953426,-1001.3158765364345,6964.99261501909,-7.202781802717971,2.1301924659816796,-0.20145729159839107,42407U
2025-06-28T23:50:21.975829,-927.7574610187429,-871.555477873581,6938.71770768763,-7.154484323132776,2.1936854422490577,-0.6740658431178982,42407U
2025-06-28T23:51:21.975829,-1354.8500297830576,-738.2520040538853,6884.160578218989,-7.0771087781573465,2.2482547746409582,-1.1438798104394194,42407U
2025-06-28T23:52:21.975829,-1776.4353554942966,-601.94761185082,6801.54595390308,-6.970972107106687,2.2936818756185935,-1.6089997527194588,42407U
2025-06-28T23:53:21.975829,-2190.8001351508105,-463.1964889680691,6691.212005247312,-6.836505484653148,2.3297844574361553,-2.067544854988204,42407U
2025-06-28T23:54:21.975829,-2596.2603252708545,-322.5626539573802,6553.60901702913,-6.674252835458933,2.356417251889155,-2.517659990453753,42407U
2025-06-28T23:55:21.975829,-2991.167853826831,-180.61771610979446,6389.29763650535,-6.484868996348603,2.3734726222851097,-2.9575227505166066,42407U
2025-06-28T23:56:21.975829,-3373.917211214345,-37.938601911301234,6198.9467008972815,-6.269117515388831,2.3808810632548743,-3.385350434430108,42407U
2025-06-28T23:57:21.975829,-3742.9518980762264,104.89474504373268,5983.330646871529,-6.027868075386911,2.37861158285272,-3.7994069866999385,42407U
2025-06-28T23:58:21.975829,-4096.770707010337,247.301683419781,5743.326505588685,-5.762093528384544,2.366671960397805,-4.198009865909811,42407U
2025-06-28T23:59:21.975829,-4433.933814377374,388.7032051069896,5479.910488021539,-5.472866527797856,2.3451088727493548,-4.579536823894099,42407U
2025-06-29T00:00:21.975829,-4753.068657646758,528.5242696484312,5194.154166668942,-5.161355745994606,2.3140078812320453,-4.942432569260126,42407U
2025-06-29T00:01:21.975829,-5052.875573048962,666.1961335145807,4887.2202615080505,-4.828821667306345,2.273493271277032,-5.285215284426966,42407U
2025-06-29T00:02:21.975829,-5332.1331677951,801.1586651375893,4560.358040029222,-4.476611949719514,2.223727737042423,-5.606482960807648,42407U
2025-06-29T00:03:21.975829,-5589.7034008475575,932.8626361696321,4214.898343453984,-4.106156352691149,2.1649119038395463,-5.904919512740682,42407U
2025-06-29T00:04:21.975829,-5824.53634622697,1060.7719790256021,3852.2482537136207,-3.718961233582129,2.0972836821151573,-6.179300627465736,42407U
2025-06-29T00:05:21.975829,-6035.67461316898,1184.3660004335813,3473.885418413761,-3.3166036209421375,2.021117448010769,-6.4284993060122835,42407U
2025-06-29T00:06:21.975829,-6222.257398135359,1303.1415404664042,3081.3520537710483,-2.9007248791372677,1.9367230471090309,-6.651491048470708,42407U
2025-06-29T00:07:21.975829,-6383.524144763006,1416.6150663834464,2676.248648313343,-2.4730239853799074,1.844444619842385,-6.847358636848158,42407U
2025-06-29T00:08:21.975829,-6518.817789308448,1524.324690584203,2260.2273929229013,-2.0352504468955424,1.7446592491298427,-7.015296469635926,42407U
2025-06-29T00:09:21.975829,-6627.58757101994,1625.8321020814985,1834.9853654903325,-1.589196892509214,1.6377754330620664,-7.1546144043599185,42407U
2025-06-29T00:10:21.975829,-6709.391389124615,1720.7244011453786,1402.2575009690377,-1.1366913791427233,1.5242313878051101,-7.264741067723687,42407U
2025-06-29T00:11:21.975829,-6763.897690728391,1808.615827154049,963.8093799059222,-0.6795894593708224,1.4044931882684655,-7.345226597420782,42407U
2025-06-29T00:12:21.975829,-6790.886876852314,1889.1493702149357,521.4298705073555,-0.2197660610951168,1.2790527564087535,-7.395744785185391,42407U
2025-06-29T00:13:21.975829,-6790.252217019783,1961.9982577808094,76.9236609251693,0.24089276560880868,1.1484257092449004,-7.416094597024057,42407U
2025-06-29T00:14:21.975829,-6762.000266205529,2026.8673082740436,-367.8962803317345,0.7004981764715565,1.0131490806749304,-7.4062010536538185,42407U
2025-06-29T00:15:21.975829,-6706.250781492862,2083.4941446326716,-811.2162771752595,1.1571668760507212,0.8737789329459288,-7.366115461764404,42407U
2025-06-29T00:16:21.975829,-6623.236139389104,2131.6502616884186,-1251.2295129048944,1.6090294154387212,0.7308878750832463,-7.2960149946072725,42407U
2025-06-29T00:17:21.975829,-6513.300258346494,2171.141942358879,-1686.1435525224267,2.0542383849822508,0.5850625066882639,-7.196201628365276,42407U
2025-06-29T00:18:21.975829,-6376.897034553721,2201.811018762106,-2114.187782182743,2.4909764442408515,0.43690080623430716,-7.0671004485441005,42407U
2025-06-29T00:19:21.975829,-6214.588302429661,2223.5354755184335,-2533.620728653097,2.917464134483073,0.28700948330757636,-6.909257348026787,42407U
2025-06-29T00:20:21.975829,-6027.041334400174,2236.2298936662482,-2942.7372231600407,3.3319674231570224,0.13600131414914274,-6.723336145236051,42407U
2025-06-29T00:21:21.975829,-5815.025897410879,2239.8457347631797,-3339.8753758928365,3.732804934846674,-0.015507520637744444,-6.510115156866278,42407U
2025-06-29T00:22:21.975829,-5579.410886173493,2234.3714658470344,-3723.423329650999,4.118354829071197,-0.16690007822193473,-6.270483264717759,42407U
2025-06-29T00:23:21.975829,-5321.160555320444,2219.832526970679,-4091.8257636129283,4.487061291715639,-0.3175612587443529,-6.0054355201599945,42407U
2025-06-29T00:24:21.975829,-5041.330374423621,2196.291143983524,-4443.590120893175,4.83744061369014,-0.46688035832624847,-5.7160683325789154,42407U
2025-06-29T00:25:21.975829,-4741.0625311999065,2163.845990091439,-4777.292536381822,5.168086837390059,-0.6142535563947398,-5.403574289769481,42407U
2025-06-29T00:26:21.975829,-4421.581109208582,2122.63170047892,-5091.583444212169,5.477676958417422,-0.7590863257715744,-5.069236658646279,42407U
2025-06-29T00:27:21.975829,-4084.1869668018385,2072.818244894987,-5385.192847169681,5.76497567676747,-0.9007957560824257,-4.714423613733472,42407U
2025-06-29T00:28:21.975829,-3730.252344450464,2014.6101636313858,-5656.935232940598,6.028839697659599,-1.0388127830668659,-4.340582239161521,42407U
2025-06-29T00:29:21.975829,-3361.215227128906,1948.2456726685252,-5905.714125001013,6.268221587968844,-1.1725843185767055,-3.9492323466817862,42407U
2025-06-29T00:30:21.975829,-2978.573488236759,1873.995644059791,-6130.526258126088,6.48217319866323,-1.3015752779224856,-3.541960148686422,42407U
2025-06-29T00:31:21.975829,-2583.878840516922,1792.1624677246118,-6330.465370920788,6.669848667641612,-1.4252705031760424,-3.1204118204155917,42407U
2025-06-29T00:32:21.975829,-2178.730618767866,1703.0788009057499,-6504.725609480636,6.830507019903691,-1.5431765825501103,-2.6862869808057575,42407U
2025-06-29T00:33:21.975829,-1764.7694178874358,1607.1062114643908,-6652.604538035631,6.96351438376717,-1.6548235673987226,-2.241332115919712,42407U
2025-06-29T00:34:21.975829,-1343.6706087568632,1504.633721084297,-6773.505753642234,7.068345842320777,-1.759766589384551,-1.78733396362727,42407U
2025-06-29T00:35:21.975829,-917.1377533179609,1396.0762542802293,-6866.941102975641,7.144586938787345,-1.857587381072282,-1.3261128729452643,42407U
2025-06-29T00:36:21.975829,-486.8959391311003,1281.872998903366,-6932.532499938453,7.191934852923514,-1.9478957035567739,-0.8595161465729348,42407U
2025-06-29T00:37:21.975829,-54.68505275225659,1162.485683622744,-6970.0133431933045,7.210199263126729,-2.0303306847299174,-0.3894113708366711,42407U
2025-06-29T00:38:21.975829,377.74698951453826,1038.3967776581621,-6979.229532882448,7.199302905689463,-2.1045620714409625,0.08232026633693768,42407U
2025-06-29T00:39:21.975829,808.6510355056276,910.1076178662083,-6960.1400857632125,7.159281838798543,-2.1702913981350287,0.5537906715207783,42407U
2025-06-29T00:40:21.975829,1236.2834980758028,778.1364681550925,-6912.817347820526,7.090285414610156,-2.2272530735992144,1.0231115597913327,42407U
2025-06-29T00:41:21.975829,1658.9131453853563,643.0165161420394,-6837.4468031764245,6.992575958243393,-2.2752153862503373,1.4884011911308193,42407U
2025-06-29T00:42:21.975829,2074.8278628218654,505.2938119805156,-6734.326477867056,6.866528148038041,-2.313981427020783,1.9477911332819593,42407U
2025-06-29T00:43:21.975829,2482.34136832275,365.52515438455004,-6603.865936864928,6.712628087132701,-2.3433899274004824,2.3994330535668587,42407U
2025-06-29T00:44:21.975829,2879.7998621642505,224.27592906719048,-6446.584872652572,6.531472052545485,-2.363316008643008,2.841505539589022,42407U
2025-06-29T00:45:21.975829,3265.588591366249,82.11790509234804,-6263.111283763863,6.323764904678304,-2.3736718366134246,3.272220945176915,42407U
2025-06-29T00:46:21.975829,3638.138307773493,-60.373004989946395,-6054.179242054807,6.090318137693728,-2.37440717531676,3.689832253526807,42407U
2025-06-29T00:47:21.975829,3995.9315976631437,-202.61901490229891,-5820.626248093465,5.832047549680425,-2.365509830867471,4.092639944420949,42407U
2025-06-29T00:48:21.975829,4337.509059457798,-344.0427574487838,-5563.390175001512,5.549970511043547,-2.3470059766083806,4.478998846826142,42407U
2025-06-29T00:49:21.975829,4661.47530484721,-484.06959295012666,-5283.505802369271,5.245202810218566,-2.318960349318598,4.847324952316966,42407U
2025-06-29T00:50:21.975829,4966.504757430807,-622.1299252701692,-4982.100943498328,4.918955057634648,-2.281476306013243,5.196102158868019,42407U
2025-06-29T00:51:21.975829,5251.347221927387,-757.6615167646336,-4660.392171218717,4.572528631865703,-2.2346957307710604,5.5238889088207435,42407U
2025-06-29T00:52:21.975829,5514.833196159015,-890.1117928622438,-4319.680149841257,4.207311156032527,-2.1787987813527363,5.829324679522891,42407U
2025-06-29T00:53:21.975829,5755.878897441281,-1018.9401263933007,-3961.344583429246,3.824771497690823,-2.1140034661053084,6.1111362804559715,42407U
2025-06-29T00:54:21.975829,5973.49097477793,-1143.6200912429001,-3586.838793451725,3.426454291514855,-2.040565042782028,6.368143906834208,42407U
2025-06-29T00:55:21.975829,6166.770878407565,-1263.6416744464814,-3197.6839419601215,3.0139739909046925,-1.9587752324246068,6.599266896852602,42407U
2025-06-29T00:56:21.975829,6334.918858823868,-1378.5134354857892,-2795.462919649023,2.58900846201304,-1.8689612433239031,6.803529138130095,42407U
2025-06-29T00:57:21.975829,6477.237568416852,-1487.7646013047913,-2381.8139214421685,2.1532921413831905,-1.771484602250304,6.980064068551436,42407U
2025-06-29T00:58:21.975829,6593.135240374933,-1590.947085464836,-1958.423735508631,1.708608786176797,-1.6667397925690306,7.128119217725215,42407U
2025-06-29T00:59:21.975829,6682.128421443451,-1687.6374199074498,-1527.0207747810175,1.2567838536079168,-1.5551527014613278,7.247060237667997,42407U
2025-06-29T01:00:21.975829,6743.844237541347,-1777.4385880037714,-1089.367883031065,0.7996765534392212,-1.437178881185182,7.336374375072761,42407U
2025-06-29T01:01:21.975829,6778.022174062105,-1859.9817479430453,-647.2549502825186,0.33917162400810685,-1.3133016320491369,7.395673342550123,42407U
2025-06-29T01:02:21.975829,6784.515355885066,-1934.927836050846,-202.49137472829796,-0.12282911198678492,-1.1840299174577382,7.424695552428035,42407U
2025-06-29T01:03:21.975829,6763.291315641882,-2001.9690403230159,243.10158969404677,-0.5844153509808783,-1.0498961239361502,7.423307683899633,42407U
2025-06-29T01:04:21.975829,6714.432242553432,-2060.8301353055476,687.6985593862801,-1.043677006832284,-0.9114536813768237,7.391505562326332,42407U
2025-06-29T01:05:21.975829,6638.134708099376,-2111.2696704269774,1129.477779121418,-1.4987129371961043,-0.7692745608019762,7.329414338109407,42407U
2025-06-29T01:06:21.975829,6534.708868824038,-2153.0810049809384,1566.6288698145154,-1.9476396304474186,-0.6239466686398147,7.237287961492904,42407U
2025-06-29T01:07:21.975829,6404.577150633658,-2186.0931841388247,1997.3605238658909,-2.3885997861991295,-0.4760711578205882,7.115507958695806,42407U
2025-06-29T01:08:21.975829,6248.272422915912,-2210.171651621695,2419.9081064970046,-2.8197707244419643,-0.326259676872489,6.964581523630527,42407U
2025-06-29T01:09:21.975829,6066.43567463046,-2225.218795949421,2832.541122606051,-3.239372561639327,-0.17513157861655265,6.785138947893129,42407U
2025-06-29T01:10:21.975829,5859.8132081015665,-2231.1743284854006,3233.570510269791,-3.6456760966320303,-0.023311110016252797,6.577930419468901,42407U
2025-06-29T01:11:21.975829,5629.253369521407,-2228.0154927802146,3621.3557240589594,-4.037010354789352,0.12857539575828383,6.343822227470399,42407U
2025-06-29T01:12:21.975829,5375.702838086722,-2215.7571059592883,3994.3115737603202,-4.41176974529736,0.2799023049149436,6.083792416031604,42407U
2025-06-29T01:13:21.975829,5100.202498194619,-2194.451434074151,4350.914786840208,-4.768420793586501,0.43004742744901153,5.798925935077172,42407U
2025-06-29T01:14:21.975829,4803.882921184457,-2164.1879044216057,4689.710265962162,-5.105508418428651,0.5783947032004588,5.490409338973054,42407U
2025-06-29T01:15:21.975829,4487.959484711563,-2125.0926588118964,5009.317016009686,-5.421661730937222,0.7243368143036325,5.159525085989262,42407U
2025-06-29T01:16:21.975829,4153.7271589706725,-2077.3279526205424,5308.433718278488,-5.715599340331502,0.8672777108966293,4.80764549206439,42407U
2025-06-29T01:17:21.975829,3802.5549896795555,-2021.0914051813397,5585.843932698275,-5.986134158625753,1.0066350391986645,4.436226391615477,42407U
2025-06-29T01:18:21.975829,3435.880307982782,-1956.6151076621059,5840.420912074647,-6.232177703180886,1.1418424633569455,4.046800556149486,42407U
2025-06-29T01:19:21.975829,3055.2026972758676,-1884.1645950048312,6071.13201532374,-6.452743902097903,1.2723518747258509,3.6409709183311225,42407U
2025-06-29T01:20:21.975829,2662.07774657999,-1804.0376888430415,6277.042709356468,-6.6469524124874555,1.397635484345142,3.220403645278708,42407U
2025-06-29T01:21:21.975829,2258.1106192137236,-1716.563218474723,6457.320151856304,-6.814031465831229,1.5171877963920426,2.7868211000110668,42407U
2025-06-29T01:22:21.975829,1844.9494646707278,-1622.0996270681974,6611.236349292953,-6.953320257528614,1.6305274620472847,2.3419947249028708,42407U
2025-06-29T01:23:21.975829,1424.278700454044,-1521.0334702529633,6738.170886420813,-7.064270899565489,1.7371990146533223,1.887737875497641,42407U
2025-06-29T01:24:21.975829,997.8121894653186,-1413.777814160258,6837.613225029217,-7.146449955873082,1.83677448811783,1.4258986275889998,42407U
2025-06-29T01:25:21.975829,567.2863373730465,-1300.7705398334524,6909.164570919811,-7.1995395794852,1.9288549212407908,0.9583525752440921,42407U
2025-06-29T01:26:21.975829,134.4531332718524,-1182.4725607522373,6952.539308989866,-7.223338269130431,2.0130717510026823,0.4869956326504315,42407U
2025-06-29T01:27:21.975829,-298.9268440474355,-1059.3659600285641,6967.566006933403,-7.217761260545975,2.089088097850908,0.01373684851603513,42407U
2025-06-29T01:28:21.975829,-731.0914327251731,-931.9520536570611,6954.187988479487,-7.1828405647383855,2.1565999456825744,-0.4595087615939428,42407U
2025-06-29T01:29:21.975829,-1160.2838864885255,-800.7493860588033,6912.463477321881,-7.118724661834996,2.2153372185782785,-0.9308273620079434,42407U
2025-06-29T01:30:21.975829,-1584.759844863762,-666.2916640600129,6842.5653130165465,-7.025677855278816,2.265064755441068,-1.398313421193962,42407U
2025-06-29T01:31:21.975829,-2002.794254628939,-529.1256354123559,6744.78024019663,-6.904079287139879,2.3055831825915867,-1.8600768122183104,42407U
2025-06-29T01:32:21.975829,-2412.688222110434,-389.80891799745194,6619.5077725444235,-6.754421611468813,2.3367296831313498,-2.3142498873759276,42407U
2025-06-29T01:33:21.975829,-2812.775775626036,-248.90778597087035,6467.258633127791,-6.577309319116674,2.3583786605794264,-2.7589945231694846,42407U
2025-06-29T01:34:21.975829,-3201.430516874206,-106.99491929535336,6288.652773017788,-6.373456704491943,2.370442292984618,-3.1925091290887884,42407U
2025-06-29T01:35:21.975829,-3577.0721394241214,35.352876620918146,6084.416970600367,-6.143685462487,2.372870972490185,-3.6130356101235193,42407U
2025-06-29T01:36:21.975829,-3938.1727916909936,177.55697412346092,5855.3820147314445,-5.888921902440678,2.365653624245853,-4.01886626875839,42407U
2025-06-29T01:37:21.975829,-4283.263260976816,319.0392418959746,5602.479475882594,-5.610193765605255,2.3488178976885976,-4.408350627578405,42407U
2025-06-29T01:38:21.975829,-4610.9389543495945,459.2243710349036,5326.738070715114,-5.308626633238696,2.3224302226014855,-4.779902148729554,42407U
2025-06-29T01:39:21.975829,-4919.865651407472,597.5422002508972,5029.279627104258,-4.985439914165078,2.2865957220547846,-5.132004821579587,42407U
2025-06-29T01:40:21.975829,-5208.785003384,733.430031357854,4711.314658509116,-4.641942403426337,2.2414579743663987,-5.463219585220721,42407U
2025-06-29T01:41:21.975829,-5476.519752660571,866.3349257477771,4374.1375587281145,-4.279527407428137,2.1871986166100417,-5.772190548171895,42407U
2025-06-29T01:42:21.975829,-5721.978646618717,995.715972122576,4019.1214304629075,-3.8996674356638814,2.1240367829538873,-6.0576509639792695,42407U
2025-06-29T01:43:21.975829,-5944.161019939837,1121.0465153838784,3647.712563689034,-3.5039084645473535,2.0522283722208123,-6.318428918565794,42407U
2025-06-29T01:44:21.975829,-6142.161019980474,1241.816336289323,3261.4245825494995,-3.093863784933074,1.9720651405023444,-6.553452683296951,42407U
2025-06-29T01:45:21.975829,-6315.171450750529,1357.5337712874305,2861.832282281861,-2.6712074513599355,1.8838736163952594,-6.761755686935657,42407U
2025-06-29T01:46:21.975829,-6462.487212315306,1467.7277618593193,2450.565180493984,-2.237667357710359,1.7880138384163173,-6.942481060035726,42407U
2025-06-29T01:47:21.975829,-6583.508314135571,1571.949822737759,2029.3008098462285,-1.7950179706135538,1.6848779163300664,-7.094885706912471,42407U
2025-06-29T01:48:21.975829,-6677.742442943795,1669.7759185507919,1599.7577818056382,-1.3450727583164277,1.5748884204317255,-7.218343863128039,42407U
2025-06-29T01:49:21.975829,-6744.807068208233,1760.8082387545207,1163.688653539726,-0.8896763586826235,1.4584966051927304,-7.312350100392977,42407U
2025-06-29T01:50:21.975829,-6784.431071024736,1844.6768611789557,722.8726321459635,-0.4306965352566315,1.3361804760271476,-7.376521745826435,42407U
2025-06-29T01:51:21.975829,-6796.455885354033,1921.0412951075473,279.1081522093478,0.0299840252333743,1.2084427102003188,-7.4106006885094295,42407U
2025-06-29T01:52:21.975829,-6780.836143833724,1989.5918955391785,-165.7946359096269,0.4904760171191777,1.0758084450058625,-7.414454553048931,42407U
2025-06-29T01:53:21.975829,-6737.639823876473,2050.0511411276316,-610.0214286688143,0.9488918626391553,0.9388229482184443,-7.388077227256831,42407U
2025-06-29T01:54:21.975829,-6667.04789334857,2102.1747692446193,-1051.761343904195,1.4033540411148255,0.7980491874287234,-7.331588738827882,42407U
2025-06-29T01:55:21.975829,-6569.353458734301,2145.7527626473106,-1489.2144683808692,1.8520033402914464,0.6540653161355146,-7.245234483850589,42407U
2025-06-29T01:56:21.975829,-6444.960422255905,2180.610183331628,-1920.5993397780292,2.2930069710264878,0.5074620953697828,-7.129383817875732,42407U
2025-06-29T01:57:21.975829,-6294.381657865037,2206.607850293401,-2344.160325429254,2.7245664890564494,0.3588402701312835,-6.984528027871423,42407U
2025-06-29T01:58:21.975829,-6118.236719279217,2223.642859077843,-2758.174861458917,3.1449254712396306,0.20880792001827736,-6.811277710494099,42407U
2025-06-29T01:59:21.975829,-5917.249096243919,2231.6489421496954,-3160.960517675712,3.552376898338588,0.05797780312615342,-6.610359588502867,42407U
2025-06-29T02:00:21.975829,-5692.243037901917,2230.5966702374144,-3550.881855660876,3.9452702019241794,-0.0930352884039028,-6.382612802664644,42407U
2025-06-29T02:01:21.975829,-5444.139964502407,2220.4934958730487,-3926.357049861768,4.3220179391725875,-0.24361714386114086,-6.128984720996794,42407U
2025-06-29T02:02:21.975829,-5173.954490647543,2201.383641344793,-4285.864244110201,4.681102065992932,-0.3931567045205699,-5.850526310561822,42407U
2025-06-29T02:03:21.975829,-4882.79008483539,2173.347834183549,-4627.947618754248,5.021079785847979,-0.5410485749815774,-5.548387119199054,42407U
2025-06-29T02:04:21.975829,-4571.834391200181,2136.502894103952,-4951.223146459615,5.340588958605401,-0.6866954628603192,-5.223809915515775,42407U
2025-06-29T02:05:21.975829,-4242.354240095335,2091.0011760047673,-5254.384017608449,5.638353060543605,-0.8295105364145962,-4.8781250351965895,42407U
2025-06-29T02:06:21.975829,-3895.690374478568,2037.0298741915908,-5536.205719081315,5.913185693077713,-0.968919691784834,-4.512744480227932,42407U
2025-06-29T02:07:21.975829,-3533.2519190762255,1974.8101934252823,-5795.550752877855,6.1639946435680715,-1.104363723615115,-4.1291558151778585,42407U
2025-06-29T02:08:21.975829,-3156.5106189245676,1904.596392710098,-6031.372983603861,6.389785506704351,-1.2353003948723031,-3.728915901203467,42407U
2025-06-29T02:09:21.975829,-2766.994873239469,1826.6747079253412,-6242.721606164517,6.589664879169352,-1.3612064035940163,-3.313644504222672,42407U
2025-06-29T02:10:21.975829,-2366.2835897774394,1741.3621595021002,-6428.744727002888,6.7628431434597225,-1.4815792459923405,-2.8850178089435143,42407U
2025-06-29T02:11:21.975829,-1955.999883781635,1649.0052513283072,-6588.692554009796,6.908636858929608,-1.5959389768354912,-2.4447618651847933,42407U
2025-06-29T02:12:21.975829,-1537.8046445326518,1549.9785669830926,-6721.920191635442,7.026470779144438,-1.7038298692004425,-1.9946459875853573,42407U
2025-06-29T02:13:21.975829,-1113.3899913809714,1444.6832692516157,-6827.8900388494385,7.115879514589952,-1.8048219765508076,-1.5364761244680845,42407U
2025-06-29T02:14:21.975829,-684.4726400342447,1333.5455086818688,-6906.17378839668,7.176508858686814,-1.8985126006081212,-1.072088206561684,42407U
2025-06-29T02:15:21.975829,-252.7871988643605,1217.01474673543,-6956.454026308714,7.208116793004855,-1.984527668643342,-0.603341481688728,42407U
2025-06-29T02:16:21.975829,179.92058586870343,1095.5619988735002,-6978.52543088896,7.210574184675083,-2.0625230236251935,-0.13211183757849215,42407U
2025-06-29T02:17:21.975829,611.900617644377,969.6780027329665,-6972.29557043524,7.183865185410623,-2.1321856301378648,0.3397148881626967,42407U
2025-06-29T02:18:21.975829,1041.405252384124,839.8713163950231,-6937.785298850512,7.128087337450141,-2.193234698157094,0.8102496140948001,42407U
2025-06-29T02:19:21.975829,1466.6960986324605,706.6663516598197,-6875.128748076533,7.0434513873224045,-2.2454227256847945,1.27760674131401,42407U
2025-06-29T02:20:21.975829,1886.0507975567082,570.6013472154788,-6784.57291603253,6.930280803810344,-2.2885364599483053,1.7399109045368284,42407U
2025-06-29T02:21:21.975829,2297.7697647584464,432.22628665122625,-6666.476848514483,6.7890109920817565,-2.3223977754232923,2.1953037512335825,42407U
2025-06-29T02:22:21.975829,2700.182875300001,292.1007664110535,-6521.31041337686,6.620188191864054,-2.3468644654099777,2.641950750027595,42407U
2025-06-29T02:23:21.975829,3091.656072523656,150.7918190243368,-6349.652665339501,6.424468043976955,-2.361830942349188,3.078048026439249,42407U
2025-06-29T02:24:21.975829,3470.5978802268423,8.871697279298584,-6152.189799995262,6.20261380668472,-2.367228840579322,3.5018292200197734,42407U
2025-06-29T02:25:21.975829,3835.465796593889,-133.0843745799452,-5929.712696088364,5.955494201352066,-2.36302751387867,3.911572352125842,42407U
2025-06-29T02:26:21.975829,4184.772547031853,-274.50047606100424,-5683.114045931248,5.684080865917919,-2.349234418976325,4.30560668821096,42407U
2025-06-29T02:27:21.975829,4517.092171778293,-414.80228491156294,-5413.385074956017,5.389445394835019,-2.3258953753115357,4.682319572756957,42407U
2025-06-29T02:28:21.975829,4831.065922908062,-553.419383165444,-5121.61185287456,5.072755945420998,-2.2930946907262877,5.040163209056203,42407U
2025-06-29T02:29:21.975829,5125.407944235388,-689.7875663993478,-4808.971200751141,4.7352733930431405,-2.2509551425350995,5.377661350216086,42407U
2025-06-29T02:30:21.975829,5398.910706657502,-823.3511472248726,-4476.726200461865,4.378347021187198,-2.1996378035568283,5.693415862227213,42407U
2025-06-29T02:31:21.975829,5650.4501707806685,-953.5652434307192,-4126.221315505396,4.003409737174287,-2.1393417032358246,5.986113114941715,42407U
2025-06-29T02:32:21.975829,5878.990648277199,-1079.8980406254946,-3758.877134894239,3.61197280997012,-2.070303314925172,6.254530152571094,42407U
2025-06-29T02:33:21.975829,6083.589333388455,-1201.8330187321699,-3376.184754855361,3.2056201330399094,-1.9927958617435029,6.497540592017833,42407U
2025-06-29T02:34:21.975829,6263.40047636826,-1318.8711312784558,-2979.699816230175,2.7860020223454316,-1.907128435121756,6.714120195178123,42407U
2025-06-29T02:35:21.975829,6417.679171478059,-1430.5329261302231,-2571.0362187277165,2.3548285671603266,-1.8136449221895226,6.903352060413693,42407U
2025-06-29T02:36:21.975829,6545.784733426245,-1536.3605961486167,-2151.8595364647476,1.9138625591564555,-1.7127227404589416,7.064431378785417,42407U
2025-06-29T02:37:21.975829,6647.183637890264,-1635.9199482298684,-1723.880162447981,1.4649120329531504,-1.6047713807865351,7.196669702408746,42407U
2025-06-29T02:38:21.975829,6721.452003965793,-1728.8022793199646,-1288.8462127297653,1.0098224587737257,-1.4902307622570239,7.299498675431199,42407U
2025-06-29T02:39:21.975829,6768.277599026644,-1814.6261482929146,-848.5362238202857,0.5504686347812322,-1.3695694053620056,7.372473182592943,42407U
2025-06-29T02:40:21.975829,6787.461349516249,-1893.0390330409978,-404.7516794867109,0.08874633284034977,-1.2432824325578007,7.415273876017316,42407U
2025-06-29T02:41:21.975829,6778.918344573758,-1963.7188627465198,40.6905947532698,-0.3734362433253398,-1.1118894079007826,7.42770904764729,42407U
2025-06-29T02:42:21.975829,6742.678323064237,-2026.3754160777933,485.96612939522936,-0.8341671245197658,-0.9759320298940863,7.409715822418908,42407U
2025-06-29T02:43:21.975829,6678.885638460395,-2080.751576965962,929.2505596605293,-1.2915393011149783,-0.8359716938639546,7.361360655630749,42407U
2025-06-29T02:44:21.975829,6587.798700033212,-2126.624440655562,1368.7273831083573,-1.743659439389194,-0.6925869420501879,7.28283912679374,42407U
2025-06-29T02:45:21.975829,6469.7888928676875,-2163.8062638604424,1802.5956838958436,-2.188656521747069,-0.5463708210877133,7.174475031273713,42407U
2025-06-29T02:46:21.975829,6325.338983242117,-2192.145254073407,2229.0777817749886,-2.6246903447575165,-0.3979281676328116,7.036718780010008,42407U
2025-06-29T02:47:21.975829,6155.041019809489,-2211.5261943473947,2646.426764792089,-3.049959811662976,-0.24787284351702904,6.870145126246828,42407U
2025-06-29T02:48:21.975829,5959.593744720184,-2221.870901159414,3052.9338660333574,-3.4627109599980117,-0.0968249419839802,6.675450246304622,42407U
2025-06-29T02:49:21.975829,5739.799532248954,-2223.1385142596705,3446.93564661176,-3.861244670082325,0.05459201372343425,6.453448208716257,42407U
2025-06-29T02:50:21.975829,5496.56087557728,-2215.3256186685257,3826.82094934561,-4.243924006234495,0.20575385888239506,6.205066872364062,42407U
2025-06-29T02:51:21.975829,5230.876445076374,-2198.466200188453,4191.037590190632,-4.609181149399559,0.3560385435074067,5.931343259411175,42407U
2025-06-29T02:52:21.975829,4943.836743703418,-2172.631436922886,4538.098757364699,-4.955523887251604,0.5048288383486509,5.633418452711318,42407U
2025-06-29T02:53:21.975829,4636.619386933942,-2137.929330319607,4866.589091181902,-5.281541635491393,0.6515149745511614,5.312532069925793,42407U
2025-06-29T02:54:21.975829,4310.484035987606,-2094.504180163707,5175.170420810957,-5.585910971762826,0.7954972028892339,4.970016367741035,42407U
2025-06-29T02:55:21.975829,3966.7670140348505,-2042.5359087322668,5462.587137346768,-5.867400671052606,0.9361882606601337,4.6072900294582215,42407U
2025-06-29T02:56:21.975829,3606.875635431626,-1982.2392399584608,5727.671185839503,-6.124876238566056,1.0730157366311102,4.225851687696021,42407U
2025-06-29T02:57:21.975829,3232.282278167919,-1913.8627399727507,5969.346661867384,-6.357303942358596,1.205424326657743,3.8272732314549565,42407U
2025-06-29T02:58:21.975829,2844.518229335739,-1837.6877257561255,6186.634001161259,-6.563754353620379,1.3328779748133324,3.413192943135827,42407U
2025-06-29T02:59:21.975829,2445.167332801317,-1754.0270488847211,6378.65375338623,-6.743405407066177,1.4548618969052514,2.985308506705955,42407U
2025-06-29T03:00:21.975829,2035.8594674177473,-1663.2237614769917,6544.629933498066,-6.895544997351238,1.5708844850710053,2.5453699232303326,42407U
2025-06-29T03:01:21.975829,1618.2638830567487,-1565.649671478793,6683.892946113736,-7.019573129775514,1.6804790937042047,2.09517236460895,42407U
2025-06-29T03:02:21.975829,1194.0824205976521,-1461.703794365224,6795.882080012066,-7.115003644700683,1.783205708193532,1.6365489908861,42407U
2025-06-29T03:03:21.975829,765.0426408292091,-1351.810708216433,6880.147571233546,-7.181465535136818,1.878652498846757,1.1713637511299717,42407U
2025-06-29T03:04:21.975829,332.89088607775034,-1236.418818962875,6936.35223428397,-7.218703875927041,1.9664372628971585,0.7015041828670011,42407U
2025-06-29T03:05:21.975829,-100.61470268694808,-1115.9985424102977,6964.2726616993405,-7.2265803809896205,2.0462087576549246,0.2288742205804305,42407U
2025-06-29T03:06:21.975829,-533.7111914140276,-991.04040947597,6963.799992730352,-7.205073602313223,2.1176479276785574,-0.24461297993629544,42407U
2025-06-29T03:07:21.975829,-964.6378600787547,-862.0531009053074,6934.940252212283,-7.154278781030444,2.180469028337208,-0.7170421974399726,42407U
2025-06-29T03:08:21.975829,-1391.6431907048766,-729.5614176205331,6877.814260850102,-7.074407357114475,2.2344206473478825,-1.1865032792282706,42407U
2025-06-29T03:09:21.975829,-1812.9918159436472,-594.1041927870924,6792.657118235927,-6.965786140274745,2.2792866248582473,-1.6510982519829838,42407U
2025-06-29T03:10:21.975829,-2226.9714078735474,-456.23215168720213,6679.817259989668,-6.828856140690157,2.314886871464675,-2.108948407908325,42407U
2025-06-29T03:11:21.975829,-2631.89948648247,-316.5057255664825,6539.75509053799,-6.664171054531659,2.3410780822750232,-2.5582013632824956,42407U
2025-06-29T03:12:21.975829,-3026.13012687871,-175.49282577641654,6373.041193284014,-6.47239539599699,2.3577543438153397,-2.99703808423036,42407U
2025-06-29T03:13:21.975829,-3408.0605436882815,-33.76658476942041,6180.354120325783,-6.254302264995878,2.3648476293138088,-3.423679871345572,42407U
2025-06-29T03:14:21.975829,-3776.1375303785403,108.09692919010732,5962.477764502419,-6.010770737841933,2.3623281767416313,-3.8363952908896684,42407U
2025-06-29T03:15:21.975829,-4128.86373044831,249.52101636327254,5720.298317423403,-5.742782867457921,2.3502047430156527,-4.233507035844192,42407U
2025-06-29T03:16:21.975829,-4464.80371661179,389.9306612658511,5454.800818291053,-5.451420279767245,2.328524727030247,-4.613398695302224,42407U
2025-06-29T03:17:21.975829,-4782.589853330013,528.7548516737432,5167.065299777199,-5.137860354179454,2.297374153734419,-4.974521405763195,42407U
2025-06-29T03:18:21.975829,-5080.927917383137,665.4288923152043,4858.262538958049,-4.803371978380574,2.2568775113427892,-5.3154003530740255,42407U
2025-06-29T03:19:21.975829,-5358.602450686874,799.3967041897808,4529.649423335889,-4.449310870974071,2.2071974339916887,-5.634641089257048,42407U
2025-06-29T03:20:21.975829,-5614.481819298207,930.1131000076624,4182.563944255466,-4.07711446980541,2.148534222735081,-5.930935624496185,42407U
2025-06-29T03:21:21.975829,-5847.5229525838495,1057.046025844743,3818.419832517149,-3.6882963889216036,2.081125198717763,-6.203068251313949,42407U
2025-06-29T03:22:21.975829,-6056.775736882634,1179.6787587774684,3438.7008536493145,-3.28444045291649,2.005243883649018,-6.449921055631016,42407U
2025-06-29T03:23:21.975829,-6241.387038716593,1297.512050018318,3044.9547830703546,-2.8671943237108284,1.9211990042991334,-6.670479068096741,42407U
2025-06-29T03:24:21.975829,-6400.604333717513,1410.0662029342702,2638.7870841795743,-2.4382627414118057,1.8293333196120554,-6.863835008914252,42407U
2025-06-29T03:25:21.975829,-6533.7789189467585,1516.8830753116592,2221.8543151971644,-1.999400407574093,1.730022271118398,-7.029193580417555,42407U
2025-06-29T03:26:21.975829,-6640.368688194596,1617.5279953433278,1795.8572932507684,-1.552404545719166,1.6236724595818464,-7.165875263909767,42407U
2025-06-29T03:27:21.975829,-6719.940452133897,1711.5915810633028,1362.5340467118594,-1.099107180146194,1.5107199531521789,-7.273319580712689,42407U
2025-06-29T03:28:21.975829,-6772.171787844389,1798.6914533460051,923.6525890459768,-0.6413671796720886,1.3916284346576686,-7.3510877819420735,42407U
2025-06-29T03:29:21.975829,-6796.852405176541,1878.4738331175995,481.0035493962413,-0.1810621177826073,1.2668871979755063,-7.3988649370997015,42407U
2025-06-29T03:30:21.975829,-6793.885020637795,1950.6150140925042,36.39269671098659,0.27991999540924173,1.1370090055992912,-7.416461398018467,42407U
2025-06-29T03:31:21.975829,-6763.285732897556,2014.8227031378121,-408.36660458938826,0.739689051149261,1.0025278215102353,-7.403813621833377,42407U
2025-06-29T03:32:21.975829,-6705.183897554576,2070.8372212691665,-851.4609686723368,1.1963611900387305,0.8639964351907579,-7.360984344279785,42407U
2025-06-29T03:33:21.975829,-6619.821502419338,2118.4325592760124,-1291.0845530717722,1.6480670996467242,0.7219839940432703,-7.288162102521105,42407U
2025-06-29T03:34:21.975829,-6507.552048160435,2157.417283042948,-1725.446575377221,2.0929602021268416,0.5770734625500548,-7.185660114655314,42407U
2025-06-29T03:35:21.975829,-6368.838942674478,2187.635284754498,-2152.778743697548,2.5292246742366538,0.42985902720006836,-7.053914530812119,42407U
2025-06-29T03:36:21.975829,-6204.253420892566,2208.9663773198495,-2571.34256388382,2.9550832453251084,0.2809434664987765,-6.893482078109499,42407U
2025-06-29T03:37:21.975829,-6014.472004866559,2221.326730507745,-2979.436488040019,3.36880472308245,0.130935505260755,-6.70503712847972,42407U
2025-06-29T03:38:21.975829,-5800.2735218269745,2224.6691484162825,-3375.4028707699777,3.7687112019973705,-0.019552828127787726,-6.489368224315708,42407U
2025-06-29T03:39:21.975829,-5562.535700421043,2218.9831889939232,-3757.634701855438,4.1531849153755225,-0.16990882367776627,-6.247374101868457,42407U
2025-06-29T03:40:21.975829,-5302.231367485554,2204.2951273562626,-4124.58208656898,4.520674698249057,-0.3195216744272451,-5.980059256221344,42407U
2025-06-29T03:41:21.975829,-5020.424269457803,2180.667765588943,-4474.758447530837,4.869702035343083,-0.46778500868759876,-5.6885290943892395,42407U
2025-06-29T03:42:21.975829,-4718.264543860037,2148.2000925733405,-4806.746424853266,5.1988666752496915,-0.6140993566280386,-5.373984724588161,42407U
2025-06-29T03:43:21.975829,-4396.983867236045,2107.0267981108236,-5119.203454175681,5.506851798842573,-0.757874539855524,-5.0377174300190015,42407U
2025-06-29T03:44:21.975829,-4057.890306363535,2057.317646229337,-5410.867005132934,5.7924287366575555,-0.8985319747377042,-4.681102874517804,42407U
2025-06-29T03:45:21.975829,-3702.3628998520885,1999.2767130662933,-5680.559465421991,6.054461235941249,-1.0355068822453577,-4.305595085550418,42407U
2025-06-29T03:46:21.975829,-3331.845996820148,1933.1414950644412,-5927.192658462948,6.291909283730474,-1.1682503992540412,-3.9127202567814585,42407U
2025-06-29T03:47:21.975829,-2947.8433790938666,1859.181893501834,-6149.771984841116,6.503832496732161,-1.2962315881057724,-3.5040704088340857,42407U
2025-06-29T03:48:21.975829,-2551.9121923054986,1777.6990814633955,-6347.400180125073,6.689393092688072,-1.4189393431602522,-3.081296941968314,42407U
2025-06-29T03:49:21.975829,-2145.656710654846,1689.0242594517608,-6519.280683297821,6.847858460317139,-1.5358841945283466,-2.6461041097091056,42407U
2025-06-29T03:50:21.975829,-1730.721958768997,1593.517305738593,-6664.7206117940195,6.978603346654293,-1.646600010593904,-2.2002424368642433,42407U
2025-06-29T03:51:21.975829,-1308.7872131021907,1491.565327459619,-6783.13334029634,7.081111680960446,-1.7506456018887426,-1.745502100145159,42407U
2025-06-29T03:52:21.975829,-881.5594041457996,1383.5811182766017,-6874.040681414583,7.15497805378204,-1.8476062295757818,-1.283706284348029,42407U
2025-06-29T03:53:21.975829,-450.7664396710218,1270.0015282299282,-6937.074667005307,7.199908868101728,-1.9370950221139072,-0.8167045222328878,42407U
2025-06-29T03:54:21.975829,-18.150468285658484,1151.28575119357,-6971.978929261263,7.215723176992804,-2.0187543036495854,-0.34636602197083244,42407U
2025-06-29T03:55:21.975829,414.53889817662326,1027.9135351451075,-6978.6096808357615,7.202353218896289,-2.0922568373097294,0.12542701748925594,42407U
2025-06-29T03:56:21.975829,845.5513854687446,900.383320294926,-6956.936293220348,7.159844657750662,-2.1573069858828733,0.5967861054175259,42407U
2025-06-29T03:57:21.975829,1273.1428632887307,769.2103099986172,-6907.04147241743,7.088356530907543,-2.2136417914079534,1.0658231765830484,42407U
2025-06-29T03:58:21.975829,1695.5821395743417,634.9244793218697,-6829.1210307064075,6.988160903267158,-2.2610319739881626,1.5306573312974425,42407U
2025-06-29T03:59:21.975829,2111.1577249073052,498.0685261471534,-6723.483253055424,6.859642221578634,-2.299282848767861,1.989421602164346,42407U
2025-06-29T04:00:21.975829,2518.1845487164705,359.19576981887553,-6590.5478565479825,6.7032963585876555,-2.3282351585159637,2.4402697498339383,42407U
2025-06-29T04:01:21.975829,2915.0106082492607,218.86800251961594,-6430.844541136827,6.51972933288559,-2.34776581771878,2.881383087378858,42407U
2025-06-29T04:02:21.975829,3300.023530345341,77.65329885843543,-6245.011130168075,6.309655687116057,-2.35778856256908,3.310977329263962,42407U
2025-06-29T04:03:21.975829,3671.657024944037,-63.87621047190756,-6033.791299489432,6.07389650480118,-2.358254499817764,3.727309456413325,42407U
2025-06-29T04:04:21.975829,4028.3972080396557,-205.1465946566989,-5798.0318946113475,5.813377044605931,-2.349152546199139,4.1286845837462645,42407U
2025-06-29T04:05:21.975829,4368.788770520166,-345.58440150218144,-5538.67983636692,5.529123970482624,-2.330509749113471,4.513462810944267,42407U
2025-06-29T04:06:21.975829,4691.440968059591,-484.6189515443334,-5256.778616833564,5.222262156900642,-2.302391478509185,4.880066031345532,42407U
2025-06-29T04:07:21.975829,4995.033406042863,-621.6846394940375,-4953.464388951156,4.894011050309695,-2.264901479498668,5.22698466796132,42407U
2025-06-29T04:08:21.975829,5278.321592462581,-756.2232343616702,-4629.961655289,4.545680571095758,-2.2181817752021082,5.552784299911375,42407U
2025-06-29T04:09:21.975829,5540.14223090169,-887.6861689844555,-4287.578563762477,4.178666544521779,-2.1624124096678847,5.856112137310825,42407U
2025-06-29T04:10:21.975829,5779.418225173164,-1015.5368090918979,-3927.7018207480482,3.794445654405843,-2.097811021474356,6.135703298033819,42407U
2025-06-29T04:11:21.975829,5995.16336698755,-1139.2526915144754,-3551.7912349419603,3.3945699194414445,-2.024632239772356,6.390386836038323,42407U
2025-06-29T04:12:21.975829,6186.486678203601,-1258.3277206878736,-3161.3739084073773,2.980660698949722,-1.9431668960622135,6.619091468231823,42407U
2025-06-29T04:13:21.975829,6352.596379834339,-1372.274312256006,-2758.038094478438,2.5544022422617996,-1.8537410468791142,6.820850945346538,42407U
2025-06-29T04:14:21.975829,6492.8034610493405,-1480.6254723467825,-2343.4267454724854,2.117534803649017,-1.7567148047413104,6.994809012074228,42407U
2025-06-29T04:15:21.975829,6606.524822949042,-1582.936801003229,-1919.230776421452,1.6718473525097006,-1.6524809771396267,7.140223902852919,42407U
2025-06-29T04:16:21.975829,6693.28597388785,-1678.788408312995,-1487.1820741820077,1.2191699161330116,-1.5414635159449264,7.256472322221246,42407U
2025-06-29T04:17:21.975829,6752.723255568816,-1767.7867319973232,-1049.046284250009,0.7613655995607848,-1.4241157823104404,7.343052862526053,42407U
2025-06-29T04:18:21.975829,6784.585581996094,-1849.5662456031255,-606.6154102975308,0.30032233361253013,-1.3009186348664237,7.39958881691552,42407U
2025-06-29T04:19:21.975829,6788.735676605041,-1923.7910469864773,-161.7002638032819,-0.1620555921812217,-1.172378351665127,7.425830351847713,42407U
2025-06-29T04:20:21.975829,6765.150796436549,-1990.156317476431,283.877196906761,-0.6238561503648538,-1.0390243988541403,7.421656010633315,42407U
2025-06-29T04:21:21.975829,6713.922936014891,-2048.3896429556116,728.2915974100565,-1.083168285274277,-0.9014070613581133,7.3870735276131105,42407U
2025-06-29T04:22:21.975829,6635.258507549645,-2098.252189071907,1169.7219059505792,-1.5380906447992277,-0.7600949528642172,7.322219941219027,42407U
2025-06-29T04:23:21.975829,6529.477498130888,-2139.539723885343,1606.3591779886651,-1.9867402666054592,-0.6156724240733277,7.227361003135432,42407U
2025-06-29T04:24:21.975829,6397.0121086374975,-2172.0834824335934,2036.4142444064573,-2.427261151944194,-0.4687368894494335,7.102889889806265,42407U
2025-06-29T04:25:21.975829,6238.404883045334,-2195.7508689432934,2458.125301874693,-2.8578326622835135,-0.31989609353670856,6.9493252313618,42407U
2025-06-29T04:26:21.975829,6054.306340624406,-2210.4459936952103,2869.7653650410316,-3.276677677420066,-0.16976533829847296,6.7673084814136315,42407U
2025-06-29T04:27:21.975829,5845.472127072794,-2216.1100428424593,3269.6495418442223,-3.682070458359594,-0.018964692857096264,6.5576006588490845,42407U
2025-06-29T04:28:21.975829,5612.759703884485,-2212.72148075416,3656.142095336895,-4.072344163926603,0.13188379350810164,6.3210784995365215,42407U
2025-06-29T04:29:21.975829,5357.1245981276215,-2200.2960856858617,4027.663257859678,-4.445897976593054,0.2821588551934409,6.058730061550114,42407U
2025-06-29T04:30:21.975829,5079.61623727519,-2178.8868207385776,4382.6957661754695,-4.8012038001787385,0.431242732349788,5.771649831998449,42407U
2025-06-29T04:31:21.975829,4781.3733957552195,-2148.583543138533,4719.791089165163,-5.136812499631485,0.5785238342780085,5.461033386705893,42407U
2025-06-29T04:32:21.975829,4463.619281411989,-2109.512555827858,5037.575322869047,-5.451359660840949,0.723399329150003,5.128171655757272,42407U
2025-06-29T04:33:21.975829,4127.656291273766,-2061.8360062075067,5334.754730754125,-5.743570855933939,0.865277647128626,4.7744448484665325,42407U
2025-06-29T04:34:21.975829,3774.860466447789,-2005.7511375566219,5610.120910519505,-6.012266407002087,1.0035808862975604,4.40131609022679,42407U
2025-06-29T04:35:21.975829,3406.6756764661345,-1941.4893992555087,5862.555571564528,-6.256365647630603,1.1377471129504646,4.010324821906074,42407U
2025-06-29T04:36:21.975829,3024.6075629647407,-1869.3154223385097,6091.034910465297,-6.474890687820438,1.2672325501434938,3.603080008997816,42407U
2025-06-29T04:37:21.975829,2630.2172723330045,-1789.5258672421296,6294.6335743170175,-6.666969692716925,1.3915136504230212,3.1812532039360697,42407U
2025-06-29T04:38:21.975829,2225.1150059840325,-1702.448150758745,6472.528204428256,-6.831839689710006,1.5100890506509819,2.7465714999953326,42407U
2025-06-29T04:39:21.975829,1810.9534160844562,-1608.4390593048568,6624.000554890241,-6.968848921214837,1.6224814084666142,2.300810410139692,42407U
2025-06-29T04:40:21.975829,1389.4208733948874,-1507.8832555791503,6748.440182433225,-7.0774587621926,1.7282391213345893,1.8457866986451579,42407U
2025-06-29T04:41:21.975829,962.2346327204574,-1401.1916855957747,6845.346705465402,-7.157245221995483,1.8269379301684656,1.3833511878946434,42407U
2025-06-29T04:42:21.975829,531.133920299944,-1288.7998929329885,6914.331631367708,-7.207900049562423,1.9181824102113314,0.915381557540945,42407U
2025-06-29T04:43:21.975829,97.87296635687301,-1171.1662468616048,6955.119751994745,-7.229231459432997,2.0016073521850077,0.4437751484894822,42407U
2025-06-29T04:44:21.975829,-335.7859949445098,-1048.7700908339275,6967.55010794099,-7.221164493622259,2.0768790366922394,-0.029558219932494925,42407U
2025-06-29T04:45:21.975829,-768.0797367039386,-922.1098176433508,6951.576522519537,-7.18374103127859,2.1436964044950915,-0.5027034145162377,42407U
2025-06-29T04:46:21.975829,-1197.251040822479,-791.7008774249643,6907.267706621721,-7.117119454424307,2.201792124633169,-0.9737471316373255,42407U
2025-06-29T04:47:21.975829,-1621.5556694166091,-658.0737245773555,6834.806935739801,-7.0215739741661,2.2509335614320416,-1.440785018145552,42407U
2025-06-29T04:48:21.975829,-2039.2692857898776,-521.771709656231,6734.491300505834,-6.897493617780331,2.2909236403448374,-1.9019287683918962,42407U
2025-06-29T04:49:21.975829,-2448.694304538748,-383.3489223335873,6606.73053219309,-6.745380873248877,2.3216016113303954,-2.35531319524736,42407U
2025-06-29T04:50:21.975829,-2848.1666500473843,-243.36799163575702,6452.045404804425,-6.565849984357184,2.342843707169934,-2.7991032710949746,42407U
2025-06-29T04:51:21.975829,-3236.062402111488,-102.39784987193207,6271.065715694044,-6.359624886564281,2.3545636928331666,-3.231501131975799,42407U
2025-06-29T04:52:21.975829,-3610.804306763921,38.98853306092741,6064.5278471866895,-6.127536771688316,2.356713300793502,-3.6507530344739503,42407U
2025-06-29T04:53:21.975829,-3970.868129605258,180.21643796855912,5833.271912414137,-5.87052126816217,2.3492825461301607,-4.055156250700661,42407U
2025-06-29T04:54:21.975829,-4314.788828127068,320.7116998170138,5578.238489614315,-5.589615223308219,2.3322999144025185,-4.44306588207454,42407U
2025-06-29T04:55:21.975829,-4641.166518714748,459.9030184864211,5300.464950453599,-5.285953074826164,2.305832414694421,-4.812901567703937,42407U
2025-06-29T04:56:21.975829,-4948.672213296038,597.2242684811409,5001.081389543598,-4.960762800506979,2.2699854899445415,-5.163154058281554,42407U
2025-06-29T04:57:21.975829,-5236.053300024661,732.1167987823058,4681.3061642231605,-4.6153614380595585,2.224902776736466,-5.49239162172537,42407U
2025-06-29T04:58:21.975829,-5502.138742017776,864.0317135695196,4342.44105584278,-4.251150170802969,2.1707657071355295,-5.7992662425628865,42407U
2025-06-29T04:59:21.975829,-5745.843968054618,992.4321241146706,3985.8660661929225,-3.8696089797381967,2.107792945934039,-6.0825195734584705,42407U
2025-06-29T05:00:21.975829,-5966.175429348951,1116.7953617874941,3613.0338653058966,-3.4722908680219455,2.036239657791358,-6.340988594517849,42407U
2025-06-29T05:01:21.975829,-6162.234797057146,1236.6151418246757,3225.46390959195,-3.060815669966881,1.956396600209248,-6.573610934208549,42407U
2025-06-29T05:02:21.975829,-6333.222776118822,1351.4036673255478,2824.7362520663805,-2.6368634631793144,1.8685890400269878,-6.779429805044547,42407U
2025-06-29T05:03:21.975829,-6478.442512354555,1460.6936628606709,2412.485069228037,-2.2021676091167306,1.7731754931105348,-6.957598507665217,42407U
2025-06-29T05:04:21.975829,-6597.302571473368,1564.0403271281857,1990.3919318849194,-1.7585074539800931,1.6705462890866474,-7.107384458635758,42407U
2025-06-29T05:05:21.975829,-6689.319470762102,1661.0231942769046,1560.178849813205,-1.3077007282235504,1.5611219652717054,-7.228172700202934,42407U
2025-06-29T05:06:21.975829,-6754.119746713333,1751.2478938384806,1123.6011225190252,-0.8515956888598551,1.4453514962978062,-7.319468854302874,42407U
2025-06-29T05:07:21.975829,-6791.441544666375,1834.347799674919,682.4400304733014,-0.3920630539550515,1.3237103682710925,-7.3809014882499975,42407U
2025-06-29T05:08:21.975829,-6801.1357196383005,1909.9855589487847,238.4954029546047,0.06901221693299407,1.1966985085384108,-7.412223865605868,42407U
2025-06-29T05:09:21.975829,-6783.166440853675,1977.8544928536428,-206.42189999004862,0.529739239264016,1.0648380842177263,-7.413315062572605,42407U
2025-06-29T05:10:21.975829,-6737.611295977996,2037.6798616899127,-650.497553012049,0.9882295576358501,0.928671184500279,-7.384180437686551,42407U
2025-06-29T05:11:21.975829,-6664.660894651044,2089.219987820621,-1091.9213394116862,1.4426054771513115,0.7887574033021917,-7.324951450392873,42407U
2025-06-29T05:12:21.975829,-6564.617974529435,2132.2672310744115,-1528.8946946126348,1.8910083118825725,0.6456713400810135,-7.235884832037114,42407U
2025-06-29T05:13:21.975829,-6437.896016607711,2166.648812258619,-1959.6381806604409,2.3316064917407666,0.500000037501844,-7.1173611206846,42407U
2025-06-29T05:14:21.975829,-6285.017380022997,2192.227481579585,-2382.3988541606727,2.762603471704294,0.35234037511608207,-6.969882578748351,42407U
2025-06-29T05:15:21.975829,-6106.610969789116,2208.902029918245,-2795.45749143315,3.1822453911245354,0.20329643828782476,-6.794070519451916,42407U
2025-06-29T05:16:21.975829,-5903.409453891962,2216.607642051247,-3197.135636408385,3.58882843557299,0.05347688127656622,-6.590662074482001,42407U
2025-06-29T05:17:21.975829,-5676.246048852888,2215.3160920181426,-3585.8024388999997,3.980705859283618,-0.09650769732932883,-6.3605064406207035,42407U
2025-06-29T05:18:21.975829,-5426.050895186478,2205.0357818922294,-3959.881253284644,4.356294632488517,-0.246047349704894,-6.10456064754933,42407U
2025-06-29T05:19:21.975829,-5153.8470461158195,2185.8116261954688,-4317.855970240898,4.714081684640866,-0.39453532866883073,-5.823884892283381,42407U
2025-06-29T05:20:21.975829,-4860.746094428741,2157.7247850894073,-4658.277056990505,5.052629721472857,-0.5413705782718543,-5.5196374877535375,42407U
2025-06-29T05:21:21.975829,-4547.9434634759355,2120.892250261111,-4979.767284342437,5.370582600794508,-0.6859601528715688,-5.193069473885977,42407U
2025-06-29T05:22:21.975829,-4216.713389009801,2075.466288094278,-5281.027121727551,5.666670258722705,-0.8277215544798974,-4.845518939152916,42407U
2025-06-29T05:23:21.975829,-3868.4036188623027,2021.6337452634505,-5560.839784241602,5.939713184413104,-0.9660849802521183,-4.478405099021216,42407U
2025-06-29T05:24:21.975829,-3504.429857423098,1959.615222316203,-5818.075918396556,6.188626447135367,-1.1004954740612716,-4.093222175154845,42407U
2025-06-29T05:25:21.975829,-3126.2699815102187,1889.6641211137444,-6051.697915801673,6.412423284562257,-1.230414978118013,-3.6915331157206137,42407U
2025-06-29T05:26:21.975829,-2735.4580535143104,1812.065572175501,-6260.7638463219155,6.610218265309572,-1.35532428250106,-3.2749631928049228,42407U
2025-06-29T05:27:21.975829,-2333.578156935045,1727.1352480711473,-6444.431004202303,6.781230041816258,-1.4747248721152453,-2.8451935082076627,42407U
2025-06-29T05:28:21.975829,-1922.2580783181277,1635.2180689752868,-6601.9590624292,6.924783711770651,-1.5881406720710627,-2.4039544335643956,42407U
2025-06-29T05:29:21.975829,-1503.162858536821,1536.6868064168373,-6732.712831964978,7.0403128072039936,-1.695119693614326,-1.9530190054227556,42407U
2025-06-29T05:30:21.975829,-1077.98823521522,1431.9405911036254,-6836.164623583956,7.127360930239055,-1.795235583567885,-1.4941962905791757,42407U
2025-06-29T05:31:21.975829,-648.4539969941823,1321.4033305134622,-6911.896210811399,7.185583053297801,-1.8880890807319155,-1.0293247319551848,42407U
2025-06-29T05:32:21.975829,-216.29726934013155,1205.5220417346266,-6959.600392956662,7.214746499435962,-1.9733093828220585,-0.5602654807465235,42407U
2025-06-29T05:33:21.975829,216.73424924802657,1084.765104833674,-6979.08215746827,7.214731615506882,-2.050555427310427,-0.08889571670504243,42407U
2025-06-29T05:34:21.975829,648.889082437475,959.6204418430066,-6970.259440870247,7.185532147217109,-2.1195170889932853,0.38289804464541577,42407U
2025-06-29T05:35:21.975829,1078.4187848861716,830.5936263189574,-6933.163487413443,7.127255320999445,-2.1799162962679026,0.853226661152076,42407U
2025-06-29T05:36:21.975829,1503.584747087343,698.2059283336774,-6867.938804356039,7.040121633195156,-2.231508067006579,1.3202050938904872,42407U
2025-06-29T05:37:21.975829,1922.664978526943,562.992299749664,-6774.842712534504,6.924464342515908,-2.2740814636144058,1.781959162050345,42407U
2025-06-29T05:38:21.975829,2333.9608510839353,425.4993046919652,-6654.244490666957,6.780728657362882,-2.3074604654136066,2.236632326020219,42407U
2025-06-29T05:39:21.975829,2735.803783986986,286.283000287753,-6506.624111709803,6.609470605529077,-2.331504754974097,2.682392499622099,42407U
2025-06-29T05:40:21.975829,3126.561850799562,145.90677298818224,-6332.570569627254,6.411355570301731,-2.3461104134789528,3.1174388892263725,42407U
2025-06-29T05:41:21.975829,3504.6462878722955,4.939136123170375,-6132.779795189212,6.187156474202031,-2.3512105187444083,3.5400088533652236,42407U
2025-06-29T05:42:21.975829,3868.517882529144,-136.04850524154887,-5908.05215993478,5.9377515897066795,-2.346775638178585,3.948384771609913,42407U
2025-06-29T05:43:21.975829,4216.6932179948235,-276.4841155817962,-5659.289568266314,5.66412195542277,-2.3328142078257104,4.340900906059995,42407U
2025-06-29T05:44:21.975829,4547.750750791422,-415.79730920946645,-5387.4921387996355,5.367348376425365,-2.3093727877654873,4.715950233016976,42407U
2025-06-29T05:45:21.975829,4860.33669509828,-553.4216418685422,-5093.75447760692,5.048607988872563,-2.27653618357057,5.071991216501328,42407U
2025-06-29T05:46:21.975829,5153.170687450955,-688.796905294077,-4779.261547851266,4.709170371598359,-2.2344274233115815,5.407554489452495,42407U
2025-06-29T05:47:21.975829,5425.051204224323,-821.3714157709034,-4445.284142513802,4.350393191116691,-2.1832075797679824,5.721249402963567,42407U
2025-06-29T05:48:21.975829,5674.8607036670155,-950.6042871250329,-4093.1739694297407,3.973717371278063,-2.1230754280703157,6.011770398972251,42407U
2025-06-29T05:49:21.975829,5901.570463889993,-1075.9676780210784,-3724.358360641525,3.5806617845894935,-2.054266929967573,6.277903157671255,42407U
2025-06-29T05:50:21.975829,6104.245088217029,-1196.9490029488823,-3340.334621091984,3.172817468785188,-1.9770545372704855,6.518530467707903,42407U
2025-06-29T05:51:21.975829,6282.046649722982,-1313.0530958839236,-2942.664034854058,2.7518413794320713,-1.8917463087399382,6.732637765177086,42407U
2025-06-29T05:52:21.975829,6434.238447644453,-1423.8043153179121,-2532.9655503635563,2.319449696968258,-1.7986848367315285,6.919318286594003,42407U
2025-06-29T05:53:21.975829,6560.188349673224,-1528.7485792003436,-2112.9091693962696,1.8774107143581613,-1.698245982217707,7.077777781557428,42407U
2025-06-29T05:54:21.975829,6659.371695932261,-1627.4553183185571,-1684.2090677436995,1.4275373392781305,-1.59083741932742,7.2073387327102765,42407U
2025-06-29T05:55:21.975829,6731.37374268244,-1719.519336787592,-1248.6164785980282,0.9716792521636561,-1.476896993196856,7.307444033872162,42407U
2025-06-29T05:56:21.975829,6775.89162648772,-1804.5625686252217,-807.9123724836294,0.5117147683224406,-1.3568908976372307,7.37766008179879,42407U
2025-06-29T05:57:21.975829,6792.735832639431,-1882.2357198557077,-363.89997008600943,0.049542458415615394,-1.2313116818149743,7.41767924281721,42407U
2025-06-29T05:58:21.975829,6781.831155053535,-1952.219786211769,81.60287353143309,-0.4129274132601172,-1.100676097726857,7.427321662447535,42407U
2025-06-29T05:59:21.975829,6743.217138546455,-2014.2274372825748,526.7713731364024,-0.8737815692743407,-0.9655228026567282,7.406536393871079,42407U
2025-06-29T06:00:21.975829,6677.047998290435,-2068.0042588715423,969.7815645644803,-1.3311124522256588,-0.8264099329500663,7.355401829525662,42407U
2025-06-29T06:01:21.975829,6583.592015270393,-2113.329846363718,1408.8180608944022,-1.7830269431008194,-0.6839125672722781,7.274125428962791,42407U
2025-06-29T06:02:21.975829,6463.230410625692,-2150.018743039337,1842.0817713212537,-2.2276549974367366,-0.538620098971842,7.1630427451351775,42407U
2025-06-29T06:03:21.975829,6316.455705776561,-2177.921218482899,2267.7975408827333,-2.663158133375699,-0.3911335382071005,7.022615760232878,42407U
2025-06-29T06:04:21.975829,6143.869579124535,-2196.9238834985936,2684.221670110488,-3.0877377085359208,-0.24206276509248836,6.853430550798494,42407U
2025-06-29T06:05:21.975829,5946.180233792917,-2206.950139229394,3089.6492751168526,-3.499642926731343,-0.09202375525431182,6.656194309872487,42407U
2025-06-29T06:06:21.975829,5724.199294275678,-2207.9604594559205,3482.421450503622,-3.897178520784253,0.05836420112474737,6.431731761136065,42407U
2025-06-29T06:07:21.975829,5478.838252914596,-2199.9525063004244,3860.932199784889,-4.278712063852381,0.20848126644671314,6.18098100622318,42407U
2025-06-29T06:08:21.975829,5211.104489785646,-2182.9610807513495,4223.635100646775,-4.642680868592036,0.3577097898483883,5.904988851418018,42407U
2025-06-29T06:09:21.975829,4922.0968918009685,-2157.057910534857,4569.0496752715735,-4.987598440893556,0.5054369906900195,5.604905663718072,42407U
2025-06-29T06:10:21.975829,4613.001098603541,-2122.3512788697612,4895.767439041749,-5.312060462599396,0.6510575755120709,5.281979808660468,42407U
2025-06-29T06:11:21.975829,4285.084404125657,-2078.9854985355014,5202.457604143492,-5.614750285314371,0.7939762746226806,4.937551723346499,42407U
2025-06-29T06:12:21.975829,3939.6903435599684,-2027.1402364532173,5487.872417772901,-5.8944439248428875,0.933610286644877,4.573047677841638,42407U
2025-06-29T06:13:21.975829,3578.2329958409687,-1967.029694605078,5750.852117866963,-6.150014552842244,1.0693916216349795,4.1899732765122035,42407U
2025-06-29T06:14:21.975829,3202.1910317963493,-1898.9016536184215,5990.329492248418,-6.38043648854203,1.2007693356062472,3.7899067482220437,42407U
2025-06-29T06:15:21.975829,2813.101537761867,-1823.03638570323,6205.334029933281,-6.5847886988761495,1.3272116514687733,3.3744920706186132,42407U
2025-06-29T06:16:21.975829,2412.553643770371,-1739.7454438602088,6394.995655952877,-6.76225781986648,1.4482079634186358,2.9454319692344764,42407U
2025-06-29T06:17:21.975829,2002.1819845806071,-1649.370334404269,6558.548043307432,-6.912140715446419,1.5632707235853078,2.5044808271329777,42407U
2025-06-29T06:18:21.975829,1583.6600207305248,-1552.281079864546,6695.331497666921,-7.033846592156663,1.6719372112740813,2.053437535417655,42407U
2025-06-29T06:19:21.975829,1158.693245654457,-1448.874679261585,6804.795412078074,-7.126898689200285,1.7737711863379069,1.5941383094512067,42407U
2025-06-29T06:20:21.975829,729.0123037238781,-1339.5734726397998,6886.500290257777,-7.190935563274903,1.868364429068514,1.1284494902877096,42407U
2025-06-29T06:21:21.975829,296.36604292725616,-1224.8234165694519,6940.119338062336,-7.225711986480004,1.9553381694924776,0.6582603458416633,42407U
2025-06-29T06:22:21.975829,-137.4854751357546,-1105.0922771517771,6965.439623446095,-7.231099473545014,2.0343444090922436,0.18547588191474132,42407U
2025-06-29T06:23:21.975829,-570.7779861664036,-980.8677468819312,6962.362805705268,-7.207086451795549,2.1050671377636974,-0.2879903304572071,42407U
2025-06-29T06:24:21.975829,-1001.7500339037832,-852.6554915703789,6930.905435091551,-7.1537780838531635,2.167223448295608,-0.7602233076310575,42407U
2025-06-29T06:25:21.975829,-1428.6499600897077,-720.9771334081863,6871.198824034401,-7.07139574925438,2.2205645498572193,-1.2293137840168349,42407U
2025-06-29T06:26:21.975829,-1849.7428533053635,-586.3681762044281,6783.488491292905,-6.960276187193961,2.2648766809577574,-1.6933653195290843,42407U
2025-06-29T06:27:21.975829,-2263.3174363294906,-449.3758788323617,6668.133180432421,-6.820870298669355,2.299981921158662,-2.150501382214081,42407U
2025-06-29T06:28:21.975829,-2667.6928714406645,-310.557083005437,6525.6034541528115,-6.653741602644907,2.3257388995416117,-2.598872403014813,42407U
2025-06-29T06:29:21.975829,-3061.2254626547756,-170.47600166626452,6356.479866244143,-6.459564337671707,2.3420433966344105,-3.0366627972420988,42407U
2025-06-29T06:30:21.975829,-3442.3152332836203,-29.701974511391306,6161.450713368537,-6.239121197876698,2.3488288352438893,-3.4620979440653916,42407U
2025-06-29T06:31:21.975829,-3809.4123564712445,111.1928025136916,5941.309369509059,-5.993300690529287,2.3460666545084843,-3.8734511113760224,42407U
2025-06-29T06:32:21.975829,-4161.023415561022,251.63556654050595,5696.9512068260465,-5.723094101628794,2.333766560529636,-4.269050308884751,42407U
2025-06-29T06:33:21.975829,-4495.7174703296005,391.05528829101064,5429.3701078434215,-5.429592056217272,2.311976646226162,-4.6472850474994924,42407U
2025-06-29T06:34:21.975829,-4812.131904358852,528.8849756871821,5139.654575362913,-5.113980661451026,2.280783372628616,-5.006612978107895,42407U
2025-06-29T06:35:21.975829,-5108.978028164124,664.5639719911029,4828.983448275268,-4.777537222864699,2.2403114037275063,-5.345566378082711,42407U
2025-06-29T06:36:21.975829,-5385.046412225882,797.5402394425606,4498.621233484465,-4.421625527685844,2.1907232872351408,-5.66275844936585,42407U
2025-06-29T06:37:21.975829,-5639.211923833507,927.2726189178045,4149.9130664633985,-4.047690693429675,2.1322189742254785,-5.956889388071838,42407U
2025-06-29T06:38:21.975829,-5870.438441705636,1053.2330557400883,3784.2793154695864,-3.657253585192142,2.0650351715775424,-6.226752182386851,42407U
2025-06-29T06:39:21.975829,-6077.783222738809,1174.9087814472175,3403.209847123119,-3.2519048109166486,1.98944452244815,-6.471238093284635,42407U
2025-06-29T06:40:21.975829,-6260.400895992114,1291.8044410839027,3008.2579738244117,-2.833298310249717,1.9057546116089048,-6.6893417713742815,42407U
2025-06-29T06:41:21.975829,-6417.547060162796,1403.4441554559687,2601.0341062988637,-2.403144559218502,1.8143067943587503,-6.880165963135567,42407U
2025-06-29T06:42:21.975829,-6548.581462354641,1509.3735077716456,2183.1991373293313,-1.9632034196425172,1.715474849813474,-7.042925760940146,42407U
2025-06-29T06:43:21.975829,-6652.97073788285,1609.1614442133096,1756.4575854066754,-1.5152766687148638,1.6096634616177543,-7.176952353614665,42407U
2025-06-29T06:44:21.975829,-6730.290693182877,1702.4020782406697,1322.5505295110722,-1.0612002503243392,1.4973065314539216,-7.281696237849239,42407U
2025-06-29T06:45:21.975829,-6780.228116561335,1788.7163888219063,883.2483684782164,-0.6028362952463079,1.3788653330661085,-7.356729855412463,42407U
2025-06-29T06:46:21.975829,-6802.5821045079965,1867.7538033256806,440.34344032531857,-0.1420649620999397,1.254826516803168,-7.401749626797085,42407U
2025-06-29T06:47:21.975829,-6797.264894522822,1939.1936564743032,-4.357461524555084,0.3192238451928045,1.1256999768416638,-7.416577358433918,42407U
2025-06-29T06:48:21.975829,-6764.3021988436885,2002.7465175511345,-449.04063704267475,0.7791388249616108,0.9920165952085555,-7.401161007803066,42407U
2025-06-29T06:49:21.975829,-6703.833037018259,2058.1553789540358,-891.8930546351329,1.2357956302785382,0.8543258784285157,-7.355574798432823,42407U
2025-06-29T06:50:21.975829,-6616.109068877229,2105.196700181281,-1331.1099134153392,1.687325165962153,0.713193504012144,-7.280018684692895,42407U
2025-06-29T06:51:21.975829,-6501.493433061785,2143.6813023995323,-1764.9021539335176,2.1318817705544637,0.5691987950466384,-7.174817174229362,42407U
2025-06-29T06:52:21.975829,-6360.459099759577,2173.4551098601246,-2191.503879310581,2.567651225853928,0.4229321418080979,-7.040417523624497,42407U
2025-06-29T06:53:21.975829,-6193.586749644993,2194.399735570691,-2609.179649873311,2.992858539843114,0.27499238958042477,-6.877387330176914,42407U
2025-06-29T06:54:21.975829,-6001.562194127852,2206.432909775328,-3016.2316159767315,3.4057754531772875,0.12598421172169905,-6.686411549373795,42407U
2025-06-29T06:55:21.975829,-5785.173354842342,2209.5087509196246,-3411.0064556407324,3.8047276246168096,-0.023484513511119555,-6.46828897349168,42407U
2025-06-29T06:56:21.975829,-5545.306822792051,2203.617879858487,-3791.9020859111592,4.188101456767492,-0.17280530477695527,-6.223928211646692,42407U
2025-06-29T06:57:21.975829,-5282.944019686793,2188.787379080355,-4157.37411937335,4.554350530001419,-0.3213716417388066,-5.954343215414207,42407U
2025-06-29T06:58:21.975829,-4999.156985716287,2165.0805996545687,-4505.9420399770115,4.902001619304592,-0.4685814765942386,-5.660648396747156,42407U
2025-06-29T06:59:21.975829,-4695.103819310562,2132.596819442973,-4836.195075161676,5.229660275777429,-0.6138396799805875,-5.344053386317825,42407U
2025-06-29T07:00:21.975829,-4372.023795333279,2091.4707568420727,-5146.7977441494795,5.5360159614012785,-0.756560410123711,-5.00585748058491,42407U
2025-06-29T07:01:21.975829,-4031.2321885930055,2041.8719449209177,-5436.495065175376,5.819846732315616,-0.8961693961657106,-4.647443824821615,42407U
2025-06-29T07:02:21.975829,-3674.114829767159,1984.0039713137357,-5704.1174070869665,6.080023471829427,-1.0321061286427997,-4.270273377323906,42407U
2025-06-29T07:03:21.975829,-3302.1224204395608,1918.1035895643004,-5948.584973504926,6.315513679933063,-1.1638259522027448,-3.8758786967399255,42407U
2025-06-29T07:04:21.975829,-2916.76463365571,1844.4397078929042,-6168.9119099383715,6.5253848304413005,-1.2908020575022936,-3.4658575907567193,42407U
2025-06-29T07:05:21.975829,-2519.6040252928087,1763.312261430974,-6364.210026639483,6.708807310732745,-1.412527371131941,-3.0418666594155765,42407U
2025-06-29T07:06:21.975829,-2112.249780966715,1675.0509740616228,-6533.692131565607,6.865056961336377,-1.5285163438321943,-2.605614761654078,42407U
2025-06-29T07:07:21.975829,-1696.351321816418,1580.0140158966897,-6676.674969575096,6.993517234275464,-1.6383066386643332,-2.1588564280203917,42407U
2025-06-29T07:08:21.975829,-1273.5917915300488,1478.5865623234868,-6792.581765101201,7.093680989325902,-1.7414607217206677,-1.7033852373054192,42407U
2025-06-29T07:09:21.975829,-845.6814458087033,1371.1792603744723,-6880.944366493065,7.16515194665936,-1.8375673586199404,-1.241027169609371,42407U
2025-06-29T07:10:21.975829,-414.3509644197607,1258.2266079734445,-6941.404990824204,7.2076458126220295,-1.9262430203261607,-0.7736339435781018,42407U
2025-06-29T07:11:21.975829,18.65529493177066,1140.185251403913,-6973.717568316241,7.220991092794723,-2.0071332017755155,-0.30307634134345646,42407U
2025-06-29T07:12:21.975829,451.58608243326296,1017.532206149706,-6977.748685645069,7.205129603126068,-2.0799136564038014,0.1687624787440612,42407U
2025-06-29T07:13:21.975829,882.6900637467505,890.7630060946764,-6953.478127335444,7.160116685995395,-2.1442915489635226,0.6399936840483659,42407U
2025-06-29T07:14:21.975829,1310.2226316800738,760.3897859549915,-6900.999014266401,7.086121133736974,-2.2000065280397614,1.1087294882439866,42407U
2025-06-29T07:15:21.975829,1732.4527043066926,626.9393017688741,-6820.517538064343,6.983424817648671,-2.246831718465225,1.573089895035295,42407U
2025-06-29T07:16:21.975829,2147.669491653209,490.9508942956959,-6712.352289918412,6.852422016028332,-2.284574632455084,2.031209468818658,42407U
2025-06-29T07:17:21.975829,2554.1892125641225,352.97440029126454,-6576.933182180009,6.6936184305486925,-2.313077996791029,2.4812441343637657,42407U
2025-06-29T07:18:21.975829,2950.3617426153255,213.56801682773775,-6414.799961067095,6.50762987650008,-2.3322204918538474,2.921378004818888,42407U
2025-06-29T07:19:21.975829,3334.5771729933626,73.29612412112729,-6226.6003089451515,6.295180629296892,-2.3419173968019744,3.349830233618244,42407U
2025-06-29T07:20:21.975829,3705.2722591411143,-67.27292728967085,-6013.087535053537,6.057101407330281,-2.3421211337918604,3.7648618813323793,42407U
2025-06-29T07:21:21.975829,4060.936736746463,-207.56905871014686,-5775.1178542291755,5.794326969897137,-2.332821702903446,4.164782783321881,42407U
2025-06-29T07:22:21.975829,4400.11948136788,-347.0227279730085,-5513.647254188719,5.507893308661159,-2.31404699843182,4.547958398411332,42407U
2025-06-29T07:23:21.975829,4721.434486729982,-485.0672092283256,-5229.727953280173,5.198934411971731,-2.285862996492545,4.912816612924921,42407U
2025-06-29T07:24:21.975829,5023.566635541565,-621.1408798193604,-4924.504452319141,4.868678583417897,-2.2483738035070324,5.257854468533864,42407U
2025-06-29T07:25:21.975829,5305.277235663695,-754.6895055973811,-4599.209186175541,4.518444299214359,-2.201721555123349,5.581644776699278,42407U
2025-06-29T07:26:21.975829,5565.409293655143,-885.1685154137455,-4255.15778315366,4.149635593348867,-2.146086155507667,5.8828425772851,42407U
2025-06-29T07:27:21.975829,5802.89249720815,-1012.0452549456877,-3893.7439428806715,3.7637369647716414,-2.081684847721729,6.160191394382609,42407U
2025-06-29T07:28:21.975829,6016.747877818586,-1134.8012094879095,-3516.433946339663,3.362307807140736,-2.0087716070770743,6.412529238735948,42407U
2025-06-29T07:29:21.975829,6206.092125261102,-1252.9341848994773,-3124.7608147924566,2.9469763685787007,-1.9276363509064072,6.638794303564725,42407U
2025-06-29T07:30:21.975829,6370.141526094937,-1365.9604355537654,-2720.3181375735185,2.5194332563511104,-1.838603960083866,6.838030299183374,42407U
2025-06-29T07:31:21.975829,6508.2154995396695,-1473.4167279205205,-2304.753592017453,2.0814245091159753,-1.7420331098115514,7.009391371726895,42407U
2025-06-29T07:32:21.975829,6619.739705638796,-1574.8623283274608,-1879.7621820357267,1.6347442671835655,-1.6383149096126002,7.152146552564417,42407U
2025-06-29T07:33:21.975829,6704.248702673844,-1669.880903518668,-1447.0792249909055,1.1812270788132704,-1.5278713550615752,7.265683687634585,42407U
2025-06-29T07:34:21.975829,6761.388133277789,-1758.0823228533443,-1008.4731194644282,0.7227398877332318,-1.4111535964710633,7.3495127999296255,42407U
2025-06-29T07:35:21.975829,6790.91642160041,-1839.1043513811665,-565.7379291680902,0.26117375353651384,-1.2886400324521456,7.403268843617978,42407U
2025-06-29T07:36:21.975829,6792.705967142658,-1912.6142235784707,-120.68582057762136,-0.2015646377857006,-1.1608342389052857,7.426713814690484,42407U
2025-06-29T07:37:21.975829,6766.743824454059,-1978.3100882389776,324.8606062427364,-0.6635616114029811,-1.0282627464853005,7.419738190389871,42407U
2025-06-29T07:38:21.975829,6713.131861699463,-2035.9223158600319,769.0760527070582,-1.1229052242106197,-0.8914726818565119,7.382361677825746,42407U
2025-06-29T07:39:21.975829,6632.08639507753,-2085.2146608469534,1210.140280830384,-1.5776940013564744,-0.7510292900300394,7.314733260866825,42407U
2025-06-29T07:40:21.975829,6523.93730012851,-2125.98527194462,1646.2458541638248,-2.026045621101362,-0.6075133567082788,7.217130543385907,42407U
2025-06-29T07:41:21.975829,6389.12660501646,-2158.067545483538,2075.605818457977,-2.4661054812416885,-0.46151855079030946,7.089958395952381,42407U
2025-06-29T07:42:21.975829,6228.206574831331,-2181.330817263272,2496.4612806438654,-2.896055082542239,-0.3136487079971429,6.933746921864089,42407U
2025-06-29T07:43:21.975829,6041.837299737903,-2195.6808901716445,2907.08884593737,-3.3141201681842567,-0.1645150769210946,6.749148766725936,42407U
2025-06-29T07:44:21.975829,5830.783803338408,-2201.0603959174528,3305.807874546311,-3.718578562955102,-0.014733548702833487,6.536935803391751,42407U
2025-06-29T07:45:21.975829,5595.912690829574,-2197.4489905174805,3690.9875215911466,-4.1077676616835825,0.13507810901407927,6.297995230765242,42407U
2025-06-29T07:46:21.975829,5338.188359386033,-2184.8633843937087,4061.053526327474,-4.4800915230113105,0.284302994162352,6.033325130548499,42407U
2025-06-29T07:47:21.975829,5058.668795622147,-2163.3572090834946,4414.4947195640925,-4.83402753181908,0.4323277700225449,5.7440295303739495,42407U
2025-06-29T07:48:21.975829,4758.5009869746245,-2133.0207236206998,4749.869221168665,-5.168132601199688,0.5785453060041165,5.431313024798488,42407U
2025-06-29T07:49:21.975829,4438.915975331341,-2093.980364589503,5065.810302748298,-5.481048892623191,0.7223572446938032,5.096475007271103,42407U
2025-06-29T07:50:21.975829,4101.223582375871,-2046.3981446862917,5361.0318937090615,-5.771509040436723,0.8631764824970867,4.740903566589362,42407U
2025-06-29T07:51:21.975829,3746.806836543198,-1990.4709052980418,5634.333712279481,-6.0383408742611095,1.0004295535039516,4.366069100179589,42407U
2025-06-29T07:52:21.975829,3377.116131903853,-1926.4294291905169,5884.6060059360525,-6.280471639259113,1.133558908353932,3.973517694588165,42407U
2025-06-29T07:53:21.975829,2993.663148832609,-1854.5374197866472,6110.833888844399,-6.496931720372842,1.2620250821969499,3.5648643200366212,42407U
2025-06-29T07:54:21.975829,2598.0145660793796,-1775.090353849842,6312.101266402542,-6.686857881345281,1.3853087478164565,3.141785882055139,42407U
2025-06-29T07:55:21.975829,2191.7855927890805,-1688.414214513262,6487.594339613878,-6.849496033433891,1.5029126519830946,2.706014168099598,42407U
2025-06-29T07:56:21.975829,1776.633348243164,-1594.8641116961628,6636.604683987968,-6.984203551327929,1.6143634346714018,2.259328722025611,42407U
2025-06-29T07:57:21.975829,1354.2501158694156,-1494.8227969047796,6758.531899544026,-7.090451155444979,1.7192133321589733,1.8035496737111958,42407U
2025-06-29T07:58:21.975829,926.3564969229873,-1388.699079324789,6852.885829937077,-7.167824380195751,1.8170417660297435,1.3405305457196017,42407U
2025-06-29T07:59:21.975829,494.69448806809703,-1276.9261499648555,6919.288349877373,-7.216024647153631,1.9074568207650369,0.8721510537166997,42407U
2025-06-29T08:00:21.975829,61.02050599649042,-1159.9598204366102,6957.4747208616145,-7.234869960417905,1.990096612904658,0.4003099126697976,42407U
2025-06-29T08:01:21.975829,-372.9016187486198,-1038.2766827755474,6967.2945158205985,-7.224295238961382,2.06463055470822,-0.07308234316131687,42407U
2025-06-29T08:02:21.975829,-805.3076573690122,-912.3721965397135,6948.712113657231,-7.184352297574921,2.13076051486432,-0.5461105216142764,42407U
2025-06-29T08:03:21.975829,-1234.4399870344816,-782.7587092901529,6901.806764856011,-7.115209484359231,2.1882218781178766,-1.0168619127891974,42407U
2025-06-29T08:04:21.975829,-1658.5545632961537,-649.9634164708335,6826.77222945136,-7.017150978781527,2.236784504763493,-1.4834334065755708,42407U
2025-06-29T08:05:21.975829,-2075.9278403619596,-514.5262666843793,6723.915988711271,-6.890575750332561,2.276253589838778,-1.9439385862356398,42407U
2025-06-29T08:06:21.975829,-2484.863618782105,-376.9978184092044,6593.65803199058,-6.735996174010597,2.306470420612721,-2.396514795785663,42407U
2025-06-29T08:07:21.975829,-2883.6997997548215,-237.93705432804634,6436.5292203947265,-6.554036295431512,2.3273130296699627,-2.8393301769570565,42407U
2025-06-29T08:08:21.975829,-3270.815024721681,-97.90915964516826,6253.169229234398,-6.345429735521194,2.3386967396101896,-3.2705906686284476,42407U
2025-06-29T08:09:21.975829,-3644.635178252232,42.51672895497722,6044.3240717853205,-6.111017222646773,2.3405745941878977,-3.6885469579694177,42407U
2025-06-29T08:10:21.975829,-4003.6397314310407,182.76979670558788,5810.843207648683,-5.851743738839474,2.332937669673833,-4.091501368252051,42407U
2025-06-29T08:11:21.975829,-4346.367902146162,322.2798391090054,5553.676240057,-5.568655266545245,2.315815259390076,-4.477814663596793,42407U
2025-06-29T08:12:21.975829,-4671.424607878457,460.47955739422434,5273.869207811921,-5.262895123180036,2.289274923805618,-4.845912746014852,42407U
2025-06-29T08:13:21.975829,-4977.486185876961,596.806852763921,4972.560479179376,-4.935699872683627,2.2534223983229578,-5.194293215220242,42407U
2025-06-29T08:14:21.975829,-5263.305855047228,730.7071106437301,4650.976256988294,-4.588394806229134,2.2084013509669878,-5.521531757042265,42407U
2025-06-29T08:15:21.975829,-5527.718893521088,861.635465686911,4310.425706374791,-4.22238898820581,2.154392982623333,-5.82628832207223,42407U
2025-06-29T08:16:21.975829,-5769.647505797577,989.059037872305,3952.295719029346,-3.8391698684220983,2.0916154632674435,-6.107313052656261,42407U
2025-06-29T08:17:21.975829,-5988.105353570328,1112.4591296713788,3578.0453304163507,-3.4402974670583193,2.0203231987674752,-6.363451913651522,42407U
2025-06-29T08:18:21.975829,-6182.201724944676,1231.3333739819084,3189.1998091675605,-3.0273981450400593,1.9408059243090616,-6.593651980669728,42407U
2025-06-29T08:19:21.975829,-6351.145317711382,1345.1978223413662,2787.3444406584845,-2.6021579790289335,1.853387622242978,-6.796966338936547,42407U
2025-06-29T08:20:21.975829,-6494.24761371065,1453.5889628650466,2374.118029572163,-2.1663157669054462,1.758425264147612,-6.972558546489662,42407U
2025-06-29T08:21:21.975829,-6610.925823081782,1556.0656574085488,1951.2061489843077,-1.7216556962473595,1.656307379072432,-7.119706617241754,42407U
2025-06-29T08:22:21.975829,-6700.705379348328,1652.210987645746,1520.334166076642,-1.26999971464579,1.5474524522186917,-7.237806482449088,42407U
2025-06-29T08:23:21.975829,-6763.221968804461,1741.6340000815715,1083.2600769504502,-0.8131996465557212,1.4323071606537883,-7.326374893287958,42407U
2025-06-29T08:24:21.975829,-6798.22308051646,1823.971340489515,641.7671850797001,-0.3531291065239497,1.3113444549683928,-7.385051732466112,42407U
2025-06-29T08:25:21.975829,-6805.5690663786145,1898.8887688665466,197.656659683783,0.1083247370703392,1.1850614980063208,-7.4136017089405675,42407U
2025-06-29T08:26:21.975829,-6785.233704015474,1966.0825467330028,-247.25998837149635,0.5692694903738552,1.05397747384812,-7.411915416722717,42407U
2025-06-29T08:27:21.975829,-6737.304258831771,2025.2806894507364,-691.1684746188675,1.0278158949859901,0.9186312820568673,-7.380009746223885,42407U
2025-06-29T08:28:21.975829,-6661.981045110726,2076.244077183512,-1132.2593140194138,1.482086161014829,0.7795791337309274,-7.318027644424696,42407U
2025-06-29T08:29:21.975829,-6559.576489676021,2118.767419151856,-1568.735360031097,1.9302222121348964,0.6373920671190411,-7.226237228109407,42407U
2025-06-29T08:30:21.975829,-6430.513705187151,2152.68006692635,-1998.8192712801372,2.370393784091815,0.49265340138960756,-7.105030262263975,42407U
2025-06-29T08:31:21.975829,-6275.324583563879,2177.846673630661,-2420.7608683467615,2.8008063208383174,0.34595614759857907,-6.9549200232702875,42407U
2025-06-29T08:32:21.975829,-6094.6474232567,2194.167697069427,-2832.8443445844505,3.219708616355118,0.19790039594301062,-6.776538573517059,42407U
2025-06-29T08:33:21.975829,-5889.224107047754,2201.579745927325,-3233.3952966632055,3.625400155025988,0.04909069804244464,-6.5706334803070705,42407U
2025-06-29T08:34:21.975829,-5659.896849710434,2200.055769287022,-3620.7875426754104,4.016238109106947,-0.09986653774678375,-6.338064017285525,42407U
2025-06-29T08:35:21.975829,-5407.604537149858,2189.605090757812,-3993.4496980531053,4.3906439581152314,-0.24836562106012078,-6.079796890922783,42407U
2025-06-29T08:36:21.975829,-5133.378680546091,2170.273289477745,-4349.87148219128,4.747109701703197,-0.39580410876942246,-5.796901537743701,42407U
2025-06-29T08:37:21.975829,-4838.339010507449,2142.1419311308596,-4688.609731471915,5.084203644549125,-0.5415852748774899,-5.490545039940773,42407U
2025-06-29T08:38:21.975829,-4523.688737356375,2105.3281528986877,-5008.294097212197,5.400575738719543,-0.6851205090370472,-5.161986707771343,42407U
2025-06-29T08:39:21.975829,-4190.709504210342,2059.9841069110284,-5307.632410077566,5.694962475850024,-0.8258316337270113,-4.812572376521356,42407U
2025-06-29T08:40:21.975829,-3840.7560600445204,2006.2962673246684,-5585.415695046545,5.966191327561468,-0.9631531320670297,-4.443728464443949,42407U
2025-06-29T08:41:21.975829,-3475.250679524216,1944.4846065389563,-5840.522824038507,6.21318473859353,-1.0965342804650566,-4.05695583507396,42407U
2025-06-29T08:42:21.975829,-3095.6773562863586,1874.8016463846009,-6071.924795517249,6.434963681798293,-1.225441182153141,-3.653823504036126,42407U
2025-06-29T08:43:21.975829,-2703.57579544345,1797.53139026909,-6278.6886328607225,6.630650788394298,-1.3493586996250462,-3.235962225882453,42407U
2025-06-29T08:44:21.975829,-2300.535230392612,1712.9881423646302,-6459.980895125482,6.79947306976747,-1.4677922855760053,-2.8050579918029652,42407U
2025-06-29T08:45:21.975829,-1888.188087846261,1621.5152198849753,-6615.070795623198,6.94076424916047,-1.5802697134097348,-2.3628454636691862,42407U
2025-06-29T08:46:21.975829,-1468.203523956135,1523.483564415186,-6743.332925047474,7.053966722394968,-1.6863427094734424,-1.9111013645678887,42407U
2025-06-29T08:47:21.975829,-1042.2808532443303,1419.290258103307,-6844.249576960018,7.138633166550748,-1.7855884899891485,-1.4516378406673138,42407U
2025-06-29T08:48:21.975829,-612.142890971537,1309.3569503356164,-6917.412674189721,7.194427814249708,-1.8776112061037546,-0.9862958042745054,42407U
2025-06-29T08:49:21.975829,-179.52922858124043,1194.1282003103804,-6962.525295164813,7.221127408978626,-1.962043300587896,-0.5169382634485415,42407U
2025-06-29T08:50:21.975829,253.81053897345782,1074.0697407228595,-6979.402799415617,7.218621853850841,-2.0385467794769467,-0.04544363972744131,42407U
2025-06-29T08:51:21.975829,686.1236158449908,949.6666675957348,-6967.973551499884,7.186914562513508,-2.1068144013858197,0.42630092744053694,42407U
2025-06-29T08:52:21.975829,1115.6608200791366,821.421561150309,-6928.2792424685795,7.126122516734383,-2.1665707863765764,0.896406292984186,42407U
2025-06-29T08:53:21.975829,1540.683392945382,689.8525425354917,-6860.474807764319,7.0364760307495455,-2.217573445151268,1.3629880395907779,42407U
2025-06-29T08:54:21.975829,1959.4697850601253,555.4912712226474,-6764.827940193916,6.918318217933258,-2.259613728039564,1.8241732364202172,42407U
2025-06-29T08:55:21.975829,2370.3224011643074,418.8808879479322,-6641.718196404405,6.772104150978923,-2.292517691807743,2.2781072261443875,42407U
2025-06-29T08:56:21.975829,2771.5742847801475,280.5739082446701,-6491.635695183587,6.598399702767259,-2.3161468808000203,2.722960440990859,42407U
2025-06-29T08:57:21.975829,3161.595723108305,141.13007186045263,-6315.179405963842,6.397880051646892,-2.3303990174041815,3.1569352451605743,42407U
2025-06-29T08:58:21.975829,3538.8007514786023,1.1141536945580506,-6113.055026188174,6.171327832146509,-2.335208595381927,3.5782727968024948,42407U
2025-06-29T08:59:21.975829,3901.653535488742,-138.9062576872482,-5886.0724467442415,5.919630910330166,-2.3305473682892583,3.985259917821862,42407U
2025-06-29T09:00:21.975829,4248.674607693145,-278.36300740394324,-5635.142805534094,5.643779762235768,-2.316424724099417,4.376235954331425,42407U
2025-06-29T09:01:21.975829,4578.446934433864,-416.68964036765556,-5361.275130436682,5.344864434175835,-2.292887936290063,4.749599604768317,42407U
2025-06-29T09:02:21.975829,4889.6217871717745,-553.3236784395414,-5065.572574467835,5.024071065198141,-2.260022281117409,5.103815686778392,42407U
2025-06-29T09:03:21.975829,5180.924391577321,-687.7089003047346,-4749.228247834297,4.682677954694312,-2.2179510106145073,5.437421808179417,42407U
2025-06-29T09:04:21.975829,5451.15932672589,-819.2976151153205,-4413.520653813114,4.3220511619845965,-2.1668351710466602,5.74903490186677,42407U
2025-06-29T09:05:21.975829,5699.215646091862,-947.5529203518647,-4059.808737930942,3.9436396296117007,-2.1068732571495894,6.037357579661342,42407U
2025-06-29T09:06:21.975829,5924.071691704857,-1071.95093380177,-3689.526562730387,3.5489698279280106,-2.038300693465655,6.301184256026996,42407U
2025-06-29T09:07:21.975829,6124.7995728711785,-1191.9829890699311,-3304.1776234441013,3.139639925207892,-1.9613891354688517,6.5394069894905344,42407U
2025-06-29T09:08:21.975829,6300.569281321109,-1307.1577836462673,-2905.3288230845,2.7173134947674176,-1.8764455849011408,6.75102098764426,42407U
2025-06-29T09:09:21.975829,6450.65241554701,-1417.0034682780692,-2494.604128725541,2.2837127782131152,-1.7838113157915236,6.935129720920894,42407U
2025-06-29T09:10:21.975829,6574.425488463759,-1521.06966624708,-2073.6779340306975,1.8406115317428782,-1.6838606099425406,7.090949590980051,42407U
2025-06-29T09:11:21.975829,6671.372794359266,-1618.929411149346,-1644.2681562763823,1.3898274901323284,-1.5769993031817156,7.217814101575521,42407U
2025-06-29T09:12:21.975829,6741.088813391447,-1710.1809919273023,-1208.129099163661,0.9332144904276809,-1.4636631463198913,7.315177483164505,42407U
2025-06-29T09:13:21.975829,6783.280134609498,-1794.4496942181038,-767.0441155042685,0.4726543041743564,-1.3443159874525112,7.382617727222263,42407U
2025-06-29T09:14:21.975829,6797.766881584184,-1871.3894275550786,-322.8181063546428,0.01004823303894095,-1.2194477849087941,7.419838992124687,42407U
2025-06-29T09:15:21.975829,6784.483628177381,-1940.684228593636,122.73010473664682,-0.45269147229192863,-1.0895724627115995,7.426673349416636,42407U
2025-06-29T09:16:21.975829,6743.47979569579,-2002.0496313135573,567.7754820446701,-0.9136503061730701,-0.9552256227850763,7.403081847104145,42407U
2025-06-29T09:17:21.975829,6674.919526587583,-2055.2338960678767,1010.4945310642177,-1.3709202486769967,-0.8169621302611628,7.34915487508079,42407U
2025-06-29T09:18:21.975829,6579.081033870742,-2100.0190903853622,1449.0730528622546,-1.8226084853256665,-0.6753535900290784,7.2651118266795915,42407U
2025-06-29T09:19:21.975829,6456.35542954604,-2136.222015567043,1881.7138571626322,-2.266846038519516,-0.5309857340899106,7.151300059377782,42407U
2025-06-29T09:20:21.975829,6307.245039257528,-2163.694974325755,2306.644392386233,-2.7017962449188584,-0.38445574027884105,7.008193166609926,42407U
2025-06-29T09:21:21.975829,6132.361214338985,-2182.3263759727893,2722.124251838302,-3.1256630159899017,-0.2363695034783156,6.836388581209752,42407U
2025-06-29T09:22:21.975829,5932.42165604237,-2192.041176932308,3126.4525167128245,-3.536698823145788,-0.08733888054942304,6.636604538955265,42407U
2025-06-29T09:23:21.975829,5708.247270117006,-2192.801155633351,3517.974898509115,-3.9332123542291972,0.06202107013349125,6.409676437817613,42407U
2025-06-29T09:24:21.975829,5460.758572928899,-2184.6050220652864,3895.0906457902847,-4.313575794335795,0.21109483443467883,6.156552634615224,42407U
2025-06-29T09:25:21.975829,5190.971672933945,-2167.488363459657,4256.25918287393,-4.676231690940263,0.3592691545523549,5.878289725702587,42407U
2025-06-29T09:26:21.975829,4899.993853500625,-2141.5234286572822,4600.006450975802,-5.019699370745232,0.505935690033836,5.576047361957268,42407U
2025-06-29T09:27:21.975829,4589.0187848137175,-2106.818754715125,4924.930925418491,-5.342580883353937,0.6504936120874756,5.251082650623647,42407U
2025-06-29T09:28:21.975829,4259.32139383488,-2063.518640185169,5229.709285738151,-5.643566454571665,0.7923521176036532,4.904744197472252,42407U
2025-06-29T09:29:21.975829,3912.2524221342924,-2011.8024702528412,5513.101718698761,-5.921439439532884,0.9309328514533308,4.5384658423536175,42407U
2025-06-29T09:30:21.975829,3549.232701729602,-1951.8838995354429,5773.956837423691,-6.175080772847203,1.0656722278950697,4.153760139507533,42407U
2025-06-29T09:31:21.975829,3171.7471790693253,-1884.009898826229,6011.216202828353,-6.403472919173051,1.196023644134681,3.75221163122306,42407U
2025-06-29T09:32:21.975829,2781.3387169341,-1808.459672424235,6223.9184363474105,-6.605703333014321,1.3214595812190852,3.3354699597009314,42407U
2025-06-29T09:33:21.975829,2379.601703294033,-1725.5434529056754,6411.202915550156,-6.780967440955322,1.441473589450014,2.9052428573736973,42407U
2025-06-29T09:34:21.975829,1968.1754953091292,-1635.6011803135668,6572.3130464619835,-6.928571162784996,1.5555821572418187,2.4632890509120746,42407U
2025-06-29T09:35:21.975829,1548.737725568367,-1539.00107275332,6706.599108378206,-7.0479329901001355,1.663326463841148,2.01141110871837,42407U
2025-06-29T09:36:21.975829,1122.9974965026554,-1436.1380953162395,6813.520668572185,-7.138585641930072,1.7642740174933418,1.5514482562267284,42407U
2025-06-29T09:37:21.975829,692.6884877343111,-1327.4323341293868,6892.648565586433,-7.200177316751536,1.8580201814602892,1.0852691780189432,42407U
2025-06-29T09:38:21.975829,259.56199998570753,-1213.3272821664975,6943.666460777434,-7.232472559051303,1.9441895907600064,0.6147648208265107,42407U
2025-06-29T09:39:21.975829,-174.6200418609239,-1094.2880432753577,6966.371958483385,-7.23535275646128,2.022437462605641,0.14184120714739815,42407U
2025-06-29T09:40:21.975829,-608.0921048385667,-970.7994607020447,6960.677295645165,-7.208816280596519,2.0924508032883984,-0.3315877343730965,42407U
2025-06-29T09:41:21.975829,-1039.0920620717643,-843.3641762426917,6926.609601983222,-7.1529782812567975,2.153949513704555,-0.8036073183174649,42407U
2025-06-29T09:42:21.975829,-1465.8681844831367,-712.5006260441702,6864.310731977487,-7.068070139813312,2.2066873949136947,-1.2723092298156917,42407U
2025-06-29T09:43:21.975829,-1886.686089677676,-578.7409790239667,6774.036669974354,-6.954438583612544,2.2504530540853387,-1.7357986285964913,42407U
2025-06-29T09:44:21.975829,-2299.8356276368336,-442.6290238942324,6656.156509820775,-6.812544459311467,2.2850707100058796,-2.1922012280862533,42407U
2025-06-29T09:45:21.975829,-2703.637682603135,-304.7180108670394,6511.151010564966,-6.642961159431504,2.3104008960432716,-2.6396703463511657,42407U
2025-06-29T09:46:21.975829,-3096.450870091937,-165.56845428382945,6339.610730023848,-6.446372693282114,2.3263410571758776,-3.0763939232052775,42407U
2025-06-29T09:47:21.975829,-3476.678107339075,-25.745902660046934,6142.233738459622,-6.223571390949871,2.33282603645089,-3.500601494470778,42407U
2025-06-29T09:48:21.975829,-3842.7730347612433,114.18131705110918,5919.822915269052,-5.975455227417407,2.3298284451205764,-3.9105711103667,42407U
2025-06-29T09:49:21.975829,-4193.246265189903,253.6443737919416,5673.2828325151895,-5.70302475320216,2.3173589097708738,-4.304636180463633,42407U
2025-06-29T09:50:21.975829,-4526.671436826144,392.07621772107797,5403.61623033821,-5.407379618258681,2.2954661890650123,-4.681192222809046,42407U
2025-06-29T09:51:21.975829,-4841.691045103971,528.9138684542027,5111.92009078425,-5.089714677313666,2.2642371523218747,-5.038703489905089,42407U
2025-06-29T09:52:21.975829,-5137.022028006518,663.6006976831696,4799.381318389263,-4.751315667300506,2.223796612070092,-5.375709439432267,42407U
2025-06-29T09:53:21.975829,-5411.461078927609,795.5886971674687,4467.272037924715,-4.3935544510734825,2.1743070029870997,-5.690831013192039,42407U
2025-06-29T09:54:21.975829,-5663.889660953457,924.3407226523303,4116.944522036326,-4.017883826036838,2.1159679002586786,-5.98277668388287,42407U
2025-06-29T09:55:21.975829,-5893.278696521882,1049.3327038794087,3749.825764034435,-3.6258319015833287,2.04901537137338,-6.250348226234238,42407U
2025-06-29T09:56:21.975829,-6098.6929068342415,1170.0558105362256,3367.41171378056,-3.218996055150588,1.9737211566805826,-6.492446166856631,42407U
2025-06-29T09:57:21.975829,-6279.294776185432,1286.018563760652,2971.2611973950675,-2.7990364830812076,1.8903916756598296,-6.708074866059098,42407U
2025-06-29T09:58:21.975829,-6434.348117557912,1396.7488826915953,2562.989544323365,-2.367669369114236,1.7993668577303532,-6.896347184930489,42407U
2025-06-29T09:59:21.975829,-6563.221217409648,1501.7960555530233,2144.2619480637645,-1.9266597000147585,1.701018798518919,-7.056488692233987,42407U
2025-06-29T10:00:21.975829,-6665.389539562335,1600.7326248836362,1716.786589517031,-1.4778137643534468,1.5957502447426675,-7.187841368130212,42407U
2025-06-29T10:01:21.975829,-6740.43797045314,1693.156176787582,1282.3075543829793,-1.022971376549028,1.4839929131811402,-7.289866765394544,42407U
2025-06-29T10:02:21.975829,-6788.062590714972,1778.69102448344,842.597578243332,-0.5639978737854409,1.3662056515398775,-7.3621485935489615,42407U
2025-06-29T10:03:21.975829,-6808.071961057515,1856.9897769689248,399.4506548631258,-0.10277593811650908,1.2428724512725418,-7.404394697074017,42407U
2025-06-29T10:04:21.975829,-6800.38791367844,1927.734784289593,-45.32545523025391,0.3588027001782688,1.1145003245618412,-7.416438405450039,42407U
2025-06-29T10:05:21.975829,-6765.045843882411,1990.6394516932278,-489.91677772860436,0.8188456192670527,0.9816170595912309,-7.398239240019171,42407U
2025-06-29T10:06:21.975829,-6702.194500153973,2045.4494158513585,-932.5107002595786,1.2754680622624843,0.8447688699147498,-7.349882970354644,42407U
2025-06-29T10:07:21.975829,-6612.09527454893,2091.9435773205146,-1371.3035318268944,1.7268012330937639,0.7045179550946357,-7.27158102075238,42407U
2025-06-29T10:08:21.975829,-6495.120998861205,2129.9349844766098,-1804.5080072455914,2.1710004723041916,0.5614399907890343,-7.163669235392415,42407U
2025-06-29T10:09:21.975829,-6351.754255517007,2159.2715652655434,-2230.3606985955707,2.606253255541164,0.4161215671040267,-7.026606018426136,42407U
2025-06-29T10:10:21.975829,-6182.585215472974,2179.8367042477093,-2647.1292969172805,3.0307869608719575,0.2691575942589464,-6.8609698725087105,42407U
2025-06-29T10:11:21.975829,-5988.309018485854,2191.5496635506056,-3053.11972898689,3.442876355463655,0.12114869444906474,-6.667456365909223,42407U
2025-06-29T10:12:21.975829,-5769.722713921101,2194.365847457634,-3446.6830759898853,3.8408507574672344,-0.02730140176416909,-6.4468745641124094,42407U
2025-06-29T10:13:21.975829,-5527.721782726336,2188.276911430689,-3826.2222632118023,4.223100834978153,-0.17558843712643782,-6.200142966620794,42407U
2025-06-29T10:14:21.975829,-5263.296263280455,2173.310717368296,-4190.198492410325,4.588085010504951,-0.3231101712685643,-5.928284993359534,42407U
2025-06-29T10:15:21.975829,-4977.526505506907,2149.5311378218516,-4537.137391272131,4.934335446270278,-0.46926887156913855,-5.63242406758983,42407U
2025-06-29T10:16:21.975829,-4671.578578909509,2117.037712713879,-4865.634857197313,5.260463592655651,-0.6134737384455798,-5.313778343522042,42407U
2025-06-29T10:17:21.975829,-4346.699361046176,2075.9651628147603,-5174.362575536755,5.565165288979176,-0.7551432541506913,-4.9736551268834654,42407U
2025-06-29T10:18:21.975829,-4004.2113333777465,2026.4827648230314,-5462.073195288991,5.847225412378094,-0.8937074461998479,-4.613445035543455,42407U
2025-06-29T10:19:21.975829,-3645.507111570733,1968.793593372291,-5727.605147950697,6.105522076534275,-1.0286100585909863,-4.2346159451491125,42407U
2025-06-29T10:20:21.975829,-3272.0437369993642,1903.1336356283346,-5969.88709788216,6.3390303873857965,-1.1593106260407617,-3.838706761457103,42407U
2025-06-29T10:21:21.975829,-2885.3367556741464,1829.7707843737903,-6187.942014881757,6.546825767401358,-1.285286448364159,-3.4273210570662953,42407U
2025-06-29T10:22:21.975829,-2486.954110042931,1749.0037156012097,-6380.890861781298,6.728086863501884,-1.4060344638756326,-3.0021206056051217,42407U
2025-06-29T10:23:21.975829,-2078.509868111974,1661.160656654456,-6547.955891721462,6.882098056187005,-1.521073022229729,-2.564818841288876,42407U
2025-06-29T10:24:21.975829,-1661.6578132696197,1566.5980509013102,-6688.46355126863,7.00825158876677,-1.62994355836863,-2.117174266441228,42407U
2025-06-29T10:25:21.975829,-1238.0849170544293,1465.699124793176,-6801.846986738172,7.10604933585991,-1.7322121701953002,-1.660983824210582,42407U
2025-06-29T10:26:21.975829,-809.5047159948476,1358.8723629960307,-6887.64815197299,7.175104229508824,-1.8274711032049633,-1.1980762485631156,42407U
2025-06-29T10:27:21.975829,-377.6506126019504,1246.5498970765523,-6945.5195164181505,7.2151413594628195,-1.9153401455764454,-0.7303053988887246,42407U
2025-06-29T10:28:21.975829,55.73088030674572,1129.1858130235207,-6975.225372656474,7.22599876150095,-1.9954679371448816,-0.25954358242402126,42407U
2025-06-29T10:29:21.975829,488.88693351169746,1007.2543826916252,-6976.642742672868,7.207627904252376,-2.067533195266898,0.21232513567962288,42407U
2025-06-29T10:30:21.975829,920.0652155842962,881.2482240992856,-6949.7618820403295,7.160093880991915,-2.1312458598673674,0.6834116372626452,42407U
2025-06-29T10:31:21.975829,1347.5207097010116,751.6763954023173,-6894.686381030283,7.083575308537375,-2.186348158967028,1.1518284751113732,42407U
2025-06-29T10:32:21.975829,1769.5225154031914,619.062427325287,-6811.6328614026115,6.978363930858122,-2.2326155947747526,1.615696620386119,42407U
2025-06-29T10:33:21.975829,2184.360617363745,483.9422988659045,-6700.930267393345,6.844863920537082,-2.269857849047508,2.073152237210058,42407U
2025-06-29T10:34:21.975829,2590.352602692063,346.86236120879215,-6563.018749255431,6.683590867025803,-2.2979196049352106,2.522353486266499,42407U
2025-06-29T10:35:21.975829,2985.8503075447607,208.37721499447233,-6398.448137683741,6.4951704369014935,-2.3166812810068502,2.961487356383901,42407U
2025-06-29T10:36:21.975829,3369.246372842605,69.04754638827976,-6207.876007627543,6.28033668826715,-2.326059671667829,3.388776519285985,42407U
2025-06-29T10:37:21.975829,3738.9806877625197,-70.56207221985736,-5992.065330416282,6.039930019204209,-2.326008486795679,3.80248619807841,42407U
2025-06-29T10:38:21.975829,4093.5466984403147,-209.88541059136531,-5751.881713838443,5.774894728929422,-2.3165187822114,4.200931034811881,42407U
2025-06-29T10:39:21.975829,4431.49755803914,-348.35683126854315,-5488.290230852001,5.4862761701338885,-2.2976192716275414,4.582481936792584,42407U
2025-06-29T10:40:21.975829,4751.452093077251,-485.4135550550986,-5202.351838990694,5.175217471963087,-2.2693765100268437,4.945572875420698,42407U
2025-06-29T10:41:21.975829,5052.10055974315,-620.4979333350938,-4895.219394265182,4.842955815255338,-2.23189493807299,5.288707605463889,42407U
2025-06-29T10:42:21.975829,5332.210162916071,-753.0597185939903,-4568.133265442164,4.490818244984613,-2.1853167771709137,5.610466267038015,42407U
2025-06-29T10:43:21.975829,5590.630309833986,-882.5583238956253,-4222.416556990119,4.12021700928632,-2.1298217652003566,5.909511827415345,42407U
2025-06-29T10:44:21.975829,5826.29756986597,-1008.4650614922523,-3859.4699516786486,3.7326444198875186,-2.0656267237498565,6.184596315322931,42407U
2025-06-29T10:45:21.975829,6038.240311712944,-1130.2653502292555,-3480.766186757272,3.3296672350703846,-1.992984948873734,6.43456679683731,42407U
2025-06-29T10:46:21.975829,6225.582989623479,-1247.4608809696563,-3087.844180766418,2.912920573303301,-1.912185418959639,6.658371039494009,42407U
2025-06-29T10:47:21.975829,6387.550050910586,-1359.571728932686,-2682.3028312738916,2.4841013731663493,-1.8235518151961472,6.855062809956639,42407U
2025-06-29T10:48:21.975829,6523.469438211614,-1466.1384016311235,-2265.794507112335,2.0449614229570554,-1.7274413523199597,7.023806750626754,42407U
2025-06-29T10:49:21.975829,6632.7756615567,-1566.7238110195533,-1840.0182619382888,1.597299991149483,-1.6242434197434095,7.163882781978325,42407U
2025-06-29T10:50:21.975829,6715.012417398976,-1660.9151585456877,-1406.7127990517513,1.1429560964421426,-1.5143780357465826,7.274689980182522,42407U
2025-06-29T10:51:21.975829,6769.834734288647,-1748.3257220325136,-967.649220334744,0.6838004632362407,-1.3982941200909063,7.355749883706349,42407U
2025-06-29T10:52:21.975829,6797.010627812472,-1828.5965337174237,-524.6235947995984,0.22172721479357532,-1.2764675930924605,7.406709187942788,42407U
2025-06-29T10:53:21.975829,6796.422250720338,-1901.3979393323611,-79.4493845170957,-0.24135463817048547,-1.1493993118041368,7.427341793427683,42407U
2025-06-29T10:54:21.975829,6768.066527762821,-1966.4310288197958,366.0502324448163,-0.7035298512840672,-1.0176128564164193,7.4175501806522,42407U
2025-06-29T10:55:21.975829,6712.05526859812,-2023.428930132427,810.0501010504485,-1.1628856773448306,-0.8816521822228721,7.377366092685334,42407U
2025-06-29T10:56:21.975829,6628.614756115174,-2072.157958545482,1250.7308483986965,-1.6175206069753676,-0.7420791544380204,7.306950515547029,42407U
2025-06-29T10:57:21.975829,6518.084811581052,-2112.418614996252,1686.2866206470383,-2.0655530514549976,-0.5994709847511019,7.206592955270886,42407U
2025-06-29T10:58:21.975829,6380.917342065595,-2144.046428139804,2114.932755720892,-2.505129901066806,-0.45441758968948737,7.076710019602952,42407U
2025-06-29T10:59:21.975829,6217.674379546795,-2166.9126360399027,2534.913350490689,-2.934434894639334,-0.30751889163587676,6.917843321045388,42407U
2025-06-29T11:00:21.975829,6029.025624863395,-2180.924704681766,2944.508682369185,-3.3516967396434594,-0.15938208365311546,6.730656726209543,42407U
2025-06-29T11:01:21.975829,5815.745513197493,-2186.0266817622164,3342.042446993203,-3.755196927026499,-0.010618879140981542,6.5159329839731805,42407U
2025-06-29T11:02:21.975829,5578.709820953025,-2182.199385464804,3725.8887758264505,-4.1432771908355335,0.1381572332311467,6.274569771517925,42407U
2025-06-29T11:03:21.975829,5318.8918367117585,-2169.460429129316,4094.47900002883,-4.5143465693384615,0.28633370985323225,6.007575202802844,42407U
2025-06-29T11:04:21.975829,5037.358121329862,-2147.8640838575557,4446.308129767291,-4.866888031628964,0.4333016296640493,5.716062848254934,42407U
2025-06-29T11:05:21.975829,4735.263884185906,-2117.5009821382378,4779.941021159809,-5.199464641302083,0.5784583123671002,5.401246317369988,42407U
2025-06-29T11:06:21.975829,4413.848004038557,-2078.4976665025315,5094.018206241191,-5.510725236538695,0.7212098628770917,5.064433457426412,42407U
2025-06-29T11:07:21.975829,4074.427724034108,-2031.0159880387928,5387.2613644798175,-5.799409613436676,0.8609736295735742,4.707020221770095,42407U
2025-06-29T11:08:21.975829,3718.393050828887,-1975.2523602577799,5658.4784177063675,-6.0643532067640615,0.9971805662121552,4.330484259869248,42407U
2025-06-29T11:09:21.975829,3347.200888133311,-1911.436874366606,5906.568233204782,-6.304491268711675,1.129277489491537,3.936378279238276,42407U
2025-06-29T11:10:21.975829,2962.3689345078224,-1839.8322823853366,6130.5249228443145,-6.518862552240619,1.2567292265607988,3.5263232257201933,42407U
2025-06-29T11:11:21.975829,2565.469375001994,-1760.732854869493,6329.441728569823,-6.706612510238434,1.3790206486875471,3.1020013247351166,42407U
2025-06-29T11:12:21.975829,2158.1223950791996,-1674.4631201096352,6502.514487216128,-6.866996025724977,1.4956585892967118,2.665149020879667,42407U
2025-06-29T11:13:21.975829,1741.989544532154,-1581.3764917809722,6649.044669517447,-6.999379690814018,1.606173646102962,2.217549848255543,42407U
2025-06-29T11:14:21.975829,1318.7669778280324,-1481.8537919624832,6768.441990048085,-7.103243653712776,1.710121868423817,1.7610272582821105,42407U
2025-06-29T11:15:21.975829,890.1785961906494,-1376.30167635427,6860.226586235744,-7.178183053343115,1.8070863317240997,1.2974374263777793,42407U
2025-06-29T11:16:21.975829,457.96911554875777,-1265.1509683719935,6924.03076571328,-7.223909060421886,1.8966786020748707,0.8286620537441506,42407U
2025-06-29T11:17:21.975829,23.89708340060898,-1148.8549086253752,6959.600322093425,-7.240249542101545,1.9785400934781443,0.3566011758596608,42407U
2025-06-29T11:18:21.975829,-410.27213331172766,-1027.8873261088283,6966.795419814871,-7.227149364702114,2.0523433209317394,-0.11683401465911257,42407U
2025-06-29T11:19:21.975829,-842.7733680005139,-902.7407372690881,6945.591049058623,-7.184670345830636,2.1177930517041195,-0.5897283262689741,42407U
2025-06-29T11:20:21.975829,-1271.8486611457663,-773.9243789868639,6896.077051927455,-7.112990863483801,2.1746273565968104,-1.060169705353142,42407U
2025-06-29T11:21:21.975829,-1695.754233500523,-641.9621814297906,6818.457721180525,-7.012405125778717,2.2226185620380097,-1.526256350376213,42407U
2025-06-29T11:22:21.975829,-2112.7674054522977,-507.39068671833854,6713.0509728830675,-6.883322100976445,2.2615741027330767,-1.9861038020116404,42407U
2025-06-29T11:23:21.975829,-2521.1934420585803,-370.75691940240625,6580.287094433418,-6.726264103675228,2.2913372733595403,-2.4378520068609886,42407U
2025-06-29T11:24:21.975829,-2919.37230291459,-232.616214877703,6420.707069627404,-6.541865029664665,2.3117878765062003,-2.879672350332173,42407U
2025-06-29T11:25:21.975829,-3305.6852754591623,-93.53001208225449,6234.9604827735375,-6.330868229144269,2.322842762786437,-3.3097746512793407,42407U
2025-06-29T11:26:21.975829,-3678.5614696347557,45.936382903661574,6023.803004428518,-6.094124005985395,2.3244562578767085,-3.726414107283069,42407U
2025-06-29T11:27:21.975829,-4036.4841510302494,185.21605538048425,5788.093462124624,-5.832586729592122,2.3166204702079463,-4.127898175124121,42407U
2025-06-29T11:28:21.975829,-4377.996888813103,323.74275529608866,5528.790500537191,-5.547311545794459,2.299365472228919,-4.512593366278547,42407U
2025-06-29T11:29:21.975829,-4701.709493963591,460.95317743258715,5246.948836907737,-5.239450674142626,2.2727593476204246,-4.87893193235061,42407U
2025-06-29T11:30:21.975829,-5006.3037226172355,596.289240220301,4943.715119204265,-4.91024928098607,2.23690809660624,-5.225418410480013,42407U
2025-06-29T11:31:21.975829,-5290.538718778237,729.2003544169999,4620.323396446084,-4.561040920777624,2.191955391611239,-5.5506359941488705,42407U
2025-06-29T11:32:21.975829,-5553.256170327415,859.1456724342614,4278.090212839724,-4.193242542091363,2.1380821759755895,-5.853252690666069,42407U
2025-06-29T11:33:21.975829,-5793.385152196013,985.5963086820358,3918.4093398054383,-3.808349059747108,2.0755060992466605,-6.1320272231539885,42407U
2025-06-29T11:34:21.975829,-6009.946630828889,1108.0375209452372,3542.746162602685,-3.407927500082658,2.0044807837288072,-6.385814632248266,42407U
2025-06-29T11:35:21.975829,-6202.05760468271,1225.9708425348572,3152.6317410023357,-2.9936107326020536,1.9252949184475392,-6.613571531124331,42407U
2025-06-29T11:36:21.975829,-6368.934856501577,1338.9161547776644,2749.6565662659655,-2.567090807785509,1.8382711784449854,-6.814360966971404,42407U
2025-06-29T11:37:21.975829,-6509.898294516278,1446.4136893483085,2335.464039482644,-2.1301119275329423,1.7437649693158586,-6.9873568427386274,42407U
2025-06-29T11:38:21.975829,-6624.37386150958,1548.0259500089926,1911.7436990343488,-1.68446308133372,1.6421629990642925,-7.131847854890049,42407U
2025-06-29T11:39:21.975829,-6711.895992878338,1643.33954351872,1480.2242275218207,-1.2319703875696772,1.5338816816440006,-7.247240906025078,42407U
2025-06-29T11:40:21.975829,-6772.109607373778,1731.9669098109448,1042.666270815407,-0.7744891851552784,1.4193653788683664,-7.333063955486526,42407U
2025-06-29T11:41:21.975829,-6804.771617074472,1813.5479420103866,600.8551039491562,-0.3138959258157453,1.2990844896746905,-7.388968276387606,42407U
2025-06-29T11:42:21.975829,-6809.751946299683,1887.7514874696344,156.59318026975035,0.14792007849813943,1.1735333979215994,-7.4147300937147875,42407U
2025-06-29T11:43:21.975829,-6787.034052540395,1954.2767217404364,-288.3073984443963,0.6090649953855193,1.043228291926759,-7.4102515851294495,42407U
2025-06-29T11:44:21.975829,-6736.714946009135,2012.8543882429663,-732.0324523108114,1.0676488392570722,0.9087048707487414,-7.375561233607399,42407U
2025-06-29T11:45:21.975829,-6659.004708016265,2063.2478973442016,-1172.773295132105,1.5217938055671079,0.7705159537256705,-7.310813528906457,42407U
2025-06-29T11:46:21.975829,-6554.225511995425,2105.2542795829754,-1608.7342687267685,1.969642511929527,0.6292290109611892,-7.216288022811939,42407U
2025-06-29T11:47:21.975829,-6422.810154550623,2138.7049888656425,-2038.1402014254961,2.409366087702265,0.48542363325754645,-7.0923877509489,42407U
2025-06-29T11:48:21.975829,-6265.300107309592,2163.4665525775226,-2459.2437533548946,2.8391720564769605,0.3396889604164496,-6.939637041442754,42407U
2025-06-29T11:49:21.975829,-6082.343103575285,2179.441066690094,-2870.332612560226,3.257311959858105,0.19262108685029874,-6.758678737643931,42407U
2025-06-29T11:50:21.975829,-5874.690276706918,2186.566535067319,-3269.736507841378,3.6620886758319973,0.044820463072902696,-6.550270868312478,42407U
2025-06-29T11:51:21.975829,-5643.192869784426,2184.8170532629865,-3655.834006334694,4.0518633907458055,-0.10311068911003313,-6.315282803921234,42407U
2025-06-29T11:52:21.975829,-5388.79853836837,2174.2028381351693,-4027.0590663201788,4.4250621902682346,-0.2505709309895989,-6.05469094194118,42407U
2025-06-29T11:53:21.975829,-5112.547270036513,2154.770105561894,-4381.90731838839,4.780182241467996,-0.3969621156036026,-5.769573967027923,42407U
2025-06-29T11:54:21.975829,-4815.5669458297625,2126.600799408177,-4718.942050912275,5.115797545128143,-0.5416918369927095,-5.461107733864043,42407U
2025-06-29T11:55:21.975829,-4499.068569812833,2089.8121756594487,-5036.799878610497,5.430564244340582,-0.6841758082499126,-5.130559821057267,42407U
2025-06-29T11:56:21.975829,-4164.3411934858805,2044.5562462723083,-5334.196075974584,5.723225482265069,-0.8238401585875298,-4.779283803796692,42407U
2025-06-29T11:57:21.975829,-3812.7465622281347,1991.019087840492,-5609.92955992431,5.992615808019501,-0.960123641604478,-4.408713291446776,42407U
2025-06-29T11:58:21.975829,-3445.7135105784496,1929.4200205490354,-5862.887509003485,6.237665135613191,-1.0924797491051352,-4.020355773217693,42407U
2025-06-29T11:59:21.975829,-3064.732133002196,1860.0106632064246,-6092.049608645359,6.4574022654594145,-1.2203787266733528,-3.615786311671261,42407U
2025-06-29T12:00:21.975829,-2671.34775584477,1783.0738702788465,-6296.491914499169,6.65095798218416,-1.3433094891429052,-3.196641119156609,42407U
2025-06-29T12:01:21.975829,-2267.154735510917,1698.9225569543614,-6475.390327590462,6.817567745213938,-1.460781435648862,-2.764611047587363,42407U
2025-06-29T12:02:21.975829,-1853.7901066975014,1607.8984182150004,-6628.023676875175,6.956573990609796,-1.572326165392289,-2.3214350165285738,42407U
2025-06-29T12:03:21.975829,-1432.9271034711794,1510.3705478113136,-6753.7764060292875,7.067428063310593,-1.6774990963109613,-1.8688933992731926,42407U
2025-06-29T12:04:21.975829,-1006.2685748288419,1406.7339628787445,-6852.140862358639,7.149691798633372,-1.7758809896264347,-1.408801381295143,42407U
2025-06-29T12:05:21.975829,-575.5403152945177,1297.4080397467828,-6922.719186434782,7.203038770517276,-1.8670793836657644,-0.9430023005128558,42407U
2025-06-29T12:06:21.975829,-142.48433013202248,1182.8348662883573,-6965.22480150394,7.227255221701737,-1.9507299404363336,-0.47336097436445795,42407U
2025-06-29T12:07:21.975829,291.1479460630436,1063.4775159586688,-6979.4835019139,7.222240687929642,-2.0264977081736566,-0.0017570149606969839,42407U
2025-06-29T12:08:21.975829,723.6024592444313,939.8182484976315,-6965.434139804074,7.188008324520956,-2.094078302502648,0.46992186930642516,42407U
2025-06-29T12:09:21.975829,1153.129356499806,812.3566421386422,-6923.128909158628,7.124684939453869,-2.153199007985093,0.9397865892349113,42407U
2025-06-29T12:10:21.975829,1577.9897996875352,681.6076620937138,-6852.733226093741,7.032510732621843,-2.203619800711952,1.4059534117557386,42407U
2025-06-29T12:11:21.975829,1996.4627543300362,548.0996700830199,-6754.525204000874,6.911838736417314,-2.245134291292739,1.866550722499809,42407U
2025-06-29T12:12:21.975829,2406.8517355553745,412.3723797573544,-6628.894721963435,6.763133948442782,-2.2775705861530335,2.319725816794291,42407U
2025-06-29T12:13:21.975829,2807.4914922177254,274.97476303030106,-6476.342084770524,6.586972143179202,-2.300792063543618,2.763651719482694,42407U
2025-06-29T12:14:21.975829,3196.754609448588,136.4629125939481,-6297.4762729274835,6.384038346049162,-2.3146980591582804,3.196534030571646,42407U
2025-06-29T12:15:21.975829,3573.0580088255233,-2.6021337613920092,-6093.01278136727,6.155124950681469,-2.3192244548226353,3.6166177894452867,42407U
2025-06-29T12:16:21.975829,3934.8693241529277,-141.6566009762203,-5863.771046143187,5.9011294584672,-2.314344162422771,4.022194345420774,42407U
2025-06-29T12:17:21.975829,4280.713129580278,-280.1362101530694,-5610.67145927314,5.623051818820848,-2.3000674941539696,4.411608216920557,42407U
2025-06-29T12:18:21.975829,4609.17699550646,-417.4784304867807,-5334.731973130633,5.321991349009661,-2.2764424093449236,4.7832639157227845,42407U
2025-06-29T12:19:21.975829,4918.917346496604,-553.1247419916867,-5037.064297358228,4.999143214041235,-2.243554627602259,5.135632706836875,42407U
2025-06-29T12:20:21.975829,5208.6650943543655,-686.522900707223,-4718.869693201859,4.655794449897696,-2.201527597861962,5.467259268787122,42407U
2025-06-29T12:21:21.975829,5477.23101859637,-817.1291974434323,-4381.434372432528,4.293319517352053,-2.1505223131572757,5.776768213682544,42407U
2025-06-29T12:22:21.975829,5723.510865955082,-944.4107005359308,-4026.1245105888097,3.9131753785993664,-2.0907369615293776,6.062870421658811,42407U
2025-06-29T12:23:21.975829,5946.490140233762,-1067.8474725328342,-3654.3808871134283,3.5168960948753023,-2.022406404519577,6.324369140287094,42407U
2025-06-29T12:24:21.975829,6145.248553917994,-1186.9347502622372,-3267.713168003815,3.1060869499459285,-1.9458014760736282,6.560165796557293,42407U
2025-06-29T12:25:21.975829,6318.964113444475,-1301.185077346669,-2867.693849795783,2.6824181116545622,-1.8612280964340457,6.7692654672039225,42407U
2025-06-29T12:26:21.975829,6466.916810975101,-1410.1303779630894,-2455.9518869722533,2.2476178513808467,-1.7690261976523811,6.95078195257729,42407U
2025-06-29T12:27:21.975829,6588.491896936354,-1513.323960509109,-2034.1660281604968,1.8034653490740804,-1.6695684596675533,7.103942400043357,42407U
2025-06-29T12:28:21.975829,6683.182709463225,-1610.3424398437157,-1604.057889666699,1.3517831192195253,-1.5632588584051523,7.228091425055424,42407U
2025-06-29T12:29:21.975829,6750.593039219554,-1700.7875669317498,-1167.3847979164516,0.894429100442102,-1.4505310299847636,7.322694681561562,42407U
2025-06-29T12:30:21.975829,6790.439010826158,-1784.2879550432576,-725.9324351405063,0.4332884582050344,-1.331846457800754,7.387341838230864,42407U
2025-06-29T12:31:21.975829,6802.550465272267,-1860.5006921401157,-281.50732509331317,-0.029734843996273477,-1.2076924918869183,7.421748922989206,42407U
2025-06-29T12:32:21.975829,6786.871831160052,-1929.1128297217192,164.07080235328826,-0.49272664461290466,-1.0785802125065072,7.425760005399552,42407U
2025-06-29T12:33:21.975829,6743.462476371674,-1989.8427391857776,608.9767272875328,-0.9537712910959391,-0.9450421522514225,7.399348194313459,42407U
2025-06-29T12:34:21.975829,6672.496535678005,-2042.4413276813157,1051.387494942892,-1.4109603874678958,-0.8076298930134262,7.342615936741315,42407U
2025-06-29T12:35:21.975829,6574.262213848197,-2086.6931064665114,1489.4901678350593,-1.8624015147682496,-0.666911555947325,7.255794612794897,42407U
2025-06-29T12:36:21.975829,6449.160567883477,-2122.417105915625,1921.4895326521012,-2.306226857067432,-0.5234692039251185,7.139243430591527,42407U
2025-06-29T12:37:21.975829,6297.703776003174,-2149.467632522554,2345.6157201903593,-2.740601667478709,-0.37789617694589106,6.99344763391333,42407U
2025-06-29T12:38:21.975829,6120.512904870786,-2167.7348644970502,2760.13169765395,-3.1637325116850374,-0.2307943814896505,6.819016043930604,42407U
2025-06-29T12:39:21.975829,5918.31519018469,-2177.145283816902,3163.340594154696,-3.573875230823109,-0.08277155487666542,6.616677964182197,42407U
2025-06-29T12:40:21.975829,5691.940849102646,-2177.661943857845,3553.5928222172447,-3.9693425709823362,0.06556147467691875,6.3872794850413,42407U
2025-06-29T12:41:21.975829,5442.319445956564,-2169.2845729465766,3929.292960462926,-4.348511432908259,0.21359351241401203,6.131779229889521,42407U
2025-06-29T12:42:21.975829,5170.475835299859,-2152.0495153455454,4288.906365336033,-4.7098297025232965,0.3607156870938377,5.851243590030042,42407U
2025-06-29T12:43:21.975829,4877.525708474805,-2126.0295122599045,4630.96548268157,-5.051822630367997,0.5063240895711614,5.54684149888159,42407U
2025-06-29T12:44:21.975829,4564.670771572701,-2091.3333264372286,4954.075833099283,-5.3730987357728335,0.6498223445267073,5.2198387981506915,42407U
2025-06-29T12:45:21.975829,4233.193583875994,-2048.1052147942605,5256.921648205901,-5.672355219247398,0.7906241020028946,4.871592249465282,42407U
2025-06-29T12:46:21.975829,3884.4520866463445,-1996.5242542435044,5538.271138136884,-5.948382873960989,0.9281554375569776,4.50354324442588,42407U
2025-06-29T12:47:21.975829,3519.873852440561,-1936.8035264956995,5796.981373773854,-6.20007049409805,1.061857152075049,4.1172112642346885,42407U
2025-06-29T12:48:21.975829,3140.950085054748,-1869.1891680799633,6032.002770185367,-6.4264087840623825,1.1911869645026454,3.7141871371477495,42407U
2025-06-29T12:49:21.975829,2749.2293998599916,-1793.9592921751723,6242.383160508303,-6.626493777758123,1.3156215928368606,3.296126138228932,42407U
2025-06-29T12:50:21.975829,2346.3114134768407,-1711.422789043203,6427.271452114322,-6.799529781542581,1.4346587207206598,2.8647409711659977,42407U
2025-06-29T12:51:21.975829,1933.8401709115788,-1621.9180119752032,6585.9208590678745,-6.944831857545971,1.5478188486698516,2.42179466688909,42407U
2025-06-29T12:52:21.975829,1513.4974371438627,-1525.8113556624098,6717.691706838904,-7.061827866104035,1.6546470304340213,1.9690934282541734,42407U
2025-06-29T12:53:21.975829,1086.9958790061803,-1423.4957338363863,6822.053806807228,-7.150060086886566,1.7547144961201993,1.5084794445947285,42407U
2025-06-29T12:54:21.975829,656.0721620157886,-1315.3889628969362,6898.588399355984,-7.20918643803393,1.8476201644976111,1.0418236946513157,42407U
2025-06-29T12:55:21.975829,222.47998568885808,-1201.9320580829306,6946.989665303084,-7.238981311309321,1.9329920473363507,0.5710187514996086,42407U
2025-06-29T12:56:21.975829,-212.01692015265067,-1083.5874485638835,6967.065806093782,-7.239336039061508,2.010488548712825,0.09797159881859532,42407U
2025-06-29T12:57:21.975829,-645.6518164313183,-960.8371176590043,6958.739693616907,-7.210259005834762,2.079799661957994,-0.3754035356578863,42407U
2025-06-29T12:58:21.975829,-1076.6619722367777,-834.180674244442,6922.049090765119,-7.151875413945805,2.1406480663627163,-0.8471923262471386,42407U
2025-06-29T12:59:21.975829,-1503.2956580714895,-704.1333613070788,6857.146443992799,-7.064426708481027,2.192790124927459,-1.31548747328791,42407U
2025-06-29T13:00:21.975829,-1923.8190945700094,-571.224007557565,6764.298249199078,-6.948269663170423,2.2360167834066775,-1.7783958037830507,42407U
2025-06-29T13:01:21.975829,-2336.523336302134,-435.99292803725154,6643.883992341328,-6.803875124690171,2.270154369711102,-2.234045346950281,42407U
2025-06-29T13:02:21.975829,-2739.731070001972,-298.989779750684,6496.394666331261,-6.631826409349671,2.2950652914614915,-2.6805923813061776,42407U
2025-06-29T13:03:21.975829,-3131.8033060949256,-160.77137853003163,6322.430866041366,-6.432817343035485,2.3106486282039795,-3.1162284473424764,42407U
2025-06-29T13:04:21.975829,-3511.145941762863,-21.899483587339336,6122.700463706847,-6.207649932891188,2.316840613571832,-3.539187316456784,42407U
2025-06-29T13:05:21.975829,-3876.216173033409,117.061443468228,5898.015867694984,-5.957231657664654,2.3136150015778782,-3.947751902719617,42407U
2025-06-29T13:06:21.975829,-4225.528732567886,255.5464979909328,5649.290868561436,-5.682572363064723,2.300983310309464,-4.340261099493028,42407U
2025-06-29T13:07:21.975829,-4557.661929003986,392.9926024509418,5377.537077548226,-5.38478074891996,2.27899493562925,-4.715116518057704,42407U
2025-06-29T13:08:21.975829,-4871.263462956826,528.8407793341596,5083.859964206812,-5.065060436455146,2.247737127105733,-5.070789100485437,42407U
2025-06-29T13:09:21.975829,-5165.055994152514,662.5384182730521,4769.454501652651,-4.724705606592988,2.207334818342791,-5.405825574228547,42407U
2025-06-29T13:10:21.975829,-5437.842433729931,793.5415284283803,4435.600430054768,-4.365096203796694,2.157950304169085,-5.718854711514803,42407U
2025-06-29T13:11:21.975829,-5688.510935556535,921.3169667078898,4083.6571513051617,-3.987692704501274,2.099782757794513,-6.00859335284327,42407U
2025-06-29T13:12:21.975829,-5916.039560510081,1045.3446320229607,3715.0582703600708,-3.5940304545146873,2.03306758203786,-6.273852150858651,42407U
2025-06-29T13:13:21.975829,-6119.500588128535,1165.119615471375,3331.305801441772,-3.1857135857369356,1.9580755900580276,-6.5135409888068105,42407U
2025-06-29T13:14:21.975829,-6298.064450854017,1280.1542961102984,2933.9640600761995,-2.7644085289618117,1.8751120126490868,-6.7266740267675225,42407U
2025-06-29T13:15:21.975829,-6451.003267312758,1389.980371865901,2524.6532647533268,-2.3318371461862553,1.7845153310451312,-6.912374329012359,42407U
2025-06-29T13:16:21.975829,-6577.693952692105,1494.150815128588,2105.0428747583687,-1.8897695125334895,1.686655936269591,-7.069878027197884,42407U
2025-06-29T13:17:21.975829,-6677.620886288768,1592.2417427154417,1676.844693361807,-1.4400163843777296,1.581934618295074,-7.198537976680513,42407U
2025-06-29T13:18:21.975829,-6750.378118690874,1683.8541901495482,1241.8057680067138,-0.9844213963255364,1.470780890586962,-7.297826866991566,42407U
2025-06-29T13:19:21.975829,-6795.671103790466,1768.6157806147403,801.7011213154595,-0.5248530351455305,1.353651157914825,-7.3673397523625,42407U
2025-06-29T13:20:21.975829,-6813.317943855324,1846.1822794871682,358.32634860425804,-0.06319644337093955,1.2310267375605073,-7.406795974017483,42407U
2025-06-29T13:21:21.975829,-6803.250139169053,1916.2390260199204,-86.50988091808738,0.3986548910403129,1.1034117461597406,-7.416040452602587,42407U
2025-06-29T13:22:21.975829,-6765.512837211876,1978.5022345509722,-530.9933810225518,0.8588075000398271,0.9713308663198964,-7.395044336413442,42407U
2025-06-29T13:23:21.975829,-6700.264579933843,2032.7201585047317,-973.3120245420125,1.3153762954938595,0.8353270088008249,-7.343904998809633,42407U
2025-06-29T13:24:21.975829,-6607.776551294011,2078.6741114457413,-1411.6632996516119,1.7664928633954242,0.6959588873798127,-7.262845386143327,42407U
2025-06-29T13:25:21.975829,-6488.431330829173,2116.1793405006583,-1844.2618076656813,2.2103136329310575,0.5537985245027925,-7.152212725452467,42407U
2025-06-29T13:26:21.975829,-6342.721162501401,2145.0857485679367,-2269.346664460224,2.645027863369729,0.4094287064276276,-7.012476608847314,42407U
2025-06-29T13:27:21.975829,-6171.245751383081,2165.2784628626773,-2685.188768870862,3.0688653952075553,0.26344040677233005,-6.844226478732431,42407U
2025-06-29T13:28:21.975829,-5974.709603809395,2176.678248470821,-3090.097903061524,3.480104116491527,0.11643019719352192,-6.648168544553559,42407U
2025-06-29T13:29:21.975829,-5753.918929400433,2179.241766691307,-3482.429631877453,3.877077100627927,-0.031002336655775183,-6.425122167455729,42407U
2025-06-29T13:30:21.975829,-5509.778125788556,2172.9616790026525,-3860.59197051111,4.258179378062225,-0.17825715667323783,-6.176015753943752,42407U
2025-06-29T13:31:21.975829,-5243.28586893297,2157.8665984829217,-4223.051792388306,4.621874310831894,-0.32473629540903987,-5.901882203219742,42407U
2025-06-29T13:32:21.975829,-4955.530833553726,2134.0208914199593,-4568.340951920098,4.9666995458951915,-0.4698463263108772,-5.6038539552740785,42407U
2025-06-29T13:33:21.975829,-4647.687069446627,2101.524332658012,-4895.062099622897,5.29127253014044,-0.6130007684685682,-5.283157687974966,42407U
2025-06-29T13:34:21.975829,-4321.0090602649225,2060.5116189264463,-5201.8941699871775,5.594295576837761,-0.7536224151400324,-4.941108711359005,42407U
2025-06-29T13:35:21.975829,-3976.8264917486695,2011.1517449740581,-5487.5975253448,5.874560479838852,-0.8911455773747121,-4.579105106076947,42407U
2025-06-29T13:36:21.975829,-3616.538756474887,1953.6472477972018,-5751.018741679122,6.130952677763795,-1.025018236079995,-4.198621650686541,42407U
2025-06-29T13:37:21.975829,-3241.6092218706244,1888.2333245842087,-5991.095024943764,6.362454975724802,-1.1547040979037653,-3.801203579166291,42407U
2025-06-29T13:38:21.975829,-2853.55928765689,1815.1768302189,-6206.858248796931,6.56815083652155,-1.2796845521995295,-3.388460205943086,42407U
2025-06-29T13:39:21.975829,-2453.9622581205185,1734.77516030702,-6397.438606727404,6.747227256638745,-1.3994605280534955,-2.962058451056939,42407U
2025-06-29T13:40:21.975829,-2044.4370535823928,1647.3550256999945,-6562.0678733826835,6.898977244769386,-1.5135542518701794,-2.5237162928995494,42407U
2025-06-29T13:41:21.975829,-1626.641784365037,1553.2711244306315,-6700.08227137809,7.0228019218276385,-1.6215109072302007,-2.075196170639381,42407U
2025-06-29T13:42:21.975829,-1202.26720942227,1452.9047168470847,-6810.924941040953,7.118212261579604,-1.7229001996549562,-1.6182983530945712,42407U
2025-06-29T13:43:21.975829,-773.0301006776065,1346.662109558085,-6894.148011402823,7.1848304901193,-1.817317829499564,-1.154854285689977,42407U
2025-06-29T13:44:21.975829,-340.6665330895077,1234.9730536053332,-6949.414271316997,7.2223911605319975,-1.904386876435125,-0.6867199224450969,42407U
2025-06-29T13:45:21.975829,93.07488043463655,1118.2890620765634,-6976.498439883436,7.2307419163355515,-1.983759098879425,-0.21576904586488438,42407U
2025-06-29T13:46:21.975829,526.4397908648841,997.0816521860845,-6975.288035447044,7.209843953816468,-2.0551161513027134,0.2561134256831844,42407U
2025-06-29T13:47:21.975829,957.6749336960984,871.8405166963086,-6945.783842349354,7.159772189354778,-2.118170721599029,0.7270381458930696,42407U
2025-06-29T13:48:21.975829,1385.0349507287194,743.0716294548654,-6888.099974415438,7.080715133455014,-2.1726675897105436,1.1951180678692108,42407U
2025-06-29T13:49:21.975829,1806.7891952806274,611.2952897836861,-6802.463533910571,6.972974468677466,-2.2183846074735754,1.6584751952960028,42407U
2025-06-29T13:50:21.975829,2221.228502827096,477.0441105005211,-6689.2138644684155,6.836964324210269,-2.255133598271723,2.1152473609669147,42407U
2025-06-29T13:51:21.975829,2626.6719085181157,340.86095447975424,-6548.801396341709,6.6732102356535865,-2.2827611736020823,2.563595034280456,42407U
2025-06-29T13:52:21.975829,3021.4732922389944,203.29682487476265,-6381.786082318304,6.482347774906967,-2.3011494621498683,3.001708156352166,42407U
2025-06-29T13:53:21.975829,3404.0279308932013,64.90871442958829,-6188.835422839861,6.265120832052595,-2.310216745494774,3.427812997507237,42407U
2025-06-29T13:54:21.975829,3772.778936442363,-73.7425803015956,-5970.722079310143,6.022379528978961,-2.309917993209736,3.8401790272472227,42407U
2025-06-29T13:55:21.975829,4126.223557000931,-212.09467354399217,-5728.321075322075,5.7550777433254785,-2.300245288925576,4.237125781508324,42407U
2025-06-29T13:56:21.975829,4462.919316997192,-349.5858268852447,-5462.606586605152,5.46427022126045,-2.28122813798399,4.617029706327239,42407U
2025-06-29T13:57:21.975829,4781.489971158072,-485.6572004568653,-5174.648321913058,5.151109258693894,-2.2529336466417647,4.978330951135699,42407U
2025-06-29T13:58:21.975829,5080.6312459210085,-619.7551107099387,-4865.607498839046,4.816840932795011,-2.215466562464374,5.319540079045662,42407U
2025-06-29T13:59:21.975829,5359.1163408820585,-751.3332861593718,-4536.732420664513,4.462800869122513,-2.1689691655905827,5.639244655886999,42407U
2025-06-29T14:00:21.975829,5615.801162141703,-879.8551118669033,-4189.353662777374,4.090409534205608,-2.1136210009812713,5.936115674670203,42407U
2025-06-29T14:01:21.975829,5849.629258951868,-1004.7958528620511,-3824.8788799220456,3.701167048948107,-2.0496384425929293,6.20891376776414,42407U
2025-06-29T14:02:21.975829,6059.63643496961,-1125.6448461904881,-3444.787248503029,3.2966475246132605,-1.9772740816306285,6.456495155617454,42407U
2025-06-29T14:03:21.975829,6244.955005727024,-1241.9076508533126,-3050.6235613018744,2.878492930207713,-1.8968159326159517,6.677817278477847,42407U
2025-06-29T14:04:21.975829,6404.817674668039,-1353.1081445783248,-2643.991995214017,2.448406507613856,-1.8085864529161444,6.871944056410497,42407U
2025-06-29T14:05:21.975829,6538.561001300428,-1458.790556162735,-2226.549575899126,2.0081457586022604,-1.7129413735763817,7.038050723079091,42407U
2025-06-29T14:06:21.975829,6645.62843668357,-1558.5214220668568,-1799.9993664661154,1.5595150356281549,-1.6102683417144603,7.175428180292187,42407U
2025-06-29T14:07:21.975829,6725.572903599979,-1651.8914560251249,-1366.083410423758,1.1043577758585625,-1.5009853773140687,7.28348682322452,42407U
2025-06-29T14:08:21.975829,6778.058901330938,-1738.5173206861145,-926.5754620194078,0.6445484249281156,-1.3855391499103724,7.3617597904668814,42407U
2025-06-29T14:09:21.975829,6802.864117933441,-1818.0432906999047,-483.27353968829846,0.1819841032567349,-1.2644030833226412,7.409905598544942,42407U
2025-06-29T14:10:21.975829,6799.880536247989,-1890.1427972344732,-37.99234057932689,-0.2814239268199421,-1.1380752991745442,7.427710127142525,42407U
2025-06-29T14:11:21.975829,6769.115023496345,-1954.519844618473,407.44444405886077,-0.7437589305428227,-1.0070764123738325,7.415087928799148,42407U
2025-06-29T14:12:21.975829,6710.689398182895,-2010.9102906642981,851.2118715091005,-1.2031074412170593,-0.8719471939247974,7.3720828451165055,42407U
2025-06-29T14:13:21.975829,6624.839972014356,-2059.0829832059826,1291.4915062810092,-1.6575680043490488,-0.7332461183547033,7.298867920270526,42407U
2025-06-29T14:14:21.975829,6511.916568618373,-2098.8407464719003,1726.479152623238,-2.105259857775295,-0.5915468145911695,7.195744611635065,42407U
2025-06-29T14:15:21.975829,6372.38102488402,-2130.021212081599,2154.392518860848,-2.5443314812369,-0.4474354402840614,7.063141306318369,42407U
2025-06-29T14:16:21.975829,6206.805184684657,-2152.49749068172,2573.4787723487057,-2.972968951334633,-0.3015080002954598,6.90161116113545,42407U
2025-06-29T14:17:21.975829,6015.868398491927,-2166.178681493315,2982.02194513329,-3.3894040415815785,-0.154367630363007,6.71182929173771,42407U
2025-06-29T14:18:21.975829,5800.354545875542,-2171.010218304337,3378.3501521879334,-3.7919220122149375,-0.00662186677621766,6.4945893440647815,42407U
2025-06-29T14:19:21.975829,5561.148601040967,-2166.9740516791794,3760.8425862805584,-4.178869040370071,0.1411200776945481,6.250799487769739,42407U
2025-06-29T14:20:21.975829,5299.232764331126,-2154.088668347105,4127.936256086758,-4.548659247959631,0.28825001238312004,5.981477876629177,42407U
2025-06-29T14:21:21.975829,5015.682184966612,-2132.408949849491,4478.1324370018165,-4.899781291912569,0.4341634239636603,5.687747625056403,42407U
2025-06-29T14:22:21.975829,4711.6603021978435,-2102.0258735515918,4810.002807150495,-5.230804489066024,0.5782620721537227,5.3708313526117255,42407U
2025-06-29T14:23:21.975829,4388.413833458196,-2063.066060039313,5122.195244284038,-5.540384455741442,0.7199565116328859,5.032045349792913,42407U
2025-06-29T14:24:21.975829,4047.2674391250807,-2015.6911717211347,5413.439262420376,-5.82726824954015,0.8586685280025822,4.672793418494331,42407U
2025-06-29T14:25:21.975829,3689.6180939250494,-1960.097168109243,5682.551070361763,-6.090299008142802,0.9938334778534068,4.294560439191464,42407U
2025-06-29T14:26:21.975829,3316.9291952351623,-1896.5134237951936,5928.438237180399,-6.328420086316795,1.1249025251731657,3.898905714607163,42407U
2025-06-29T14:27:21.975829,2930.7244382053814,-1825.2017155271149,6150.103952727837,-6.540678698135223,1.2513447685205266,3.4874561361075718,42407U
2025-06-29T14:28:21.975829,2532.5814870570657,-1746.4550850654857,6346.650873861289,-6.7262290761555645,1.372649255411451,3.0618992148001447,42407U
2025-06-29T14:29:21.975829,2124.125471101954,-1660.5965846526528,6517.28454944153,-6.884335162981053,1.488326882190627,2.6239760144132553,42407U
2025-06-29T14:30:21.975829,1707.0223329873095,-1567.977911978952,6661.316419235082,-7.014372853184145,1.5979121792455093,2.1754740176976166,42407U
2025-06-29T14:31:21.975829,1282.9720555488966,-1468.977941495763,6778.166383581516,-7.1158318049383285,1.7009649826965272,1.7182199526206332,42407U
2025-06-29T14:32:21.975829,853.7017924636892,-1364.0011588221007,6867.364942096086,-7.188316840936255,1.797071994646082,1.2540725992106678,42407U
2025-06-29T14:33:21.975829,420.95892674371794,-1253.4760048460157,6928.554900761455,-7.231548957318559,1.885848234663343,0.7849155928205965,42407U
2025-06-29T14:34:21.975829,-13.495919973931747,-1137.853135947561,6961.492647560137,-7.245365957520866,1.9669383854255125,0.31265023499070443,42407U
2025-06-29T14:35:21.975829,-447.8959053181149,-1017.6036065961049,6966.048997336456,-7.229722725301095,2.040018035330787,-0.16081168077406321,42407U
2025-06-29T14:36:21.975829,-880.4749899906136,-893.216980416188,6942.209606910417,-7.184691147920395,2.104794820474587,-0.6335550240104971,42407U
2025-06-29T14:37:21.975829,-1309.474946771709,-765.1993756912065,6890.074961647654,-7.110459696714136,2.16100946767303,-1.1036684608273992,42407U
2025-06-29T14:38:21.975829,-1733.1523343091546,-634.0714512030326,6809.8599347809995,-7.007332668321629,2.2084367392726265,-1.569251564681766,42407U
2025-06-29T14:39:21.975829,-2149.7854153443877,-500.3663382955951,6701.892920847725,-6.875729085867379,2.246886279363759,-2.028421903036627,42407U
2025-06-29T14:40:21.975829,-2557.6809988646464,-364.6275251118991,6566.614544712782,-6.716181255621535,2.2762033597788855,-2.479322097391226,42407U
2025-06-29T14:41:21.975829,-2955.1811852836313,-227.40669909378016,6404.575947858516,-6.529332971325199,2.2962695229745194,-2.9201268520248167,42407U
2025-06-29T14:42:21.975829,-3340.669993190236,-89.26155404863061,6216.436653989701,-6.315937355636742,2.3070031176392156,-3.3490499437584815,42407U
2025-06-29T14:43:21.975829,-3712.579845498496,49.246431623441296,6002.9620165803735,-6.076854326205683,2.3083597217061547,-3.7643511612464673,42407U
2025-06-29T14:44:21.975829,-4069.3978920419,187.55423859629263,5765.020251812121,-5.813047672839916,2.3003324464453594,-4.164343177941275,42407U
2025-06-29T14:45:21.975829,-4409.6721448236485,325.0995648222789,5503.579061459756,-5.5255817322064456,2.282952114524488,-4.547398338114669,42407U
2025-06-29T14:46:21.975829,-4732.017401349969,461.32309047465,5219.7018516718645,-5.2156176475361296,2.256287304409806,-4.911955330403795,42407U
2025-06-29T14:47:21.975829,-5035.120930776833,595.6707413599119,4914.5435552848085,-4.884409202912962,2.220444253270737,-5.256525718484579,42407U
2025-06-29T14:48:21.975829,-5317.747897064234,727.5959420614738,4589.346067286661,-4.533298224887068,2.175566610679384,-5.579700293887177,42407U
2025-06-29T14:49:21.975829,-5578.7464930250835,856.5618496277516,4245.433305279648,-4.163709548274752,2.1218350358761144,-5.880155211885698,42407U
2025-06-29T14:50:21.975829,-5817.052759119133,982.0435582073359,3884.2059092500967,-3.7771455479986082,2.0594666322047694,-6.156657867999697,42407U
2025-06-29T14:51:21.975829,-6031.6950611289785,1103.5302646844714,3507.1355975933757,-3.375180244526559,1.9887142134951705,-6.4080724701210094,42407U
2025-06-29T14:52:21.975829,-6221.79820150917,1220.527385102064,3115.7591990905776,-2.9594529967031273,1.9098653986580405,-6.633365259777252,42407U
2025-06-29T14:53:21.975829,-6386.587140230641,1332.5586114883388,2711.6723833484234,-2.531661802351373,1.8232415325247273,-6.831609335655013,42407U
2025-06-29T14:54:21.975829,-6525.390302381737,1439.1678986490447,2296.523115003017,-2.093556233721999,1.7291964329584055,-7.001989033317714,42407U
2025-06-29T14:55:21.975829,-6637.6424516211755,1539.921370556651,1872.0048596932215,-1.6469300414706376,1.6281149664296142,-7.143803817078109,42407U
2025-06-29T14:56:21.975829,-6722.887110798613,1634.4091361702688,1439.8495723590252,-1.1936134671341314,1.5204114565234708,-7.256471643209058,42407U
2025-06-29T14:57:21.975829,-6780.778513642853,1722.247004863039,1001.8205007267492,-0.7354653098210093,1.406527932155031,-7.339531758043359,42407U
2025-06-29T14:58:21.975829,-6811.08307431897,1803.078092110795,559.7048388673691,-0.27436479786148027,1.2869322245480548,-7.392646899911723,42407U
2025-06-29T14:59:21.975829,-6813.680364832225,1876.5743067084022,115.30626737775641,0.18779667971710587,1.162115924205414,-7.415604880167778,42407U
2025-06-29T15:00:21.975829,-6788.563593645989,1942.4377115172424,-329.56258200242115,0.6491239239456581,1.0325922111006425,-7.408319525575013,42407U
2025-06-29T15:01:21.975829,-6735.839582417249,2000.401750595567,-773.0876986960693,1.1077262990248522,0.8988935730889891,-7.37083097188661,42407U
2025-06-29T15:02:21.975829,-6655.728241366535,2050.2323365106263,-1213.4612635155856,1.5617260672157656,0.7615694290148074,-7.30330530632046,42407U
2025-06-29T15:03:21.975829,-6548.561547414613,2091.728792654035,-1648.8891779161534,2.0092666254683933,0.6211836741406322,-7.206033564591155,42407U
2025-06-29T15:04:21.975829,-6414.78203276132,2124.7246464639566,-2077.5985139698228,2.448520585529716,0.4783121663015965,-7.079430095978165,42407U
2025-06-29T15:05:21.975829,-6254.940794982774,2149.0882705717277,-2497.844847786519,2.877697642220889,0.3335401715838199,-6.924030317362465,42407U
2025-06-29T15:06:21.975829,-6069.69504291054,2164.7233700179872,-2907.9194405827507,3.2950521786217766,0.18745978831924276,-6.740487884036712,42407U
2025-06-29T15:07:21.975829,-5859.805195474024,2171.56931479603,-3306.156233447179,3.6988905618913033,0.040667367796478206,-6.5295713112001526,42407U
2025-06-29T15:08:21.975829,-5626.13155328133,2169.601318059072,-3690.938624042476,4.0875780892425135,-0.10623905068088382,-6.292160085221864,42407U
2025-06-29T15:09:21.975829,-5369.630564940049,2158.8304613498067,-4060.70599595207,4.459545549992431,-0.2526622738691693,-6.029240307860147,42407U
2025-06-29T15:10:21.975829,-5091.350711957739,2139.303569156565,-4413.959974047358,4.813295376399129,-0.39800844268257,-5.7418999195767055,42407U
2025-06-29T15:11:21.975829,-4792.428037475062,2111.1029359543672,-4749.270382077435,5.147407362998566,-0.5416894608716698,-5.43132354980587,42407U
2025-06-29T15:12:21.975829,-4474.081345119465,2074.3459096402735,-5065.280881528385,5.460543941073863,-0.6831253526792996,-5.098787042571499,42407U
2025-06-29T15:13:21.975829,-4137.607094784643,2029.1843358988835,-5360.714273760324,5.7514550016825865,-0.8217465398891514,-4.745651705061308,42407U
2025-06-29T15:14:21.975829,-3784.374022510729,1975.8038685648382,-5634.377450060903,6.018982266753964,-0.9569960306485616,-4.373358325103214,42407U
2025-06-29T15:15:21.975829,-3415.8175112837143,1914.423151418382,-5885.16597713005,6.262063213597043,-1.0883315145719346,-3.983421000410143,42407U
2025-06-29T15:16:21.975829,-3033.4337393708724,1845.2928771565705,-6112.068307741401,6.479734562744887,-1.215227360474553,-3.5774208189854964,42407U
2025-06-29T15:17:21.975829,-2638.7736318144666,1768.6947294042623,-6314.169608772304,6.671135343163522,-1.3371765150042887,-3.1569994253332534,42407U
2025-06-29T15:18:21.975829,-2233.436640085689,1684.9402137354678,-6490.655200513792,6.835509551493645,-1.453692301934848,-2.723852502454732,42407U
2025-06-29T15:19:21.975829,-1819.0643736267284,1594.3693836129157,-6640.813602966849,6.972208423915363,-1.5643101233208503,-2.2797231940959266,42407U
2025-06-29T15:20:21.975829,-1397.3341059999768,1497.3494670725513,-6764.039186063739,7.080692339804678,-1.6685890647347204,-1.8263954864551104,42407U
2025-06-29T15:21:21.975829,-969.952177198983,1394.273399821354,-6859.834421776038,7.1605323759480335,-1.766113407557641,-1.3656875632752103,42407U
2025-06-29T15:22:21.975829,-538.6473126034724,1285.5582702298548,-6927.811736763697,7.211411528629236,-1.8564940516952275,-0.8994451433373498,42407U
2025-06-29T15:23:21.975829,-105.16387809776516,1171.6436814997085,-6967.694964637788,7.233125618529082,-1.939369852144167,-0.42953480499617785,42407U
2025-06-29T15:24:21.975829,328.74490992702334,1052.990036091832,-6979.320397088362,7.225583890211973,-2.01440887255486,0.042162701264635574,42407U
2025-06-29T15:25:21.975829,761.3238015642622,930.0767473302466,-6962.637433114022,7.1888093141777105,-2.0813095583383125,0.5137591540825911,42407U
2025-06-29T15:26:21.975829,1190.8223396045025,803.4003829722437,-6917.708825435153,7.12293859521415,-2.1398018309835667,0.9833655799120254,42407U
2025-06-29T15:27:21.975829,1615.5016772968336,673.4727454680001,-6844.710522940449,7.028221886303297,-2.1896481041307334,1.4490989935659113,42407U
2025-06-29T15:28:21.975829,2033.641369813386,540.8188936386525,-6743.9311077694665,6.905022202820129,-2.230644220634293,1.9090891646581887,42407U
2025-06-29T15:29:21.975829,2443.546121135843,405.9751105889142,-6615.770825438219,6.753814527437985,-2.2626203084138132,2.3614854125541354,42407U
2025-06-29T15:30:21.975829,2843.552467401436,269.48682284478576,-6460.740206335145,6.5751845922265435,-2.2854415513888644,2.804463429932039,42407U
2025-06-29T15:31:21.975829,3232.0353768460027,131.9064759705736,-6279.458277010901,6.369827321097512,-2.2990088703017197,3.2362321315800098,42407U
2025-06-29T15:32:21.975829,3607.4147454027634,-6.208627729058915,-6072.6503600143105,6.13854491319962,-2.3032595068140935,3.6550405207185146,42407U
2025-06-29T15:33:21.975829,3968.1617658151317,-144.2985233861914,-5841.145461630954,5.882244546236882,-2.298167502992009,4.059184560117349,42407U
2025-06-29T15:34:21.975829,4312.805146843623,-281.80280308641755,-5585.8732478038555,5.601935678111638,-2.2837440672286378,4.447014029735165,42407U
2025-06-29T15:35:21.975829,4639.937157878419,-418.16285363010337,-5307.860609771661,5.2987269258472685,-2.260037816856632,4.81693934678492,42407U
2025-06-29T15:36:21.975829,4948.2194730528845,-552.8241048441039,-5008.227822573114,4.973822502483467,-2.2271348872185714,5.167438318216742,42407U
2025-06-29T15:37:21.975829,5236.38878788031,-685.2382801330554,-4688.184301527663,4.628518195549977,-2.1851588968335123,5.4970627898667175,42407U
2025-06-29T15:38:21.975829,5503.262180571907,-814.865640347916,-4349.023964091103,4.264196874766852,-2.1342707585470544,5.804445151176595,42407U
2025-06-29T15:39:21.975829,5747.742189590853,-941.1772114582436,-3992.120207088251,3.882323521721163,-2.074668327193856,6.088304649654372,42407U
2025-06-29T15:40:21.975829,5968.821578734302,-1063.656985977072,-3618.920512180928,3.484439780286987,-2.006585875334802,6.347453465350908,42407U
2025-06-29T15:41:21.975829,6165.587761151132,-1181.8040876203588,-3230.9406954949677,3.0721580333358105,-1.9302933900403865,6.580802492741803,42407U
2025-06-29T15:42:21.975829,6337.22685424053,-1295.134888309257,-2829.7588205398115,2.647155018635284,-1.8460956854495019,6.78736677568175,42407U
2025-06-29T15:43:21.975829,6483.027338369201,-1403.1850663659857,-2417.008796826975,2.2111650045280875,-1.7543313278951729,6.966270540661231,42407U
2025-06-29T15:44:21.975829,6602.38329379936,-1505.5115946246938,-1994.3736898632899,1.765972553797724,-1.6553713727044128,7.116751774504798,42407U
2025-06-29T15:45:21.975829,6694.797192144595,-1601.6946471965712,-1563.578771365605,1.3134049118052087,-1.5496179142825726,7.238166294943037,42407U
2025-06-29T15:46:21.975829,6759.882221046119,-1691.3394137987677,-1126.3843415403933,0.8553240622830368,-1.4375024537125454,7.329991266138284,42407U
2025-06-29T15:47:21.975829,6797.36412355956,-1774.0778108850825,-684.5783580207694,0.39361850087059147,-1.3194840907617191,7.391828116180176,42407U
2025-06-29T15:48:21.975829,6807.082536923747,-1849.5700793076003,-239.96890845665226,-0.0698052176752343,-1.1960475498092735,7.423404819683146,42407U
2025-06-29T15:49:21.975829,6788.991818885573,-1917.50625888008,205.62343422361454,-0.533031097818852,-1.0677010517116046,7.424577515748659,42407U
2025-06-29T15:50:21.975829,6743.161353518381,-1977.6075310042343,650.3733333003116,-0.994142422711746,-0.9349740459334984,7.395331439517464,42407U
2025-06-29T15:51:21.975829,6669.7753324175565,-2029.627421441925,1092.4584448600215,-1.4512305080299428,-0.7984148193160673,7.335781154104209,42407U
2025-06-29T15:52:21.975829,6569.132011204669,-2073.352856351037,1530.067167321244,-1.9024034224676138,-0.6585879995741736,7.2461700786352035,42407U
2025-06-29T15:53:21.975829,6441.642445337076,-2108.605065832317,1961.406341715502,-2.34579460764271,-0.5160719729575978,7.126869317144291,42407U
2025-06-29T15:54:21.975829,6287.828713215978,-2135.2403304325358,2384.7088610979663,-2.779571332039044,-0.37145623643834247,6.978375801958142,42407U
2025-06-29T15:55:21.975829,6108.3216384305,-2153.1505672907283,2798.2411485332027,-3.201942916816575,-0.2253387052758616,6.801309773666347,42407U
2025-06-29T15:56:21.975829,5903.858026591314,-2162.2637538721356,3200.310464663434,-3.6111686757554176,-0.0783229968547313,6.596411627584234,42407U
2025-06-29T15:57:21.975829,5675.2774355210995,-2162.5441884825464,3589.2720078810603,-4.005565517117162,0.06898428871108668,6.364538163557399,42407U
2025-06-29T15:58:21.975829,5423.518500523053,-2153.992587966241,3963.5357725271915,-4.383515161613801,0.21597627153212431,6.106658281843179,42407U
2025-06-29T15:59:21.975829,5149.614838998022,-2136.6460241407794,4321.573133253142,-4.743470937753173,0.3620484599809456,5.823848172493595,42407U
2025-06-29T16:00:21.975829,4854.690560785195,-2110.5777015893086,4661.923126648727,-5.083964123357398,0.5066013668772809,5.517286049047428,42407U
2025-06-29T16:01:21.975829,4539.955412216514,-2075.896580393064,4983.198404396881,-5.403609809797366,0.6490430587101382,5.188246479334077,42407U
2025-06-29T16:02:21.975829,4206.699583160651,-2032.7468482472495,5284.090835305812,-5.701112273033515,0.7887916247559966,4.8380943669648415,42407U
2025-06-29T16:03:21.975829,3856.2882068314584,-1981.3072471035905,5563.376737018001,-5.975269843158728,0.9252775552102522,4.468278636191864,42407U
2025-06-29T16:04:21.975829,3490.1555827212173,-1921.7902601032827,5819.92172101126,-6.2249792706681095,1.057946019521335,4.080325671225219,42407U
2025-06-29T16:05:21.975829,3109.7991526380138,-1854.4411649899641,6052.6851377703315,-6.449239594077318,1.1862590384305944,3.6758325578083957,42407U
2025-06-29T16:06:21.975829,2716.7732596219953,-1779.536960550564,6260.724111561847,-6.647155518517302,1.3096975452112212,3.2564601711744228,42407U
2025-06-29T16:07:21.975829,2312.6827185959305,-1697.3851728099821,6443.197156906592,-6.817940319273078,1.4277633335988758,2.8239261496424626,42407U
2025-06-29T16:08:21.975829,1899.1762267976624,-1608.3225478230509,6599.367370947693,-6.960918287202299,1.5399808915509796,2.3799977880917673,42407U
2025-06-29T16:09:21.975829,1477.939640885975,-1512.7136379004994,6728.60519784695,-7.075526734921224,1.6458991214130958,1.9264848800439136,42407U
2025-06-29T16:10:21.975829,1050.6891464581909,-1410.9492880355372,6830.390762882495,-7.161317583375037,1.7450929481641555,1.4652325316320682,42407U
2025-06-29T16:11:21.975829,619.164344540538,-1303.4450291699056,6904.31577514976,-7.2179585480371395,1.8371648181696,0.9981139654719533,42407U
2025-06-29T16:12:21.975829,185.1212784862877,-1190.6393847748045,6950.084998691637,-7.2452339425861245,1.921746091275513,0.5270233276055563,42407U
2025-06-29T16:13:21.975829,-249.67457628516917,-1072.9920970482922,6967.517292531609,-7.243045115616783,1.9984983291292413,0.05386850648134268,42407U
2025-06-29T16:14:21.975829,-683.4553381259702,-950.982278861483,6956.5462205043,-7.21141053292107,2.06711448233395,-0.4194360304910329,42407U
2025-06-29T16:15:21.975829,-1114.4577396326908,-825.1064974456289,6917.2202320189635,-7.150465514311883,2.1273199784633574,-0.8909763797615222,42407U
2025-06-29T16:16:21.975829,-1540.9301222255397,-695.876795716233,6849.702415016135,-7.060461630070887,2.178873712123822,-1.3588463222515725,42407U
2025-06-29T16:17:21.975829,-1961.139384487075,-563.8186570893276,6754.269822447919,-6.941765758099197,2.221568937207387,-1.8211544205793215,42407U
2025-06-29T16:18:21.975829,-2373.377863847726,-429.4689196744097,6631.312373692499,-6.794858798959244,2.255234060291091,-2.276031091044325,42407U
2025-06-29T16:19:21.975829,-2775.970130913996,-293.3736458328765,6481.331332469797,-6.620334042436023,2.2797333328716296,-2.721635646811039,42407U
2025-06-29T16:20:21.975829,-3167.2796752533163,-156.0859532693244,6304.937363113276,-6.418895176212317,2.294967438852054,-3.156163306086677,42407U
2025-06-29T16:21:21.975829,-3545.7154607974453,-18.16381407970134,6102.848167530005,-6.191353924928548,2.3008739724849305,-3.57785215561411,42407U
2025-06-29T16:22:21.975829,-3909.738328263869,119.83217149460673,5875.885705890266,-5.938627306431107,2.2974278008941744,-3.984990055666808,42407U
2025-06-29T16:23:21.975829,-4257.867221181876,257.3410194761868,5624.973005058528,-5.661734491510717,2.284641304406794,-4.375921468132481,42407U
2025-06-29T16:24:21.975829,-4588.6852112844535,393.8036171602082,5351.130560043914,-5.3617932539848,2.2625644872796236,-4.749054184387309,42407U
2025-06-29T16:25:21.975829,-4900.845298291769,528.6649807033195,5055.472335297872,-5.040015999591543,2.2312849510512134,-5.102865924757162,42407U
2025-06-29T16:26:21.975829,-5193.075958485103,661.3765067991751,4739.201374542155,-4.69770536485894,2.190927722718139,-5.435910776609521,42407U
2025-06-29T16:27:21.975829,-5464.186416057389,791.3982094888273,4403.605029926278,-4.336249380805082,2.141654930248959,-5.746825433788498,42407U
2025-06-29T16:28:21.975829,-5713.071611054588,918.2009327220738,4050.04982367996,-3.957116200944836,2.083665318616482,-6.034335196368505,42407U
2025-06-29T16:29:21.975829,-5938.71683786147,1041.2685289082087,3679.97595798423,-3.561848398473902,2.0171936005422992,-6.2972596867679895,42407U
2025-06-29T16:30:21.975829,-6140.202028659958,1160.0999933841363,3294.891491501506,-3.1520568435322613,1.9425096374906456,-6.534518236273385,42407U
2025-06-29T16:31:21.975829,-6316.705657154165,1274.2115445145237,2896.366203786335,-2.729414177890264,1.8599174480837384,-6.745134895127672,42407U
2025-06-29T16:32:21.975829,-6467.508239101114,1383.1386390244354,2486.0251716191556,-2.295647911089328,1.7697540430019858,-6.928243019589598,42407U
2025-06-29T16:33:21.975829,-6591.995407845141,1486.4379121760376,2065.5420840535076,-1.8525331687427264,1.6723880875188095,-7.083089390847232,42407U
2025-06-29T16:34:21.975829,-6689.660545101552,1583.689032540269,1636.6323255946115,-1.4018851301630844,1.5682183950449384,-7.209037823353347,42407U
2025-06-29T16:35:21.975829,-6760.106949656394,1674.4964613882992,1201.0458593580609,-0.9455511985104377,1.4576722573525263,-7.305572224005828,42407U
2025-06-29T16:36:21.975829,-6803.0495294140765,1758.4911071415993,760.5599442135033,-0.48540295203127515,1.3412036194432697,-7.372299068542979,42407U
2025-06-29T16:37:21.975829,-6818.316005282759,1835.3318658664043,316.97172175686273,-0.02332792952058163,1.2192911092496495,-7.408949267432188,42407U
2025-06-29T16:38:21.975829,-6805.847618689418,1904.7070394771904,-127.90928960198254,0.4387786932979972,1.0924359344395904,-7.4153794002509095,42407U
2025-06-29T16:39:21.975829,-6765.69933799504,1966.3356241061745,-572.2687551050805,0.8990224772984715,0.9611596604771746,-7.391572304898625,42407U
2025-06-29T16:40:21.975829,-6698.039562669925,2019.9684619991338,-1014.295099779056,1.3555180829607159,0.8260018857020303,-7.337637015736387,42407U
2025-06-29T16:41:21.975829,-6603.149327713616,2065.3892512804327,-1452.1870612216387,1.8063975623854298,0.6875178304989275,-7.253808052697425,42407U
2025-06-29T16:42:21.975829,-6481.42101439146,2102.415408985523,-1884.1611804126442,2.249818521073191,0.5462758585774308,-7.140444071324644,42407U
2025-06-29T16:43:21.975829,-6333.356576834342,2130.8987838565686,-2308.459192751196,2.6839720926494453,0.40285494895606705,-6.998025891335624,42407U
2025-06-29T16:44:21.975829,-6159.565297344022,2150.726216516439,-2723.355282792828,3.107090673273563,0.2578421374285355,-6.82715392847984,42407U
2025-06-29T16:45:21.975829,-5960.761086294215,2161.819945755182,-3127.163167850561,3.5174553670573503,0.11182994607492108,-6.6285450609289285,42407U
2025-06-29T16:46:21.975829,-5737.759345265636,2164.1378607565716,-3518.2429776647327,3.9134030992664703,-0.034586181212374646,-6.403028967055814,42407U
2025-06-29T16:47:21.975829,-5491.473414455601,2157.6736001392374,-3895.0078996909824,4.2933333602220305,-0.1808104201684352,-6.151543976066075,42407U
2025-06-29T16:48:21.975829,-5222.91062741748,2142.4564996673425,-4255.930562150874,4.655714549471552,-0.32624906881655236,-5.875132476424855,42407U
2025-06-29T16:49:21.975829,-4933.167997799534,2118.551391381003,-4599.549129743024,4.999089896724188,-0.470312997149414,-5.574935929312984,42407U
2025-06-29T16:50:21.975829,-4623.427563948059,2086.058257693841,-4924.473089773184,5.322082943045802,-0.6124200313967737,-5.252189535405061,42407U
2025-06-29T16:51:21.975829,-4294.951418027543,2045.1117446914964,-5229.38870934171,5.623402572652286,-0.7519972623653955,-4.908216603108626,42407U
2025-06-29T16:52:21.975829,-3949.0764466799706,1995.8805394325573,-5513.064147082446,5.901847592139785,-0.8884832693567503,-4.544422665060825,42407U
2025-06-29T16:53:21.975829,-3587.2088102852754,1938.566616503905,-5774.354205648875,6.1563108598913505,-1.0213302531903312,-4.162289387300988,42407U
2025-06-29T16:54:21.975829,-3210.8181875669093,1873.4043594120749,-6012.2047137116615,6.385782973607323,-1.150006073850173,-3.7633683121811115,42407U
2025-06-29T16:55:21.975829,-2821.431811637854,1800.659562597403,-6225.65652859497,6.589355528254879,-1.273996190162626,-3.3492744718764924,42407U
2025-06-29T16:56:21.975829,-2420.628322844292,1720.6283199785212,-6413.849152682401,6.766223959999213,-1.3928055005791458,-2.921679904694916,42407U
2025-06-29T16:57:21.975829,-2010.031462687215,1633.6358059348177,-6576.023958558142,6.915689994003433,-1.5059600856397939,-2.482307101130379,42407U
2025-06-29T16:58:21.975829,-1591.303632048246,1540.034954573953,-6711.5270192750295,7.0371637151135,-1.6130088538736487,-2.03292240129425,42407U
2025-06-29T16:59:21.975829,-1166.1393358011057,1440.205043000766,-6819.811541291883,7.130165280516007,-1.713525093785288,-1.5753293600136382,42407U
2025-06-29T17:00:21.975829,-736.2585347755462,1334.5501841297823,-6900.439898454808,7.194326292464137,-1.8071079351349335,-1.111362090789597,42407U
2025-06-29T17:01:21.975829,-303.39992502974815,1223.497734389677,-6953.085265934426,7.22939084719627,-1.8933837229312633,-0.6428785951766609,42407U
2025-06-29T17:02:21.975829,130.68583650227868,1107.4966214670462,-6977.53285331705,7.235216273349872,-1.9720073074324274,-0.17175408012832394,42407U
2025-06-29T17:03:21.975829,564.2429416110731,987.0155970548475,-6973.680736112818,7.211773569639658,-2.042663252996839,0.30012573735211173,42407U
2025-06-29T17:04:21.975829,995.5172577447025,862.5414194254153,-6941.540284846386,7.159147547504985,-2.105066967873271,0.7708713411866014,42407U
2025-06-29T17:05:21.975829,1422.7631545838256,734.576970550649,-6881.236190691995,7.077536680031292,-2.1589657560084383,1.2385961470107236,42407U
2025-06-29T17:06:21.975829,1844.250312512508,603.6393124649528,-6793.006086365827,6.967252653922251,-2.2041397907234215,1.701423257113532,42407U
2025-06-29T17:07:21.975829,2258.2704949200224,470.25768761575074,-6677.199760763058,6.828719616862421,-2.240403008728598,2.157492242915678,42407U
2025-06-29T17:08:21.975829,2663.1442657018897,334.9714680783531,-6534.277965686593,6.662473108474042,-2.267603921472951,2.604965956346234,42407U
2025-06-29T17:09:21.975829,3057.2276325173884,198.32805873587512,-6364.810813024696,6.469158659446694,-2.2856263393225382,3.042037368422394,42407U
2025-06-29T17:10:21.975829,3438.9185953607443,60.88075983477321,-6169.475760951992,6.249530040489888,-2.294390002607337,3.4669364293765708,42407U
2025-06-29T17:11:21.975829,3806.663578849252,-76.81340527898914,-5949.055188202989,6.004447140694102,-2.293851112232253,3.877936939943031,42407U
2025-06-29T17:12:21.975829,4158.963725380326,-214.19589096757943,-5704.433556242946,5.734873453822069,-2.2840027513834595,4.27336341808596,42407U
2025-06-29T17:13:21.975829,4494.381025031701,-350.7088518465322,-5436.594160261805,5.441873151084365,-2.264875188936647,4.651597939732651,42407U
2025-06-29T17:14:21.975829,4811.544256822108,-485.79737967819165,-5146.615471372976,5.126607720157377,-2.236536054540847,5.011086926166304,42407U
2025-06-29T17:15:21.975829,5109.154714814089,-618.9117466187221,-4835.667074195979,4.790332152576786,-2.199090375054345,5.350347844897927,42407U
2025-06-29T17:16:21.975829,5385.99169156206,-749.5096462043889,-4505.005206153532,4.434390665187443,-2.1526804620801614,5.667975785272079,42407U
2025-06-29T17:17:21.975829,5640.917690685644,-877.0584228631571,-4155.967907274438,4.060211945961766,-2.097485640805792,5.962649865032244,42407U
2025-06-29T17:18:21.975829,5872.883339924482,-1001.0372801737893,-3789.9697920401295,3.669303920118655,-2.033721811201176,6.233139419772974,42407U
2025-06-29T17:19:21.975829,6080.931975964367,-1120.9394575908764,-3408.4964577964815,3.2632480389397163,-1.9616408338633498,6.478309923837919,42407U
2025-06-29T17:20:21.975829,6264.203872672065,-1236.2743649381282,-3013.0985473990995,2.8436931007923993,-1.8815297343906494,6.6971285889646355,42407U
2025-06-29T17:21:21.975829,6421.940085156826,-1346.5696636571492,-2605.385487017943,2.4123486214432233,-1.7937097220902878,6.888669585943474,42407U
2025-06-29T17:22:21.975829,6553.485883322037,-1451.3732836087474,-2187.0189233072397,1.9709777785357003,-1.6985350210214616,7.052118834853627,42407U
2025-06-29T17:23:21.975829,6658.293750285027,-1550.2553641727955,-1759.7058873673807,1.5213899628751373,-1.5963915137915843,7.1867783111083865,42407U
2025-06-29T17:24:21.975829,6735.925923214006,-1642.8101084869998,-1325.191716022464,1.0654329766793877,-1.4876952010922009,7.292069817577616,42407U
2025-06-29T17:25:21.975829,6786.056456747536,-1728.6575399228514,-885.2527637916917,0.604984925940123,-1.3728904826016721,7.367538177427188,42407U
2025-06-29T17:26:21.975829,6808.472792172784,-1807.4451503073362,-441.688941512879,0.141945860313451,-1.25244826752462,7.412853807908821,42407U
2025-06-29T17:27:21.975829,6803.0768189055825,-1878.8494299702306,3.68388022348671,-0.3217707807211466,-1.1268639255976556,7.427814642029436,42407U
2025-06-29T17:28:21.975829,6769.885418471044,-1942.5772704179285,449.04156290304354,-0.7842468524954762,-0.9966550917902822,7.412347372641503,42407U
2025-06-29T17:29:21.975829,6709.030485056947,-1998.36723129177,892.5594459505844,-1.2435682546884546,-0.8623593401010992,7.366508001817026,42407U
2025-06-29T17:30:21.975829,6620.758420726128,-2045.9906642516341,1332.420104628354,-1.6978336782904908,-0.7245317437189965,7.2904816871649505,42407U
2025-06-29T17:31:21.975829,6505.429107442206,-2085.2526875093167,1766.8210777293816,-2.1451632823453775,-0.5837423403373466,7.184581885768767,42407U
2025-06-29T17:32:21.975829,6363.5143621040015,-2115.993005900243,2193.9825231223563,-2.5837072340505127,-0.4405735225321907,7.0492488054018265,42407U
2025-06-29T17:33:21.975829,6195.595884706685,-2138.0865726032043,2612.1547600530016,-3.0116540484199725,-0.2956173738051048,6.885047181357405,42407U
2025-06-29T17:34:21.975829,6002.362713478903,-2151.444089865917,3019.625658443833,-3.427238667601847,-0.1494729711436781,6.692663405366785,42407U
2025-06-29T17:35:21.975829,5784.608204304241,-2156.0123473458975,3414.7278372550686,-3.8287502249951375,-0.0027436747557307408,6.472902040437341,42407U
2025-06-29T17:36:21.975829,5543.226554859681,-2151.774397902333,3795.845636202134,-4.214539445341391,0.14396557499184767,6.226681761825595,42407U
2025-06-29T17:37:21.975829,5279.208896644128,-2138.7495718515156,4161.421827703742,-4.583025638767305,0.29005093442228513,5.955030769607563,42407U
2025-06-29T17:38:21.975829,4993.63898037555,-2116.993331802298,4509.96403880524,-4.932703254118839,0.43491228956469,5.659081722286869,42407U
2025-06-29T17:39:21.975829,4687.688482091705,-2086.596971198864,4840.050855880845,-5.26214796458646,0.5779558293997586,5.340066243525484,42407U
2025-06-29T17:40:21.975829,4362.611958670167,-2047.6871605988338,5150.337588108402,-5.570022266350685,0.7185965453279773,4.999309055348061,42407U
2025-06-29T17:41:21.975829,4019.741482438618,-2000.4253464973397,5439.561668899176,-5.855080578480383,0.8562606449328025,4.638221791127306,42407U
2025-06-29T17:42:21.975829,3660.480984972325,-1945.0070081516028,5706.547677696975,-6.116173839482024,0.9903878703215918,4.258296540245905,42407U
2025-06-29T17:43:21.975829,3286.3003403078255,-1881.6607783832937,5950.211967550447,-6.352253602301589,1.1204337134969538,3.8610991738748313,42407U
2025-06-29T17:44:21.975829,2898.7292174866056,-1810.6474347208666,6169.566886764316,-6.562375635257107,1.245871523358832,3.448262497755934,42407U
2025-06-29T17:45:21.975829,2499.3507317176736,-1732.258767500736,6363.724585573967,-6.745703041057926,1.3661945009445375,3.021479273501288,42407U
2025-06-29T17:46:21.975829,2089.7949226244054,-1646.8163316961695,6531.900401111365,-6.901508909629832,1.480917581303627,2.582495144987668,42407U
2025-06-29T17:47:21.975829,1671.732086995539,-1554.6700892860479,6673.415815974134,-7.029178522911764,1.5895792019553023,2.1331015010667653,42407U
2025-06-29T17:48:21.975829,1246.8659923126459,-1456.196948935178,6787.700987413536,-7.12821113105603,1.6917429591223732,1.6751283003219068,42407U
2025-06-29T17:49:21.975829,816.9269961526877,-1351.7992096556475,6874.296845526524,-7.198221319583783,1.7869991538475727,1.2104368782252926,42407U
2025-06-29T17:50:21.975829,383.6650954032638,-1241.9029149694143,6932.856759897639,-7.238939986103042,1.874966230664439,0.7409127519850974,42407U
2025-06-29T17:51:21.975829,-51.15707183867923,-1126.9561239213135,6963.147774903315,-7.25021494329087,1.9552921117079824,0.2684584338512164,42407U
2025-06-29T17:52:21.975829,-485.7712497346931,-1007.4271051199252,6965.051414407464,-7.232011162126359,2.0276554290211544,-0.20501374014593865,42407U
2025-06-29T17:53:21.975829,-918.4105923296408,-883.8024598290516,6938.564056892803,-7.184410666018217,2.0917666573688423,-0.6775887619763747,42407U
2025-06-29T17:54:21.975829,-1347.316674646907,-756.5851800139477,6883.7968822415105,-7.107612082698923,2.1473691491484983,-1.1473560818063813,42407U
2025-06-29T17:55:21.975829,-1770.7464668482605,-626.292647181127,6800.9753914651665,-7.001929856775615,2.194240072032025,-1.6124167153870506,42407U
2025-06-29T17:56:21.975829,-2186.9792511050755,-493.4545778449964,6690.438500750554,-6.867793121856132,2.2321912488487015,-2.0708903272327044,42407U
2025-06-29T17:57:21.975829,-2594.323460628145,-358.61092152622643,6552.637211302122,-6.705744227431049,2.261069897983225,-2.5209222869302637,42407U
2025-06-29T17:58:21.975829,-2991.123419907787,-222.30971732991807,6388.1328566827615,-6.5164369123942905,2.280759271289149,-2.9606906936928428,42407U
2025-06-29T17:59:21.975829,-3375.7659646376273,-85.10491537152681,6197.594929737589,-6.300634114413937,2.29117918527306,-3.388413361157229,42407U
2025-06-29T18:00:21.975829,-3746.6869190642074,52.44583038334198,5981.798491788663,-6.059205402496529,2.292286440156969,-3.8023547505546227,42407U
2025-06-29T18:01:21.975829,-4102.37740772346,189.7833909485508,5741.621167630305,-5.793124019127278,2.2840751204435783,-4.200832835988573,42407U
2025-06-29T18:02:21.975829,-4441.389977680982,326.3494054836009,5478.039730990433,-5.503463518441307,2.2665767698441024,-4.582225880753261,42407U
2025-06-29T18:03:21.975829,-4762.344506615711,461.5885310196663,5192.126286541776,-5.191393988008553,2.2398604329355694,-4.944979098709185,42407U
2025-06-29T18:04:21.975829,-5063.933871400967,594.9506905016815,4885.044056263288,-4.8581778440220225,2.204032555729732,-5.287611169882099,42407U
2025-06-29T18:05:21.975829,-5344.929351315244,725.8933104335016,4558.04277995598,-4.505165192932342,2.1592367374871375,-5.608720574897061,42407U
2025-06-29T18:06:21.975829,-5604.185739728933,853.883538968228,4212.453741972294,-4.133788756782466,2.1056533266113107,-5.906991708830509,42407U
2025-06-29T18:07:21.975829,-5840.646138102443,978.400434879659,3849.684438697322,-3.7455583645619908,2.0434988543093993,-6.181200731739975,42407U
2025-06-29T18:08:21.975829,-6053.346406450001,1098.9371175078038,3471.212903969896,-3.342055017664655,1.973025300894397,-6.43022111069529,42407U
2025-06-29T18:09:21.975829,-6241.419245106012,1215.0028675098001,3078.5817123947536,-2.924924543818259,1.8945191911037724,-6.653028806725657,42407U
2025-06-29T18:10:21.975829,-6404.097883702352,1326.1251680853818,2673.3916833076946,-2.4958708604612783,1.8083005165816939,-6.848707059820079,42407U
2025-06-29T18:11:21.975829,-6540.719354737265,1431.8516762977606,2257.295310942805,-2.0566488752483956,1.7147214856677695,-7.016450726037664,42407U
2025-06-29T18:12:21.975829,-6650.727330985791,1531.7521141861816,1831.989949049299,-1.60905705796328,1.6141651027982868,-7.15557012291871,42407U
2025-06-29T18:13:21.975829,-6733.674508260015,1625.4200695777708,1399.210780728308,-1.1549297243645689,1.5070435820889427,-7.265494342722325,42407U
2025-06-29T18:14:21.975829,-6789.224517639615,1712.4746968521029,960.7236065526797,-0.6961290781948677,1.3937966019649495,-7.345773997478507,42407U
2025-06-29T18:15:21.975829,-6817.153354225634,1792.5623083953567,518.3174860227253,-0.2345370625388247,1.2748894099630907,-7.39608336533212,42407U
2025-06-29T18:16:21.975829,-6817.350312669899,1865.3578480972087,73.79726903859229,0.2279529242474511,1.1508107889798478,-7.416221914030159,42407U
2025-06-29T18:17:21.975829,-6789.818423139604,1930.566238980617,-371.0239446971717,0.6894443898220594,1.0220708982169187,-7.406115184486045,42407U
2025-06-29T18:18:21.975829,-6734.674384926648,1987.9235979059124,-814.3323796550034,1.148046126327703,0.8891990038132138,-7.365815024950996,42407U
2025-06-29T18:19:21.975829,-6652.1479985297765,2037.1983112339374,-1254.321152814102,1.6018805454128024,0.7527411156036321,-7.295499174211543,42407U
2025-06-29T18:20:21.975829,-6542.5811006534495,2078.1919663538265,-1689.1977974957235,2.0490919098217946,0.6132575475616016,-7.195470200189842,42407U
2025-06-29T18:21:21.975829,-6406.426010102882,2110.7401350574414,-2117.191704460013,2.4878544034611934,0.47132042023207565,-7.0661538081178925,42407U
2025-06-29T18:22:21.975829,-6244.243495942761,2134.7130058502166,-2536.5614431052168,2.9163799848989247,0.32751112382837466,-6.908096539866354,42407U
2025-06-29T18:23:21.975829,-6056.700282456699,2150.0158634065733,-2945.601927115811,3.3329259733922214,0.1824177606366184,-6.721962892821845,42407U
2025-06-29T18:24:21.975829,-5844.56610833524,2156.5894144822905,-3342.651390796004,3.735802321619139,0.03663258495370613,-6.508531892731948,42407U
2025-06-29T18:25:21.975829,-5608.71036008974,2154.409960663164,-3726.0981445314214,4.123378535133027,-0.10925054199659633,-6.268693160022342,42407U
2025-06-29T18:26:21.975829,-5350.09830188116,2143.489419340039,-4094.387080321781,4.494090205018172,-0.254638665852577,-6.0034425130904285,42407U
2025-06-29T18:27:21.975829,-5069.786925757169,2123.8751952337516,-4446.02590100737,4.846445127044525,-0.39894220670743397,-5.713877154922331,42407U
2025-06-29T18:28:21.975829,-4768.92044767339,2095.649905635073,-4779.591049642431,5.179028987625246,-0.5415773672721342,-5.401190490995106,42407U
2025-06-29T18:29:21.975829,-4448.725475661807,2058.930963262686,-5093.733318331904,5.490510603807683,-0.681968470216473,-5.0666666268345075,42407U
2025-06-29T18:30:21.975829,-4110.505877019207,2013.8700212589088,-5387.183118773602,5.779646711262512,-0.8195502152926326,-4.7116745927376735,42407U
2025-06-29T18:31:21.975829,-3755.637371684379,1960.6522853585193,-5658.755399416354,6.045286300324019,-0.9537698488180926,-4.337662341363157,42407U
2025-06-29T18:32:21.975829,-3385.5618786290693,1899.4956986285777,-5907.354196956213,6.286374505853684,-1.0840892401796802,-3.9461505607693304,42407U
2025-06-29T18:33:21.975829,-3001.7816418482685,1830.6500044746213,-6131.976812127789,6.501956061232452,-1.2099868618507739,-3.5387263419225845,42407U
2025-06-29T18:34:21.975829,-2605.853161490911,1754.395693716862,-6331.717602182789,6.691178330817264,-1.3309596713134286,-3.1170367348614674,42407U
2025-06-29T18:35:21.975829,-2199.3809550918045,1671.0428416489267,-6505.77138410604,6.8532939377091076,-1.4465248947265472,-2.682782223061715,42407U
2025-06-29T18:36:21.975829,-1784.0111725363145,1580.9298409176265,-6653.436444416742,6.987663005535327,-1.5562217136044487,-2.2377101399636024,42407U
2025-06-29T18:37:21.975829,-1361.4250873984952,1484.422035981799,-6774.117152591825,7.093755033414438,-1.6596128567525499,-1.7836080463942163,42407U
2025-06-29T18:38:21.975829,-933.3324861282372,1381.9102647483508,-6867.326176145929,7.1711504227777025,-1.7562861004305301,-1.3222970823518916,42407U
2025-06-29T18:39:21.975829,-501.46497549584205,1273.809312797317,-6932.6862960699755,7.219541673182156,-1.8458556800855221,-0.8556253017513068,42407U
2025-06-29T18:40:21.975829,-67.56922775688578,1160.5562854099055,-6969.931821724639,7.238734261796499,-1.9279636170268435,-0.3854609944162388,42407U
2025-06-29T18:41:21.975829,366.5998177898683,1042.6089024204819,-6978.909604445671,7.228647218011324,-2.0022809631125282,0.08631400398941302,42407U
2025-06-29T18:42:21.975829,799.2857787426019,920.4437207514534,-6959.579649087269,7.18931340077769,-2.0685089659011076,0.5578110161046206,42407U
2025-06-29T18:43:21.975829,1228.737661267929,794.5542893675607,-6912.015322567757,7.120879482004931,-2.126380155830112,1.027141244834105,42407U
2025-06-29T18:44:21.975829,1653.2166818002015,665.4492413282737,-6836.403158245474,7.023605634851372,-2.175659355851053,1.4924225175235593,42407U
2025-06-29T18:45:21.975829,2071.003060874881,533.6503276275868,-6733.042254708936,6.89786492123511,-2.216144612639967,1.9517860562979858,42407U
2025-06-29T18:46:21.975829,2480.402770737915,399.69039760608285,-6602.343267379476,6.744142368593122,-2.247668047066425,2.4033832769607257,42407U
2025-06-29T18:47:21.975829,2879.7542176748625,264.1113308992938,-6444.8269912583755,6.563033722033497,-2.2700966201131827,2.845392616257288,42407U
2025-06-29T18:48:21.975829,3267.4348390781042,127.4619261584763,-6261.122533269292,6.355243854760034,-2.283332808957343,3.2760263837361774,42407U
2025-06-29T18:49:21.975829,3641.8675941862907,-9.704247866818196,-6051.965072997536,6.121584817170253,-2.287315186525727,3.6935376300445246,42407U
2025-06-29T18:50:21.975829,4001.5273262096025,-146.8310328572812,-5818.193211264891,5.862973503497299,-2.2820188965851615,4.09622701840769,42407U
2025-06-29T18:51:21.975829,4344.946972283561,-283.3618865338399,-5560.745906928915,5.5804289143903825,-2.267456015389286,4.4824496804775675,42407U
2025-06-29T18:52:21.975829,4670.723596419746,-418.74210626035523,-5280.659003588269,5.275068994494539,-2.243675790131906,4.850622031885387,42407U
2025-06-29T18:53:21.975829,4977.5242194182165,-552.4210629523378,-4979.06134952216,4.948107025938884,-2.2107647440007105,5.199228516933392,42407U
2025-06-29T18:54:21.975829,5264.091418651784,-683.8544369923509,-4657.170516182349,4.6008475616619355,-2.1688466375228224,5.526828246149215,42407U
2025-06-29T18:55:21.975829,5529.248669784027,-812.5064472420526,-4316.28812288142,4.234681886655203,-2.118082276169104,5.832061485127057,42407U
2025-06-29T18:56:21.975829,5771.905401913826,-937.8520636574707,-3957.794777946176,3.8510830003983796,-2.0586691548497877,6.113655948423254,42407U
2025-06-29T18:57:21.975829,5991.061737408971,-1059.3791934831645,-3583.1446494828683,3.4516001198575545,-1.9908409309878923,6.370432848468214,42407U
2025-06-29T18:58:21.975829,6185.812887841836,-1176.5908305399075,-3193.859681987857,3.0378527092696066,-1.914866719283789,6.601312646672848,42407U
2025-06-29T18:59:21.975829,6355.353178024363,-1289.0071567581226,-2791.52347824953,2.611524050325958,-1.8310502030526739,6.8053204523107995,42407U
2025-06-29T19:00:21.975829,6498.979671172228,-1396.1675848593122,-2377.7748692676096,2.1743543740937357,-1.7397285590863756,6.981591014443045,42407U
2025-06-29T19:01:21.975829,6616.095369730203,-1497.6327309695923,-1954.3011981747638,1.7281335838249694,-1.6412711953058778,7.129373253196348,42407U
2025-06-29T19:02:21.975829,6706.21196835757,-1592.986305974876,-1522.831347307218,1.2746936054665585,-1.5360783029692613,7.24803427912876,42407U
2025-06-29T19:03:21.975829,6768.9521379923735,-1681.836914607879,-1085.1285405435829,0.8159004099399252,-1.4245792278074416,7.3370628531924735,42407U
2025-06-29T19:04:21.975829,6804.051322750017,-1763.819751593881,-642.9829557486548,0.35364575788974967,-1.3072306671040719,7.3960722448586,42407U
2025-06-29T19:05:21.975829,6811.359034627084,-1838.5981846787704,-198.2041845301149,-0.1101612766299587,-1.1845147023330767,7.424802452187458,42407U
2025-06-29T19:06:21.975829,6790.839634513838,-1905.8652150106311,247.38642150087998,-0.5736029423224073,-1.0569366794455115,7.423121754847526,42407U
2025-06-29T19:07:21.975829,6742.5725918054795,-1965.3448061411036,691.9634772715436,-1.0347615419386225,-0.9250229511715746,7.3910275791166,42407U
2025-06-29T19:08:21.975829,6666.7522188627245,-2016.7930738338619,1133.7053218733408,-1.491728191739529,-0.7893184977168652,7.328646662508864,42407U
2025-06-29T19:09:21.975829,6563.68688062879,-2059.99932990353,1570.80176507261,-1.9426115413605964,-0.6503844439138896,7.236234514622024,42407U
2025-06-29T19:10:21.975829,6433.797683774041,-2094.7869744342556,2001.4617805670973,-2.3855463869122113,-0.5087954921948034,7.11417417982696,42407U
2025-06-29T19:11:21.975829,6277.616653727515,-2121.0142319200927,2423.9211044452645,-2.818702112144999,-0.36513729164385056,6.962974316269205,42407U
2025-06-29T19:12:21.975829,6095.784411784134,-2138.5747281033805,2836.449698425539,-3.2402908958386583,-0.22000376384329068,6.783266614063255,42407U
2025-06-29T19:13:21.975829,5889.047368066807,-2147.397905536502,3237.359039065393,-3.64857562812321,-0.07399440623604568,6.575802583295564,42407U
2025-06-29T19:14:21.975829,5658.254449409081,-2147.4492771285313,3625.009196178156,-4.041877484048177,0.07228840669680377,6.341449749300203,42407U
2025-06-29T19:15:21.975829,5404.353384142312,-2138.730518136996,3997.815666132161,-4.418583109201675,0.21824210498742613,6.081187298446489,42407U
2025-06-29T19:16:21.975829,5128.3865682823325,-2121.2793982008266,4354.255928448457,-4.777151379315427,0.3632665692217219,5.796101222245343,42407U
2025-06-29T19:17:21.975829,4831.4865396714895,-2095.1695560636067,4692.875697101656,-5.116119703354714,0.5067667243781735,5.487379010832605,42407U
2025-06-29T19:18:21.975829,4514.8710882127525,-2060.5101205840942,5012.294841084997,-5.434109847338678,0.6481550665984688,5.156303948759511,42407U
2025-06-29T19:19:21.975829,4179.838031551643,-2017.4451824740754,5311.2129519238815,-5.729833263698355,0.7868541100011921,4.80424906663829,42407U
2025-06-29T19:20:21.975829,3827.759686064203,-1966.1531218939763,5588.414539214244,-6.002095918498758,0.9222987428755134,4.432670801218624,42407U
2025-06-29T19:21:21.975829,3460.077063506651,-1906.8457976386524,5842.7738381254485,-6.249802615383362,1.0539384846732216,4.04310241471709,42407U
2025-06-29T19:22:21.975829,3078.2938232903603,-1839.7676040603908,6073.2592160173845,-6.471960821387389,1.181239637494658,3.6371472208575564,42407U
2025-06-29T19:23:21.975829,2683.9700101313174,-1765.194402227765,6278.937167847702,-6.667684004679878,1.3036873277245642,3.2164716613442166,42407U
2025-06-29T19:24:21.975829,2278.715605834893,-1683.432331980397,6458.97589270835,-6.836194498564406,1.420787435458373,2.7827982715189234,42407U
2025-06-29T19:25:21.975829,1864.1839231905458,-1594.8165116556772,6612.648445877075,-6.976825908903046,1.532068410957645,2.337898568935802,42407U
2025-06-29T19:26:21.975829,1442.0648687671533,-1499.7096322491773,6739.335462683915,-7.089025083984216,1.6370829787878887,1.8835858930480187,42407U
2025-06-29T19:27:21.975829,1014.0781002423989,-1398.5004526966572,6838.527452000104,-7.1723536664758685,1.7354097313514345,1.4217082187580656,42407U
2025-06-29T19:28:21.975829,581.9661027294351,-1291.6022028374794,6909.8266583527,-7.226489246630433,1.826654614251142,0.9541409613544868,42407U
2025-06-29T19:29:21.975829,147.487207442368,-1179.4509004558877,6952.948492565581,-7.251226134422293,1.910452306296721,0.4827797855612168,42407U
2025-06-29T19:30:21.975829,-287.5914249496421,-1062.5035886240526,6967.722531450238,-7.24647576592789,1.986467496990986,0.009533427282961542,42407U
2025-06-29T19:31:21.975829,-721.500834754266,-941.236499407658,6954.09308746939,-7.212266756175234,2.05439606403132,-0.4636834667034141,42407U
2025-06-29T19:32:21.975829,-1152.4772865807731,-816.1431498566112,6912.11934952416,-7.148744607084149,2.11396615276535,-0.9349574782693825,42407U
2025-06-29T19:33:21.975829,-1578.7692650469412,-687.7323761151772,6841.975096130308,-7.056171075201818,2.164939158687023,-1.4023835351827252,42407U
2025-06-29T19:34:21.975829,-1998.6444225180123,-556.5263114509766,6743.947982317073,-6.934923199933244,2.207110613009473,-1.8640720049049837,42407U
2025-06-29T19:35:21.975829,-2410.3964584433497,-423.05831403685363,6618.438401664936,-6.785491989091392,2.2403109701628496,-2.3181557629891287,42407U
2025-06-29T19:36:21.975829,-2812.3519095387614,-287.8708504319202,6465.957925064571,-6.608480755068721,2.264406294802885,-2.7627972323214314,42407U
2025-06-29T19:37:21.975829,-3202.8768295654127,-151.51334089179468,6287.127318081766,-6.404603091952052,2.2792988446538605,-3.196195386727145,42407U
2025-06-29T19:38:21.975829,-3580.383336789993,-14.539972899658393,6082.674139308826,-6.174680481648112,2.2849275443119015,-3.616592708914243,42407U
2025-06-29T19:39:21.975829,-3943.336006439616,122.49251036133575,5853.429922814563,-5.919639515701272,2.2812683440704893,-4.022282088542239,42407U
2025-06-29T19:40:21.975829,-4290.258084641778,259.0270394870043,5600.326948804048,-5.640508719078613,2.268334456960048,-4.41161364156038,42407U
2025-06-29T19:41:21.975829,-4619.737499528222,394.5084587446056,5324.394607885551,-5.338414962838314,2.2461764665706068,-4.783001427072966,42407U
2025-06-29T19:42:21.975829,-4930.4326444375,528.3857683802954,5026.7553659282,-5.014579454320629,2.2148822978955853,-5.13493003307108,42407U
2025-06-29T19:43:21.975829,-5221.077907550896,660.1143608745115,4708.6203383670845,-4.670313296283731,2.1745770434272846,-5.465960997658378,42407U
2025-06-29T19:44:21.975829,-5490.488921894803,789.1582422200578,4371.28448495738,-4.307012610195568,2.1254226370713525,-5.77473902810404,42407U
2025-06-29T19:45:21.975829,-5737.567509498107,914.9922288707928,4016.1214383632205,-3.9261532235897096,2.067617369134813,-6.05999797638692,42407U
2025-06-29T19:46:21.975829,-5961.3062936568085,1037.1041106343034,3644.5779825459717,-3.529284926862779,2.0013952366732455,-6.320566527036277,42407U
2025-06-29T19:47:21.975829,-6160.79295377168,1154.9967694807656,3258.1681996357997,-3.1180253109653453,1.927025124837583,-6.555373551183895,42407U
2025-06-29T19:48:21.975829,-6335.214098116979,1268.1902440296406,2858.467306766872,-2.694053203925949,1.8448098165062818,-6.763453079940358,42407U
2025-06-29T19:49:21.975829,-6483.858731185319,1376.223729371141,2447.1052071681397,-2.259101730844454,1.755084829381988,-6.943948850576021,42407U
2025-06-29T19:50:21.975829,-6606.1212939465895,1478.6575018968535,2025.7597825446508,-1.8149510286635682,1.6582170818171238,-7.096118380572815,42407U
2025-06-29T19:51:21.975829,-6701.50425744149,1575.0747589591533,1596.1499563982757,-1.3634206534663729,1.5546033908509835,-7.219336527406268,42407U
2025-06-29T19:52:21.975829,-6769.620252585888,1665.0833634597248,1160.0285603450166,-0.9063617240301158,1.4446688082241503,-7.313098495877522,42407U
2025-06-29T19:53:21.975829,-6810.193721857032,1748.3174838868308,719.1750376149515,-0.44564885068184845,1.3288648024127738,-7.3770222598555275,42407U
2025-06-29T19:54:21.975829,-6823.062081616183,1824.4391208710674,275.38801973036885,0.01682809701032705,1.2076672969297853,-7.410850371279272,42407U
2025-06-29T19:55:21.975829,-6808.176387146303,1893.1395120115292,-169.52218623758637,0.47917232670599313,1.081574577196138,-7.414451136056844,42407U
2025-06-29T19:56:21.975829,-6765.601495976472,1954.1404075182934,-613.7411614326136,0.9394885045401845,0.9511050801390312,-7.387819143885157,42407U
2025-06-29T19:57:21.975829,-6695.515728663749,2007.1952101175887,-1055.4579510695894,1.3958911206138969,0.8167950822584036,-7.331075146799811,42407U
2025-06-29T19:58:21.975829,-6598.210029830085,2052.0899736493407,-1492.8726133916239,1.8465127782705104,0.6791963031765678,-7.244465289219315,42407U
2025-06-29T19:59:21.975829,-6474.086635835755,2088.644255835154,-1924.2037031440045,2.2895123480247452,0.5388734426094108,-7.128359700146097,42407U
2025-06-29T20:00:21.975829,-6323.657258934986,2116.7118217880025,-2347.695651864137,2.7230829295517474,0.39640166924070147,-6.983250465797894,42407U
2025-06-29T20:01:21.975829,-6147.540801038215,2136.1811959461584,-2761.626008595209,3.1454595687961038,0.2523640801380862,-6.809749008053014,42407U
2025-06-29T20:02:21.975829,-5946.4606132330055,2146.9760612239443,-3164.312506352109,3.5549266819300436,0.10734914911308231,-6.608582900499978,42407U
2025-06-29T20:03:21.975829,-5721.241319934782,2149.0555052552245,-3554.1199217458748,3.94982514341823,-0.038051818187640744,-6.3805921594093205,42407U
2025-06-29T20:04:21.975829,-5472.805228913134,2142.414114640819,-3929.466697535512,4.328559001640153,-0.18324720563495436,-6.12672505145777,42407U
2025-06-29T20:05:21.975829,-5202.1683504184075,2127.0819190797483,-4288.831300494978,4.68960179221734,-0.3276475688756317,-5.848033463406804,42407U
2025-06-29T20:06:21.975829,-4910.436050210595,2103.124188146733,-4630.758289749332,5.0315024261384425,-0.4706680645074658,-5.545667881114761,42407U
2025-06-29T20:07:21.975829,-4598.798362487568,2070.6410842660416,-4953.864073562871,5.352890636739063,-0.6117308139309974,-5.220872026245603,42407U
2025-06-29T20:08:21.975829,-4268.524989331061,2029.7671760940539,-5256.842335584536,5.652481976559661,-0.7502671916128071,-4.874977198638205,42407U
2025-06-29T20:09:21.975829,-3920.960013894944,1980.6708171040273,-5538.469114108257,5.929082361272647,-0.8857200293762915,-4.509396371135523,42407U
2025-06-29T20:10:21.975829,-3557.5163542228593,1923.553394573157,-5797.607520974207,6.181592164094213,-1.017545730503796,-4.125618080841841,42407U
2025-06-29T20:11:21.975829,-3179.669984530532,1858.6484545207538,-6033.212088969863,6.409009868918889,-1.1452162892670048,-3.725200157645799,42407U
2025-06-29T20:12:21.975829,-2788.9539499497773,1786.2207083256333,-6244.332739106248,6.6104352948562495,-1.2682212134439204,-3.3097633264091337,42407U
2025-06-29T20:13:21.975829,-2386.9522000430466,1706.5649268725638,-6430.118361056732,6.78507240796011,-1.3860693489905898,-2.8809847145821035,42407U
2025-06-29T20:14:21.975829,-1975.2932652898219,1620.0047280701926,-6589.820001869947,6.932231738186002,-1.4982906075160705,-2.440591291708025,42407U
2025-06-29T20:15:21.975829,-1555.6437996875302,1526.8912635188344,-6722.79365946387,7.051332420641457,-1.6044375983592432,-1.9903532619615705,42407U
2025-06-29T20:16:21.975829,-1129.702011466398,1427.6018099745008,-6828.50267852891,7.141903880166746,-1.7040871679286447,-1.532077425538383,42407U
2025-06-29T20:17:21.975829,-699.1910028110171,1322.5382710819938,-6906.519747272885,7.203587177199444,-1.7968418494958258,-1.0676005196527412,42407U
2025-06-29T20:18:21.975829,-265.85203847474975,1212.1255946564515,-6956.528493955368,7.236136030823348,-1.8823312268199055,-0.5987825453140961,42407U
2025-06-29T20:19:21.975829,168.56223769576403,1096.8101105957574,-6978.324682421567,7.239417532007244,-1.9602132148318163,-0.1275000821101368,42407U
2025-06-29T20:20:21.975829,602.2946199754874,977.0577943300398,-6971.817005895342,7.213412556448712,-2.0301752601339227,0.3443604098951805,42407U
2025-06-29T20:21:21.975829,1033.5901738201605,853.352460570155,-6937.027478182503,7.158215882334151,-2.0919354633055307,0.8149093042351672,42407U
2025-06-29T20:22:21.975829,1460.7030670516463,726.193892032405,-6874.09142122461,7.074036013903313,-2.1452436239793133,1.2822605423025482,42407U
2025-06-29T20:23:21.975829,1881.903381392165,596.0959077907014,-6783.2570476963565,6.9611947071766735,-2.1898822084257112,1.7445383920880753,42407U
2025-06-29T20:24:21.975829,2295.4838862167135,463.5843759662097,-6664.884637118906,6.820126189783539,-2.2256672379994,2.199884234617852,42407U
2025-06-29T20:25:21.975829,2699.7667558008848,329.19517560405853,-6519.445303835492,6.651376062731499,-2.2524490953334784,2.6464633791845547,42407U
2025-06-29T20:26:21.975829,3093.1102105208133,193.4721128134188,-6347.519355221065,6.455599868385029,-2.2701132436786504,3.082471905333234,42407U
2025-06-29T20:27:21.975829,3473.915061430463,56.964796567364765,-6149.794238742089,6.233561306069729,-2.278580853342897,3.5061435255083206,42407U
2025-06-29T20:28:21.975829,3840.631136491281,-79.7735200471921,-5927.062076979964,5.986130074735098,-2.2778093278649156,3.915756457490357,42407U
2025-06-29T20:29:21.975829,4191.763565460783,-216.1881268621558,-5680.21679054101,5.714279321147041,-2.2677927214123605,4.309640290363924,42407U
2025-06-29T20:30:21.975829,4525.878899169764,-351.72506514374754,-5410.250809910772,5.419082672221267,-2.248562037997273,4.68618282201653,42407U
2025-06-29T20:31:21.975829,4841.611037675701,-485.8333502111772,-5118.251378794395,5.101710831417127,-2.2201854024951073,5.043836840265529,42407U
2025-06-29T20:32:21.975829,5137.66694064483,-617.9672001703631,-4805.396453323397,4.763427721606388,-2.1827680931845297,5.381126813880337,42407U
2025-06-29T20:33:21.975829,5412.832092366787,-747.5882621621058,-4472.950203685043,4.405586160479296,-2.136452425622694,5.696655454256141,42407U
2025-06-29T20:34:21.975829,5665.975693102452,-874.1678269266556,-4122.258127224335,4.029623059285701,-2.081417478153182,5.989110103521973,42407U
2025-06-29T20:35:21.975829,5896.055548074207,-997.189021929512,-3754.741784839398,3.637054141417877,-2.0178786502161166,6.257268900651314,42407U
2025-06-29T20:36:21.975829,6102.122625381295,-1116.1489727981775,-3371.893175489079,3.2294681838747192,-1.9460870458820285,6.500006673879066,42407U
2025-06-29T20:37:21.975829,6283.325254505653,-1230.5609224095158,-2975.268766797753,2.808520791823082,-1.8663286766408282,6.716300505578152,42407U
2025-06-29T20:38:21.975829,6438.912937902392,-1339.9562966640822,-2566.4832029977874,2.3759277240725734,-1.7789234794060298,6.9052349148460745,42407U
2025-06-29T20:39:21.975829,6568.239749455441,-1443.8867058008543,-2147.2027147342706,1.9334577950915257,-1.6842241478966558,7.066006603473576,42407U
2025-06-29T20:40:21.975829,6670.767295340416,-1541.9258700649655,-1719.1382584650114,1.482925386947225,-1.5826147779715498,7.197928712771671,42407U
2025-06-29T20:41:21.975829,6746.067215052544,-1633.6714586467274,-1284.0384162612795,1.0261826120305106,-1.4745093300493541,7.3004345419011,42407U
2025-06-29T20:42:21.975829,6793.823203011295,-1718.7468310723323,-843.6820896564847,0.5651111743688841,-1.3603499143753106,7.373080682837937,42407U
2025-06-29T20:43:21.975829,6813.832534205273,-1796.802670648446,-399.87102372449317,0.10161398351674991,-1.240604907515765,7.415549532819702,42407U
2025-06-29T20:44:21.975829,6806.007080737848,-1867.5185001384525,45.57780026523927,-0.3623934197583924,-1.115766910995494,7.42765115190493,42407U
2025-06-29T20:45:21.975829,6770.373809815885,-1930.6040705725663,490.8398635394818,-0.8249915626803476,-0.9863505653638573,7.409324440969298,42407U
2025-06-29T20:46:21.975829,6707.07475761654,-1985.80061495667,934.09085854583,-1.2842657984299066,-0.8528902351091948,7.360637623838477,42407U
2025-06-29T20:47:21.975829,6616.366477491821,-2032.8819596239655,1373.5144456580267,-1.738315055272415,-0.7159375816797701,7.281788026085489,42407U
2025-06-29T20:48:21.975829,6498.618965042937,-2071.655487058217,1807.3099756336585,-2.1852605092158264,-0.5760590433476563,7.173101152045419,42407U
2025-06-29T20:49:21.975829,6354.314066631059,-2101.9629451764613,2233.700135945542,-2.6232541139325334,-0.4338332417378379,7.035029070560809,42407U
2025-06-29T20:50:21.975829,6184.043381803263,-2123.6810992735236,2650.93847999719,-3.050486924418451,-0.28984833550214106,6.868148128609717,42407U
2025-06-29T20:51:21.975829,5988.5056738205,-2136.722224071054,3057.3167996302454,-3.4651971548802267,-0.14469934183297065,6.673156020035588,42407U
2025-06-29T20:52:21.975829,5768.50380591006,-2141.0344345545955,3451.1723031827723,-3.8656779164853563,0.001014553709931124,6.450868243873478,42407U
2025-06-29T20:53:21.975829,5524.941223954097,-2136.601855497212,3830.8945636356543,-4.250284586734594,0.14669267923901025,6.202213993043683,42407U
2025-06-29T20:54:21.975829,5258.818009030071,-2123.4446307311587,4194.932203989451,-4.617441769079108,0.291735531664941,5.9282315193143456,42407U
2025-06-29T20:55:21.975829,4971.2265254836475,-2101.618774319334,4541.7992899077635,-4.9656498088130645,0.43554738752814576,5.630063024285764,42407U
2025-06-29T20:56:21.975829,4663.346692030255,-2071.2158667743065,4870.08140273549,-5.293490838950671,0.5775388538448885,5.308949128663365,42407U
2025-06-29T20:57:21.975829,4336.440904715347,-2032.3626003581874,5178.441369202002,-5.599634337528113,0.7171293452073636,4.966222973216562,42407U
2025-06-29T20:58:21.975829,3991.848641477248,-1985.220178264501,5465.624627304357,-5.882842185245758,0.8537494754491731,4.6033040046508225,42407U
2025-06-29T20:59:21.975829,3630.9807784539375,-1929.9835731147245,5730.46421107968,-6.141973219475522,0.9868433543796759,4.2216914981020786,42407U
2025-06-29T21:00:21.975829,3255.3136482443256,-1866.880650708354,5971.885339974143,-6.375987287019634,1.1158707822523086,3.82295786537416,42407U
2025-06-29T21:01:21.975829,2866.382870022325,-1796.1711653432724,6188.90960136581,-6.58394880357036,1.2403093367412035,3.408741794436454,42407U
2025-06-29T21:02:21.975829,2465.7769807178247,-1718.1456332652674,6380.658717438832,-6.765029832430352,1.35965634919198,2.9807412612196886,42407U
2025-06-29T21:03:21.975829,2055.1308956591047,-1633.1240909507947,6546.35788988183,-6.918512698494449,1.4734307686618309,2.5407064497922747,42407U
2025-06-29T21:04:21.975829,1636.1192259957872,-1541.4547449615113,6685.33871790658,-7.04379215584244,1.5811749137875346,2.090432611599889,42407U
2025-06-29T21:05:21.975829,1210.4494790782587,-1443.5125200665807,6797.0416867481135,-7.1403771284440305,1.6824561137293537,1.6317528889720003,42407U
2025-06-29T21:06:21.975829,779.8551667856227,-1339.6975122222875,6881.018225149872,-7.207892043496772,1.7768682403198872,1.1665311227328228,42407U
2025-06-29T21:07:21.975829,346.0888456422583,-1230.4333528497898,6936.9323313657105,-7.24607777587458,1.8640331340817347,0.6966546587353611,42407U
2025-06-29T21:08:21.975829,-89.08488848857215,-1116.1654906832866,6964.561767950757,-7.25479222017408,1.9436019269611593,0.22402716368175296,42407U
2025-06-29T21:09:21.975829,-523.8964292616928,-997.3593972897407,6963.798826109089,-7.234010504062912,2.0152562644741465,-0.24943854313644465,42407U
2025-06-29T21:10:21.975829,-956.5781910955824,-874.498702213626,6934.650660662276,-7.18382485323724,2.078709429494576,-0.72182763837101,42407U
2025-06-29T21:11:21.975829,-1385.3716221528225,-748.0832635853734,6877.23919686184,-7.104444114491782,2.133707369178649,-1.191230421468469,42407U
2025-06-29T21:12:21.975829,-1808.5341786607491,-618.6271799724864,6791.800610348253,-6.996192939410031,2.1800296255557208,-1.6557494186681023,42407U
2025-06-29T21:13:21.975829,-2224.346240198088,-486.65674925585773,6678.684381627422,-6.859510627219488,2.217490169186867,-2.1135064626825235,42407U
2025-06-29T21:14:21.975829,-2631.1179453638747,-352.708380388629,6538.351926555457,-6.694949621645744,2.2459381340601676,-2.5626497452562225,42407U
2025-06-29T21:15:21.975829,-3027.19592682401,-217.32646404567683,6371.374804555174,-6.503173653346813,2.2652584506247395,-3.0013608374741887,42407U
2025-06-29T21:16:21.975829,-3410.96992413072,-81.06120839948551,6178.432506690951,-6.284955516905028,2.2753723726327095,-3.427861669495595,42407U
2025-06-29T21:17:21.975829,-3780.8792519850504,55.53355344535379,5960.309826346335,-6.041174469554131,2.276237892328486,-3.840421457474841,42407U
2025-06-29T21:18:21.975829,-4135.419100799447,191.90257746388676,5717.8938161247015,-5.772813237958033,2.267850037559599,-4.23736356096447,42407U
2025-06-29T21:19:21.975829,-4473.146645595781,327.49143686345485,5452.170335745955,-5.480954619514406,2.2502410436425735,-4.617072249294706,42407U
2025-06-29T21:20:21.975829,-4792.686938487473,461.7487566227813,5164.220197163191,-5.1667776658886755,2.223480392347202,-4.977999350488399,42407U
2025-06-29T21:21:21.975829,-5092.738559322148,594.128446196724,4855.214914866755,-4.831553438789534,2.1876747102015806,-5.3186707514381055,42407U
2025-06-29T21:22:21.975829,-5372.078998558419,724.091921700476,4526.412071369914,-4.476640331342017,2.142967518495606,-5.6376927135579695,42407U
2025-06-29T21:23:21.975829,-5629.569746185029,851.1103084446,4179.150310147827,-4.103478952711499,2.0895388278823925,-5.933757964148645,42407U
2025-06-29T21:24:21.975829,-5864.161060504485,974.6666142900435,3814.8439708010187,-3.713586578774497,2.027604571347659,-6.2056515204614575,42407U
2025-06-29T21:25:21.975829,-6074.89639095455,1094.2578639555704,3434.9773838763817,-3.308551177455093,1.9574158705206932,-6.452256201101675,42407U
2025-06-29T21:26:21.975829,-6260.916429856953,1209.3971841548628,3041.0988455491865,-2.890025023674639,1.8792581318109132,-6.67255777810086,42407U
2025-06-29T21:27:21.975829,-6421.462769090104,1319.6158292849489,2634.814295181029,-2.459717925491524,1.7934499706316398,-6.865649722817871,42407U
2025-06-29T21:28:21.975829,-6555.881139187914,1424.465137344664,2217.780721557931,-2.0193900897286565,1.7003419639710586,-7.030737499855013,42407U
2025-06-29T21:29:21.975829,-6663.624210278683,1523.5184058477994,1791.6993262865728,-1.5708446619538354,1.6003152337260589,-7.167142365428222,42407U
2025-06-29T21:30:21.975829,-6744.253936564186,1616.3726777090878,1358.308475344687,-1.1159199819057497,1.4937798654705343,-7.2743046300647185,42407U
2025-06-29T21:31:21.975829,-6797.443428687657,1702.6504274355505,919.3764720413134,-0.6564816010997047,1.3811731696102207,-7.351786350067603,42407U
2025-06-29T21:32:21.975829,-6822.978341297614,1782.0011384423726,476.69418660662546,-0.19441411423787097,1.2629577941164931,-7.399273417762467,42407U
2025-06-29T21:33:21.975829,-6820.7577663385155,1854.1027629322277,32.06757922406123,0.2683871399996841,1.1396197001579365,-7.416577026988732,42407U
2025-06-29T21:34:21.975829,-6790.794626024058,1918.6630565165049,-412.6898454923472,0.7300244503162717,1.0116660138984643,-7.4036344974374995,42407U
2025-06-29T21:35:21.975829,-6733.215563010784,1975.4207806068614,-855.7646138259508,1.1886061161232964,0.8796227694425566,-7.360509449070526,42407U
2025-06-29T21:36:21.975829,-6648.260328914311,2024.1467665489918,-1295.350849070128,1.6422547821577758,0.7440325593265473,-7.28739132576149,42407U
2025-06-29T21:37:21.975829,-6536.280675924122,2064.644836486891,-1729.6577895959401,2.089115664478279,0.6054521100432751,-7.184594275253137,42407U
2025-06-29T21:38:21.975829,-6397.738759803671,2096.752577016866,-2156.9172207097495,2.5273646099146405,0.4644498008100431,-7.052555400295461,42407U
2025-06-29T21:39:21.975829,-6233.205065932738,2120.3419627930903,-2575.390783267534,2.955215934219336,0.32160314412330726,-6.891832403191523,42407U
2025-06-29T21:40:21.975829,-6043.355873202703,2135.319828354748,-2983.3771235366403,3.3709299883775907,0.17749624659514462,-6.703100652730299,42407U
2025-06-29T21:41:21.975829,-5828.970273440753,2141.6281875404006,-3379.218850727616,3.7728204077026994,0.032717268124920006,-6.487149708431731,42407U
2025-06-29T21:42:21.975829,-5590.926766576601,2139.2444009109768,-3761.3092708568774,4.15926100425637,-0.11214410334050932,-6.244879342018214,42407U
2025-06-29T21:43:21.975829,-5330.199453931547,2128.181192601834,-4128.098868108357,4.528692269625719,-0.2564991453396177,-5.977295099930808,42407U
2025-06-29T21:44:21.975829,-5047.853853770434,2108.4865189457014,-4478.10150757564,4.879627461955312,-0.39976254803281175,-5.685503453432307,42407U
2025-06-29T21:45:21.975829,-4745.042364614302,2080.243292037189,-4809.900336086701,5.210658258128914,-0.5413548019152382,-5.370706584352491,42407U
2025-06-29T21:46:21.975829,-4422.999402751218,2043.5689621349034,-5122.153360696436,5.520459958929969,-0.6807045149234354,-5.034196854816192,42407U
2025-06-29T21:47:21.975829,-4083.0362408786928,1998.6149634035069,-5413.598687329324,5.807796241690372,-0.8172506497297869,-4.677351008348617,42407U
2025-06-29T21:48:21.975829,-3726.53557503508,1945.5660279978179,-5683.059404753875,6.071523461019244,-0.9504446739949481,-4.301624147806221,42407U
2025-06-29T21:49:21.975829,-3354.945846689335,1884.639373855001,-5929.448101790568,6.310594503784783,-1.0797526183795179,-3.9085435324628257,42407U
2025-06-29T21:50:21.975829,-2969.775346416136,1816.0837718224843,-6151.77100800954,6.524062209116525,-1.2046570389918418,-3.4997022327619858,42407U
2025-06-29T21:51:21.975829,-2572.5861248222354,1740.178497897008,-6349.131750361297,6.71108236791979,-1.3246588827100936,-3.0767526766770725,42407U
2025-06-29T21:52:21.975829,-2164.987735433574,1657.2321763963535,-6520.734720075837,6.870916319065824,-1.4392792553705323,-2.64140011656214,42407U
2025-06-29T21:53:21.975829,-1748.6308332038109,1567.581519852846,-6665.888045728117,7.00293316097697,-1.5480610941022954,-2.1953960400831893,42407U
2025-06-29T21:54:21.975829,-1325.200651163124,1471.5899713108429,-6784.006169633111,7.10661159779609,-1.6505707460948147,-1.7405315434388753,42407U
2025-06-29T21:55:21.975829,-896.4103766079056,1369.6462545572938,-6874.612025672107,7.181541438709276,-1.7463994567633367,-1.278630679886028,42407U
2025-06-29T21:56:21.975829,-463.9944471712528,1262.1628376286546,-6937.338817296525,7.227424767367336,-1.8351647706233896,-0.8115437917584921,42407U
2025-06-29T21:57:21.975829,-29.701786172459276,1149.5743147400572,-6971.931394829458,7.244076795822196,-1.9165118481915129,-0.3411408299074452,42407U
2025-06-29T21:58:21.975829,404.7110041141647,1032.3357115970518,-6978.247231323668,7.231426414097871,-1.9901147019040133,0.13069533901276237,42407U
2025-06-29T21:59:21.975829,837.4864731896445,910.9207188892769,-6956.256996193296,7.189516442621977,-2.0556773534146338,0.6020756396209419,42407U
2025-06-29T22:00:21.975829,1266.8731592855963,785.819858651855,-6906.044725663768,7.118503590438439,-2.112934913724973,1.0711115130789353,42407U
2025-06-29T22:01:21.975829,1691.132414812304,657.5385881280674,-6827.807588846667,7.01865811761426,-2.16165458646374,1.5359216649344616,42407U
2025-06-29T22:02:21.975829,2108.5452023552275,526.5953457835964,-6721.855248005739,6.890363195754419,-2.20163659331811,1.9946388393739163,42407U
2025-06-29T22:03:21.975829,2517.4188427818062,393.5195442264606,-6588.608811404177,6.734113956269239,-2.2327150191871152,2.4454166220617695,42407U
2025-06-29T22:04:21.975829,2916.093696305703,258.84951497109483,-6428.599377072581,6.55051621220153,-2.254758573145435,2.886436271060751,42407U
2025-06-29T22:05:21.975829,3302.9497564086155,123.130410263703,-6242.466165976973,6.340284836221193,-2.2676712598380813,3.315913571667566,42407U
2025-06-29T22:06:21.975829,3676.4131354224837,-13.087932455818507,-6030.954243442548,6.1042417749974325,-2.2713929545458797,3.7321057065352856,42407U
2025-06-29T22:07:21.975829,4034.962419347656,-149.25315743964393,-5794.911828354343,5.843313678720454,-2.265899873931835,4.133318127313899,42407U
2025-06-29T22:08:21.975829,4377.134868204018,-284.8125823431379,-5535.287190640085,5.558529124174548,-2.251204933463592,4.51791140843694,42407U
2025-06-29T22:09:21.975829,4701.532436943934,-419.21540767965286,-5253.125138866306,5.251015410539582,-2.2273579817620055,4.884308057823162,42407U
2025-06-29T22:10:21.975829,5006.827590764999,-551.9149363418852,-4949.56310145591,4.921994909054817,-2.1944459016975792,5.230999253373332,42407U
2025-06-29T22:11:21.975829,5291.768887614873,-682.3707948987741,-4625.8268070647855,4.572780950815329,-2.152592567981077,5.556551468454326,42407U
2025-06-29T22:12:21.975829,5555.186299864505,-810.0511477741767,-4283.2255720026815,4.204773241219829,-2.1019586512960218,5.859612944327107,42407U
2025-06-29T22:13:21.975829,5795.996246578079,-934.4348948325857,-3923.1472052421045,3.819452794882537,-2.0427412597108936,6.138919962883751,42407U
2025-06-29T22:14:21.975829,6013.206307616816,-1055.013842374428,-3547.0525444548553,3.418376390996991,-1.9751734091826476,6.393302869350622,42407U
2025-06-29T22:15:21.975829,6205.919591002992,-1171.294837090973,-3156.469639616342,3.0031705560538,-1.8995233164062264,6.621691791939731,42407U
2025-06-29T22:16:21.975829,6373.338725593462,-1282.8018521735041,-2752.9876039450937,2.575525088255445,-1.8160935090455659,6.823122003949304,42407U
2025-06-29T22:17:21.975829,6514.769452193995,-1389.0780145329095,-2338.2501552177005,2.137186145710541,-1.7252197504553237,6.9967388736349285,42407U
2025-06-29T22:18:21.975829,6629.623787787822,-1489.6875619749142,-1913.948873761251,1.6899489283131721,-1.6272697783195076,7.141802348344246,42407U
2025-06-29T22:19:21.975829,6717.422739568225,-1584.2177192137583,-1481.816206561874,1.2356499908409866,-1.5226418591228854,7.257690921967808,42407U
2025-06-29T22:20:21.975829,6777.798547923292,-1672.280481793802,-1043.618249887975,0.7761592320270084,-1.4117631629684622,7.34390503865812,42407U
2025-06-29T22:21:21.975829,6810.496440399828,-1753.5142973355653,-601.1473455051541,0.313371610913381,-1.2950879658780856,7.400069890944203,42407U
2025-06-29T22:22:21.975829,6815.375881921466,-1827.5856340239816,-156.21452790491017,-0.15080135251181867,-1.173095689289246,7.425937576689087,42407U
2025-06-29T22:23:21.975829,6792.411310099213,-1894.1904269120114,289.35813810611444,-0.6144402307724561,-1.0462887889069556,7.421388586646117,42407U
2025-06-29T22:24:21.975829,6741.692348279755,-1953.055393407899,733.7452886335294,-1.0756264314125004,-0.915190507317151,7.38643260246312,42407U
2025-06-29T22:25:21.975829,6663.423492953341,-2003.9392102400304,1175.1260189623983,-1.5324509614345352,-0.7803425067409273,7.321208593638709,42407U
2025-06-29T22:26:21.975829,6557.923276206085,-2046.6335452260041,1611.6916266447329,-1.9830231458503642,-0.6423023999582312,7.2259842109019985,42407U
2025-06-29T22:27:21.975829,6425.622907963525,-2080.9639382969362,2041.6532973104652,-2.425479233271197,-0.5016411986949926,7.101154482508036,42407U
2025-06-29T22:28:21.975829,6267.064406753721,-2106.7905274144186,2463.249691741574,-2.8579908235798106,-0.3589406996273998,6.947239828757875,42407U
2025-06-29T22:29:21.975829,6082.89823152656,-2124.0086162455455,2874.7543939341713,-3.27877305619489,-0.21479082857336101,6.764883418404248,42407U
2025-06-29T22:30:21.975829,5873.880430636768,-2132.5490816998067,3274.483181514647,-3.6860925020810678,-0.0697869634250783,6.554847898264622,42407U
2025-06-29T22:31:21.975829,5640.869327350569,-2132.3786206577565,3660.8010819761166,-4.078274708371675,0.0754727440790841,6.318011534111202,42407U
2025-06-29T22:32:21.975829,5384.82176412284,-2123.4998364066378,4032.1291806619092,-4.453711351023131,0.22039002850499986,6.055363806574546,42407U
2025-06-29T22:33:21.975829,5106.788930357887,-2105.9511664208476,4386.951149201125,-4.8108669581184715,0.3643691347928379,5.76800051023551,42407U
2025-06-29T22:34:21.975829,4807.911800391785,-2079.8066541632534,4723.8194660970985,-5.14828517402059,0.5068193897982127,5.457118407207436,42407U
2025-06-29T22:35:21.975829,4489.416209971974,-2045.1755685170476,5041.361304340378,-5.464594542333752,0.6471577066833126,5.124009488249576,42407U
2025-06-29T22:36:21.975829,4152.607600669463,-2002.2018752841955,5338.28406405965,-5.7585137931944645,0.7848110095180652,4.770054894923262,42407U
2025-06-29T22:37:21.975829,3798.8654621570176,-1951.0635658662707,5613.380531570126,-6.028856627853331,0.9192185676483807,4.39671855524518,42407U
2025-06-29T22:38:21.975829,3429.6375027062627,-1891.9718488281987,5865.533649077488,-6.2745360000311905,1.0498342314734468,4.005540583385681,42407U
2025-06-29T22:39:21.975829,3046.433577842903,-1825.1702104482233,6093.720882462542,-6.494567899720627,1.1761285635201353,3.5981304905120672,42407U
2025-06-29T22:40:21.975829,2650.8194068845837,-1750.9333507028623,6297.018177061308,-6.6880746499157455,1.2975908606284978,3.1761602500930386,42407U
2025-06-29T22:41:21.975829,2244.410106021085,-1669.5660012799867,6474.603494025458,-6.854287730956178,1.4137310650349477,2.7413572558965025,42407U
2025-06-29T22:42:21.975829,1828.8635658423623,-1581.4016323295662,6625.759921830474,-6.992550149866888,1.524081563689064,2.295497205911178,42407U
2025-06-29T22:43:21.975829,1405.8736999932848,-1486.8010546365156,6749.878359401591,-7.10231837384189,1.6281988765316124,1.8403969398375053,42407U
2025-06-29T22:44:21.975829,977.1635904948467,-1386.1509238273552,6846.459768791379,-7.183163847522919,1.7256652354808495,1.3779072523840155,42407U
2025-06-29T22:45:21.975829,544.4785540856295,-1279.8621530893772,6915.1169965158315,-7.23477411315552,1.8160900565708555,0.9099056993897888,42407U
2025-06-29T22:46:21.975829,109.57915283674764,-1168.368240720925,6955.576163519278,-7.2569535511237415,1.899111308028119,0.4382894090628169,42407U
2025-06-29T22:47:21.975829,-325.76582868793673,-1052.123518660637,6967.67762433951,-7.249623755919054,1.9743967770730737,-0.035032093452284765,42407U
2025-06-29T22:48:21.975829,-759.7864182676061,-931.6013279827185,6951.376496424132,-7.212823559455116,2.041645237910627,-0.5081440432201808,42407U
2025-06-29T22:49:21.975829,-1190.7184819982378,-807.292127214737,6906.742760761946,-7.146708709991626,2.100587522758352,-0.9791335717191965,42407U
2025-06-29T22:50:21.975829,-1616.8107209181283,-679.7015392489832,6833.960935099945,-7.05155121099208,2.1509874968982112,-1.4460968207195026,42407U
2025-06-29T22:51:21.975829,-2036.3316179283802,-549.348342591885,6733.329321081749,-6.927738320233045,2.1926429376812093,-1.9071460326456489,42407U
2025-06-29T22:52:21.975829,-2447.576314543666,-416.7624127377102,6605.258826731502,-6.7757712056281445,2.2253863162253014,-2.3604166153615003,42407U
2025-06-29T22:53:21.975829,-2848.873396681332,-282.4826195678681,6450.271365880194,-6.596263250742199,2.2490854792912534,-2.8040741774277116,42407U
2025-06-29T22:54:21.975829,-3238.59156816824,-147.05468687085593,6268.997836451509,-6.389938000049943,2.2636442275674242,-3.2363215270589727,42407U
2025-06-29T22:55:21.975829,-3615.1461899726983,-11.029020342193338,6062.175680038558,-6.1576267318091835,2.269002785412685,-3.655405624402349,42407U
2025-06-29T22:56:21.975829,-3977.005662387248,125.04148924303796,5830.64602595717,-5.900265645115956,2.2651381560604404,-4.0596244725165755,42407U
2025-06-29T22:57:21.975829,-4322.697626560422,260.60368060266035,5575.350423986705,-5.618892647395415,2.2520643554381947,-4.4473339277543795,42407U
2025-06-29T22:58:21.975829,-4650.814960965673,395.10634675047265,5297.327171322763,-5.314643729321592,2.229832517157315,-4.816954405349029,42407U
2025-06-29T22:59:21.975829,-4960.021547658677,528.0024620539767,4997.707240880842,-4.988748915982984,2.198530860920362,-5.166977451093792,42407U
2025-06-29T23:00:21.975829,-5249.05778259289,658.7514031060614,4677.709819984888,-4.642527785985969,2.1582845166095264,-5.495972145324683,42407U
2025-06-29T23:01:21.975829,-5516.745803873012,786.8211545112232,4338.637470650144,-4.2773845540745965,2.1092551966789372,-5.802591301160764,42407U
2025-06-29T23:02:21.975829,-5761.9944117128425,911.6904902664469,3981.870925068602,-3.894802717617069,2.051640710180343,-6.085577415360763,42407U
2025-06-29T23:03:21.975829,-5983.80365405496,1032.8511210474576,3608.8635325003434,-3.4963392728459683,1.985674312799328,-6.343768327375939,42407U
2025-06-29T23:04:21.975829,-6181.269052351071,1149.8097974131304,3221.1353765105787,-3.0836185128730493,1.911623888647863,-6.576102540377928,42407U
2025-06-29T23:05:21.975829,-6353.585442937112,1262.0903587408684,2820.267084282283,-2.658325426008934,1.8297909612106102,-6.781624157351598,42407U
2025-06-29T23:06:21.975829,-6500.050410753479,1369.2357176046987,2407.8933525532484,-2.2221987196391733,1.7405095327405415,-6.959487385812662,42407U
2025-06-29T23:07:21.975829,-6620.067293893543,1470.8097693336322,1985.6962174563248,-1.7770235015703992,1.644144753481814,-7.108960566411228,42407U
2025-06-29T23:08:21.975829,-6713.147739581022,1566.399216639338,1555.3980981413454,-1.3246236571748005,1.54109142430889,-7.229429683584451,42407U
2025-06-29T23:09:21.975829,-6778.913794665725,1655.6152994888914,1118.754646443829,-0.8668539665985352,1.4317723386416057,-7.320401320485303,42407U
2025-06-29T23:10:21.975829,-6817.099516551865,1738.0954208226724,677.5474369679533,-0.4055920115534441,1.3166364717558532,-7.381505025548635,42407U
2025-06-29T23:11:21.975829,-6827.5520935831755,1813.5046592720737,233.57653372378437,0.05727007438350844,1.1961570277914737,-7.412495064126578,42407U
2025-06-29T23:12:21.975829,-6810.2324672522345,1881.537160714698,-211.3470291638095,0.5198339546494484,1.0708293567927092,-7.413251535475148,42407U
2025-06-29T23:13:21.975829,-6765.215452111259,1941.9174013020495,-655.4088142085445,0.9802034781776124,0.9411687559398693,-7.38378084280937,42407U
2025-06-29T23:14:21.975829,-6692.689352867747,1994.401315492278,-1096.7985558183138,1.4364930468488095,0.8077081706885388,-7.324215511954611,42407U
2025-06-29T23:15:21.975829,-6592.955081777836,2038.777283602695,-1533.7177050779346,1.8868359014758804,0.6709958127746625,-7.234813362082401,42407U
2025-06-29T23:16:21.975829,-6466.424783029555,2074.86697444017,-1964.3869055308608,2.3293922673141467,0.5315927129389028,-7.115956039901832,42407U
2025-06-29T23:17:21.975829,-6313.619974261722,2102.526039654669,-2387.053362357139,2.762357302738826,0.3900702267381621,-6.968146936252906,42407U
2025-06-29T23:18:21.975829,-6135.169218624527,2121.644657565585,-2799.998068695795,3.1839687984840186,0.2470075119418015,-6.7920085111014075,42407U
2025-06-29T23:19:21.975829,-5931.805343795343,2132.1479253103084,-3201.5428546069593,3.592514579584981,0.10298899575354344,-6.588279059271638,42407U
2025-06-29T23:20:21.975829,-5704.362227053552,2133.9960992384117,-3590.057226283926,3.986339567773129,-0.04139815053613417,-6.357808954691805,42407U
2025-06-29T23:21:21.975829,-5453.771167861057,2127.184684498321,-3963.9649655113344,4.363852468321283,-0.18556651283928535,-6.10155641533933,42407U
2025-06-29T23:22:21.975829,-5181.056871345084,2111.7443757202936,-4321.75046199515,4.723532052062674,-0.3289308961664998,-5.820582834342921,42407U
2025-06-29T23:23:21.975829,-4887.333067615247,2087.740851569381,-4661.964753980344,5.063933010283459,-0.4709107333523501,-5.516047724756788,42407U
