timestamp,x_km,y_km,z_km,vx_km_s,vy_km_s,vz_km_s,name
2025-06-28T09:34:12.557284,-3430.7674390935563,-6234.02003888587,0.001970756581579163,-1.000699004080353,0.5001579287532681,7.367243807736621,56653U
2025-06-28T09:35:12.557284,-3483.9315987557457,-6191.6100701320065,441.73742157037873,-0.7709472953347379,0.9130193312486399,7.3525285498876585,56653U
2025-06-28T09:36:12.557284,-3523.22161418649,-6124.543183032975,881.7091654331266,-0.538367741639912,1.3218141332756193,7.308485380460924,56653U
2025-06-28T09:37:12.557284,-3548.4952192868686,-6033.111088022008,1318.1640800079294,-0.3038733644391786,1.7249558000217762,7.235345752186642,56653U
2025-06-28T09:38:12.557284,-3559.665029850265,-5917.699850752371,1749.366184209336,-0.06838055012853272,2.120885530921129,7.133449266663892,56653U
2025-06-28T09:39:12.557284,-3556.698646245617,-5778.788070586574,2173.6030558373127,0.167194218237517,2.5080775194036318,7.0032415045112355,56653U
2025-06-28T09:40:12.557284,-3539.618562968092,-5616.944751769655,2589.192109811668,0.40193756018624016,2.8850439884753163,6.845271539193613,56653U
2025-06-28T09:41:12.557284,-3508.5018895236335,-5432.8268809250985,2994.486719274396,0.6349423170070226,3.2503399907943122,6.660189162185439,56653U
2025-06-28T09:42:12.557284,-3463.4798876665805,-5227.176725003003,3387.8821634676124,0.8653105816925556,3.60256796552328,6.448741848071957,56653U
2025-06-28T09:43:12.557284,-3404.737330452361,-5000.818864094963,3767.8213879530203,1.0921566324434955,3.9403820479306773,6.2117714884803545,56653U
2025-06-28T09:44:12.557284,-3332.5116888952602,-4754.656973614591,4132.800564373395,1.3146097646221024,4.262492131377127,5.950210923345287,56653U
2025-06-28T09:45:12.557284,-3247.092152230626,-4489.670370225886,4481.374438544164,1.531817018178147,4.567667684869244,5.6650802969344385,56653U
2025-06-28T09:46:12.557284,-3148.8184878763946,-4206.910335612691,4812.161457141662,1.742945799689116,4.854741332666272,5.357483264314967,56653U
2025-06-28T09:47:12.557284,-3038.0797471664873,-3907.496231710301,5123.848664634049,1.947186400224164,5.122612205424769,5.028603071529576,56653U
2025-06-28T09:48:12.557284,-2915.3128228036644,-3592.6114204193627,5415.196363297586,2.1437544121653764,5.370249074922136,4.679698529751359,56653U
2025-06-28T09:49:12.557284,-2781.00086375341,-3263.499000090372,5685.042530189682,2.3318930498680683,5.596693286461506,4.312099900133584,56653U
2025-06-28T09:50:12.557284,-2635.6715529902935,-2921.4573702507932,5932.306985760163,2.510875380540355,5.801061504525239,3.9272047020614527,56653U
2025-06-28T09:51:12.557284,-2479.895253126125,-2567.8356351721104,6155.995309363611,2.680006472922935,5.98254828805238,3.5264734531366813,56653U
2025-06-28T09:52:12.557284,-2314.2830245136975,-2204.0288559798764,6355.202497269427,2.838625472200312,6.1404285118075705,3.1114253445966855,56653U
2025-06-28T09:53:12.557284,-2139.484519950537,-1831.4731601344572,6529.116358843491,2.9861076100309476,6.27405964964343,2.6836338511138726,56653U
2025-06-28T09:54:12.557284,-1956.1857596250982,-1451.6407162938344,6677.020646393436,3.1218661586080185,6.3828839340118035,2.2447222691734803,56653U
2025-06-28T09:55:12.557284,-1765.1067894777148,-1066.0345818549458,6798.297913731312,3.2453543372268383,6.466430403844287,1.7963591736400302,56653U
2025-06-28T09:56:12.557284,-1566.9992257150845,-676.1834298989236,6892.432097825147,3.356067178919547,6.524316849915328,1.3402537778478831,56653U
2025-06-28T09:57:12.557284,-1362.6436878458605,-283.63616187783776,6959.010817004458,3.4535433633176607,6.556251663059099,0.8781511787489149,56653U
2025-06-28T09:58:12.557284,-1152.8471223228555,110.04358778321472,6997.727378081706,3.537367020022837,6.562035586195766,0.41182746548167176,56653U
2025-06-28T09:59:12.557284,-938.4400187101427,503.28304889977244,7008.382483489527,3.607169504427248,6.5415633661198225,-0.056915332652923506,56653U
2025-06-28T10:00:12.557284,-720.2735202662168,894.5060079025727,6990.88562815665,3.6626311451621913,6.494825295524366,-0.5262544842652458,56653U
2025-06-28T10:01:12.557284,-499.21643097018455,1282.1385880172338,6945.256174408708,3.7034829592193095,6.4219086299157375,-0.9943520058252768,56653U
2025-06-28T10:02:12.557284,-276.1521213373925,1664.6151088580295,6871.624091743439,3.729508327349781,6.322998858073105,-1.4593603484916087,56653U
2025-06-28T10:03:12.557284,-51.97533589042972,2040.3840156674112,6770.230346962023,3.740544618687572,6.198380798707412,-1.9194283447302884,56653U
2025-06-28T10:04:12.557284,172.41109411668265,2407.9138667136167,6641.426928912741,3.7364847497622526,6.048439490172667,-2.372707434197111,56653U
2025-06-28T10:05:12.557284,396.099628172977,2765.699365310941,6485.676491096638,3.71727865927719,5.873660834692889,-2.8173581835607555,56653U
2025-06-28T10:06:12.557284,618.1814784663347,3112.2674205747007,6303.551594676897,3.682934676355988,5.674631953810831,-3.251557108803581,56653U
2025-06-28T10:07:12.557284,837.7501492227525,3446.183218404358,6095.7335341027,3.633520756535945,5.452041207863295,-3.673503801116674,56653U
2025-06-28T10:08:12.557284,1053.9050447547527,3766.0562813548026,5863.01072767849,3.5691655567518956,5.206677829459185,-4.081428348918207,56653U
2025-06-28T10:09:12.557284,1265.7551357952782,4070.5464930711755,5606.276656051416,3.490059318046091,4.939431119383847,-4.473599038930538,56653U
2025-06-28T10:10:12.557284,1472.4226718035932,4358.370059904493,5326.527332810394,3.3964545228953296,4.651289153256449,-4.848330308866211,56653U
2025-06-28T10:11:12.557284,1673.046924939577,4628.305379281321,5024.85829323847,3.288666292991511,4.3433369487736835,-5.203990913354778,56653U
2025-06-28T10:12:12.557284,1866.7879493606476,4879.198781468542,4702.461089765393,3.167072493156551,4.016754046589028,-5.539012253595672,56653U
2025-06-28T10:13:12.557284,2052.8303374566035,5109.970108658202,4360.619285842365,3.0321135079064745,3.6728114628581445,-5.8518968101862985,56653U
2025-06-28T10:14:12.557284,2230.3869526620165,5319.618092904504,4000.7039437980184,2.8842916590655854,3.312867978228171,-6.141226608013496,56653U
2025-06-28T10:15:12.557284,2398.7026166400533,5507.225492485557,3624.168606699785,2.724170235799753,2.9383657364955678,-6.4056716323937914,56653U
2025-06-28T10:16:12.557284,2557.057726979633,5671.963944837149,3232.543779286218,2.5523721124839516,2.550825136178742,-6.64399810718035,56653U
2025-06-28T10:17:12.557284,2704.7717801597246,5813.09849341495,2827.430918568609,2.36957793489681,2.151839009646068,-6.8550765386939725,56653U
2025-06-28T10:18:12.557284,2841.206773470042,5929.991745763276,2410.495950628018,2.176523861261731,1.7430660969537877,-7.037889424412147,56653U
2025-06-28T10:19:12.557284,2965.770458897479,6022.10762077452,1983.4623363252886,1.9739988515011568,1.32622383485526,-7.191538522658708,56653U
2025-06-28T10:20:12.557284,3077.91942174003,6089.0146446546805,1548.103714960797,1.7628415055774527,0.9030804951801269,-7.315251579299102,56653U
2025-06-28T10:21:12.557284,3177.1619569343984,6130.388757491805,1106.2361612058141,1.5439364597596423,0.47544672053703657,-7.4083884098156325,56653U
2025-06-28T10:22:12.557284,3263.0607168051515,6146.01559554894,659.7100967174663,1.3182103578564517,0.04516651863990868,-7.470446240173824,56653U
2025-06-28T10:23:12.557284,3335.235105173726,6135.792218438571,210.40190357354567,1.0866274226455856,-0.38589221094407694,-7.501064217562989,56653U
2025-06-28T10:24:12.557284,3393.3633944991907,6099.728255121254,-239.79470814320152,0.8501846606499632,-0.815847532601977,-7.500027012267715,56653U
2025-06-28T10:25:12.557284,3437.1845449371285,6037.946448117043,-688.9775217703555,0.6099067408092662,-1.2428136184551652,-7.467267444370874,56653U
2025-06-28T10:26:12.557284,3466.4997068606467,5950.682581312424,-1135.2447639732577,0.3668405942212303,-1.6649110779832672,-7.402868083378518,56653U
2025-06-28T10:27:12.557284,3481.173391433393,5838.284783152332,-1576.7041198551028,0.12204978776157764,-2.0802773661051486,-7.30706178478637,56653U
2025-06-28T10:28:12.557284,3481.134297190314,5701.212203675095,-2011.481748264416,-0.12339127115915993,-2.4870771595627903,-7.180231144602877,56653U
2025-06-28T10:29:12.557284,3466.375784189248,5540.0330706164,-2437.731231644204,-0.368403238324945,-2.8835125912789947,-7.02290687038455,56653U
2025-06-28T10:30:12.557284,3436.9559910551666,5355.422136509131,-2853.642395217217,-0.6119077828666908,-3.2678332347917425,-6.835765084878332,56653U
2025-06-28T10:31:12.557284,3392.9975940579134,5148.157535175675,-3257.4499318300664,-0.8528335215635371,-3.638345735810927,-6.619623595356786,56653U
2025-06-28T10:32:12.557284,3334.6872111477405,4919.117072093484,-3647.4417713361454,-1.090121876270903,-3.993422995213015,-6.375437177649662,56653U
2025-06-28T10:33:12.557284,3262.2744575265865,4669.273978659233,-4021.9671369165326,-1.322732796112768,-4.331512817128643,-6.104291938229204,56653U
2025-06-28T10:34:12.557284,3176.070662788186,4399.6921653266145,-4379.44423500534,-1.549650289959652,-4.651145946747723,-5.807398830153607,56653U
2025-06-28T10:35:12.557284,3076.4472627948016,4111.521012681827,-4718.367530635107,-1.769887719821937,-4.9509434349059935,-5.486086408705629,56653U
2025-06-28T10:36:12.557284,2963.833882291017,3805.989742984357,-5037.314565413384,-1.982492811619479,-5.229623279545919,-5.141792920279527,56653U
2025-06-28T10:37:12.557284,2838.716126640646,3484.401417143097,-5334.952281392446,-2.186552346462931,-5.486006307821606,-4.7760578229637725,56653U
2025-06-28T10:38:12.557284,2701.633103058871,3148.126603813475,-5610.042820152879,-2.381196502554919,-5.719021276051092,-4.390512839651147,56653U
2025-06-28T10:39:12.557284,2553.174693239857,2798.5967681458133,-5861.448772593487,-2.5656028250026677,-5.927709177721035,-3.98687264429795,56653U
2025-06-28T10:40:12.557284,2393.978600365608,2437.2974277999047,-6088.13786095264,-2.7389998079202984,-6.111226761842389,-3.566925279406721,56653U
2025-06-28T10:41:12.557284,2224.7271941412305,2065.761123230229,-6289.187040360644,-2.900670079971836,-6.268849274828093,-3.1325223981892307,56653U
2025-06-28T10:42:12.557284,2046.1441777626371,1685.5602480275031,-6463.7860126259675,-3.049953190767691,-6.399972448462571,-2.6855694185146173,56653U
2025-06-28T10:43:12.557284,1858.9911006296209,1298.2997833856118,-6611.240149895794,-3.1862480011108416,-6.504113764277782,-2.2280156680559853,56653U
2025-06-28T10:44:12.557284,1664.0637402179918,905.609978653901,-6730.972830243814,-3.309014684875945,-6.580913030652694,-1.7618445914235359,56653U
2025-06-28T10:45:12.557284,1462.1883758759811,509.1390175493767,-6822.527191087114,-3.4177763542147566,-6.630132313199719,-1.2890640809328469,56653U
2025-06-28T10:46:12.557284,1254.2179764697269,110.54570704782616,-6885.567309611712,-3.512120322783554,-6.65165526155916,-0.8116969834001808,56653U
2025-06-28T10:47:12.557284,1041.0283228272779,-288.5077766533016,-6919.87882210675,-3.5916990237920574,-6.64548587672364,-0.3317718263468439,56653U
2025-06-28T10:48:12.557284,823.5140848753592,-686.3630533150465,-6925.368996305998,-3.6562306009268957,-6.611746762645671,0.14868620145060457,56653U
2025-06-28T10:49:12.557284,602.5848722753066,-1081.3725857146364,-6902.066272564861,-3.7054991906884642,-6.55067690437242,0.6276639877556257,56653U
2025-06-28T10:50:12.557284,379.16127628722626,-1471.9065816886184,-6850.119291024864,-3.739354914504143,-6.462629012556803,1.1031689323223555,56653U
2025-06-28T10:51:12.557284,154.17091955615598,-1856.3597264613024,-6769.795422907905,-3.757713598270833,-6.3480664711791475,1.5732370648045397,56653U
2025-06-28T10:52:12.557284,-71.45547045278538,-2233.157722544387,-6661.478824813575,-3.7605562358694966,-6.207559921943551,2.0359408342379157,56653U
2025-06-28T10:53:12.557284,-296.78794952899597,-2600.763616273433,-6525.668035436714,-3.747928211824253,-6.0417835153343535,2.4893965623617653,56653U
2025-06-28T10:54:12.557284,-520.9011922547452,-2957.6838916246456,-6362.973134548013,-3.719938296781876,-5.8515108549532675,2.9317715550983805,56653U
2025-06-28T10:55:12.557284,-742.8782616684349,-3302.4743133545085,-6174.112484446153,-3.6767574279871,-5.637610658695188,3.361290867585787,56653U
2025-06-28T10:56:12.557284,-961.8143003411728,-3633.745502754801,-5959.909074445215,-3.618617285533882,-5.401042157706251,3.776243718413461,56653U
2025-06-28T10:57:12.557284,-1176.8201307138493,-3950.168230449804,-5721.2864893433425,-3.5458086739699652,-5.1428502520074355,4.174989548319667,56653U
2025-06-28T10:58:12.557284,-1387.025753050142,-4250.47841172113,-5459.264523252257,-3.4586797178884896,-4.8641604402210294,4.5559637177672325,56653U
2025-06-28T10:59:12.557284,-1591.5837298374063,-4533.481790866546,-5174.954460665068,-3.3576338795008707,-4.566173540024209,4.917682836715985,56653U
2025-06-28T11:00:12.557284,-1789.6724459316267,-4798.058302118807,-4869.554047202829,-3.2431278058699307,-4.2501602157544225,5.258749718741944,56653U
2025-06-28T11:01:12.557284,-1980.4992342146595,-5043.166095702107,-4544.342173099063,-3.115669013492393,-3.917455329951456,5.577857950587946,56653U
2025-06-28T11:02:12.557284,-2163.3033570291936,-5267.845218713378,-4200.673293138191,-2.9758134182364047,-3.569452136460003,5.873796067415687,56653U
2025-06-28T11:03:12.557284,-2337.3588341940467,-5471.220941702894,-3839.97160743524,-2.8241627192282177,-3.2075963339338522,6.14545132358566,56653U
2025-06-28T11:04:12.557284,-2501.977108993197,-5652.50672310907,-3463.7250280981707,-2.66136164609266,-2.833380000058864,6.391813048812317,56653U
2025-06-28T11:05:12.557284,-2656.509544182184,-5811.006805076308,-3073.478957423488,-2.4880950799301083,-2.448335428428741,6.611975580080415,56653U
2025-06-28T11:06:12.557284,-2800.3497407716773,-5946.1184356546855,-2670.8299038042983,-2.3050850594912515,-2.054028891636074,6.805140760795455,56653U
2025-06-28T11:07:12.557284,-2932.935673128974,-6057.333713934075,-2257.4189619494414,-2.1130876851262244,-1.652054355665162,6.970620000268867,56653U
2025-06-28T11:08:12.557284,-3053.751634781402,-6144.241056288751,-1834.9251842928995,-1.9128899341693024,-1.24402717198059,7.107835888776548,56653U
2025-06-28T11:09:12.557284,-3162.329990203347,-6206.526283581672,-1405.058870592012,-1.7053064024122946,-0.8315777747017917,7.2163233660195685,56653U
2025-06-28T11:10:12.557284,-3258.2527288118013,-6243.973330875418,-969.5548026497075,-1.4911759871612575,-0.4163454108565693,7.295730443782829,56653U
2025-06-28T11:11:12.557284,-3341.1528183699547,-6256.464582893078,-530.1654508399048,-1.2713585280131985,2.8068142577561505e-05,7.345818486836379,56653U
2025-06-28T11:12:12.557284,-3410.715355992223,-6243.98084013757,-88.65417865574923,-1.0467314218901684,0.41590432600181254,7.366462059552634,56653U
2025-06-28T11:13:12.557284,-3466.6785159381875,-6206.600922183916,353.211529158636,-0.8181862289982997,0.8296545450917608,7.357648349208027,56653U
2025-06-28T11:14:12.557284,-3508.8342943648545,-6144.50091617658,793.6667901919269,-0.5866252862151783,1.2396652884811863,7.319476180387,56653U
2025-06-28T11:15:12.557284,-3537.029052154524,-6057.953079966821,1230.955976003795,-0.35295834394524755,1.6443441967827042,7.252154638196246,56653U
2025-06-28T11:16:12.557284,-3551.1638578388097,-5947.324410588038,1663.339269369141,-0.1180992417149165,2.0421254984843515,7.15600132102032,56653U
2025-06-28T11:17:12.557284,-3551.1946334774007,-5813.074889870025,2089.0991060354777,0.11703736327822138,2.431475315202372,7.031440246206009,56653U
2025-06-28T11:18:12.557284,-3537.132107111954,-5655.755419917521,2506.5464813780955,0.3515392017770305,2.810896746405066,6.8789994342628855,56653U
2025-06-28T11:19:12.557284,-3509.0415760883757,-5476.005461911246,2914.027103904619,0.5844995209240422,3.178934721545496,6.69930819883365,56653U
2025-06-28T11:20:12.557284,-3467.0424861124557,-5274.550392223227,3309.9273791848905,0.8150201260321431,3.5341806111169842,6.493094170759207,56653U
2025-06-28T11:21:12.557284,-3411.307831368854,-5052.198590166993,3692.680209430977,1.0422143280718632,3.875276591817706,6.261180084991443,56653U
2025-06-28T11:22:12.557284,-3342.063381384199,-4809.838271829521,4060.7705955875563,1.2652097913352613,4.2009197646792495,6.004480358862839,56653U
2025-06-28T11:23:12.557284,-3259.5867405497706,-4548.434084361387,4412.741030381053,1.483151277852792,4.509866028579246,5.723997489293048,56653U
2025-06-28T11:24:12.557284,-3164.206246337554,-4269.023474845342,4747.196672279563,1.6952032872600415,4.800933714917469,5.42081829490455,56653U
2025-06-28T11:25:12.557284,-3056.2997122477586,-3972.712847436313,5062.810291703364,1.9005525928787943,5.073006992290536,5.096110026754178,56653U
2025-06-28T11:26:12.557284,-2936.2930214224257,-3660.673521890563,5358.326982061113,2.0984106767285766,5.325039052652829,4.751116368508954,56653U
2025-06-28T11:27:12.557284,-2804.6585766569447,-3334.1375059005386,5632.568629244677,2.288016067964426,5.556055092613928,4.387153343459979,56653U
2025-06-28T11:28:12.557284,-2661.913612249612,-2994.393092854045,5884.43813406852,2.4686365907844543,5.765155105112669,4.005605141853298,56653U
2025-06-28T11:29:12.557284,-2508.618372764756,-2642.7802957776435,6112.923382763466,2.6395715291096735,5.9515164976505455,3.607919877718752,56653U
2025-06-28T11:30:12.557284,-2345.374163362179,-2280.6861273345235,6317.100961017848,2.8001537162612866,6.1143965535074,3.1956052797992633,56653U
2025-06-28T11:31:12.557284,-2172.8212758855116,-1909.5397348710044,6496.139607185802,2.9497515583967058,6.253134751850864,2.770224316452575,56653U
2025-06-28T11:32:12.557284,-1991.6367944244887,-1530.807398678675,6649.303400151558,3.087771000579426,6.367154961362645,2.333390749646153,56653U
2025-06-28T11:33:12.557284,-1802.532283596343,-1145.9874009069333,6775.95467694993,3.2136574440169694,6.455967519926416,1.886764608544038,56653U
2025-06-28T11:34:12.557284,-1606.2513623514762,-756.6047719609255,6875.556674609094,3.32689762218569,6.519171210067728,1.4320475688413716,56653U
2025-06-28T11:35:12.557284,-1403.5671657270552,-364.20592079844545,6947.675889818025,3.427021442261043,6.556455136235878,0.9709782201022625,56653U
2025-06-28T11:36:12.557284,-1195.27969667337,29.646844667728995,6991.984148955818,3.513603796491391,6.5676005057292555,0.5053272000563217,56653U
2025-06-28T11:37:12.557284,-982.2130698883842,423.3809008101016,7008.260379787551,3.586266345908706,6.552482310170281,0.036892172267922824,56653U
2025-06-28T11:38:12.557284,-765.2126495417975,815.4189885865245,6996.392074775199,3.644679276093722,6.51107089903933,-0.432507378038616,56653U
2025-06-28T11:39:12.557284,-545.1420828739552,1204.1849836753954,6956.376434524858,3.688563021654104,6.443433431010932,-0.9010355557985109,56653U
2025-06-28T11:40:12.557284,-322.8802319376108,1588.1097482496602,6888.321178452241,3.7176899526963907,6.349735182854666,-1.3668457007888977,56653U
2025-06-28T11:41:12.557284,-99.31800623150156,1965.637054877458,6792.445008364528,3.731886012956428,6.230240689644913,-1.828086288543523,56653U
2025-06-28T11:42:12.557284,124.64490033604999,2335.2295713811895,6669.0777094002915,3.731032295494497,6.085314684163897,-2.2829071076935876,56653U
2025-06-28T11:43:12.557284,348.10336380751886,2695.374893496429,6518.659871717249,3.7150665380708725,5.9154227978921,-2.729465729389793,56653U
2025-06-28T11:44:12.557284,570.1502703882394,3044.591609872105,6341.742215549112,3.683984516617396,5.7211319810798225,-3.1659342785709534,56653U
2025-06-28T11:45:12.557284,789.8800356985614,3381.435381378359,6138.984501846304,3.6378413117428057,5.503110595307043,-3.590506509657465,56653U
2025-06-28T11:46:12.557284,1006.3921947154721,3704.5050138872452,5911.1540107471,3.5767524200919523,5.262128128885537,-4.001405180866281,56653U
2025-06-28T11:47:12.557284,1218.7950523369464,4012.4485007262606,5659.123570665858,3.500894679761764,4.999054483643709,-4.3968897119212516,56653U
2025-06-28T11:48:12.557284,1426.209382637985,4303.969007949283,5383.869121895442,3.410506976996005,4.714858781248047,-4.775264099670889,56653U
2025-06-28T11:49:12.557284,1627.7721629152416,4577.83077251149,5086.466800350292,3.305890700165527,4.410607638408382,-5.134885055278492,56653U
2025-06-28T11:50:12.557284,1822.6403265828421,4832.864880469175,4768.089529459993,3.1874099067043735,4.0874628632038394,-5.474170315511727,56653U
2025-06-28T11:51:12.557284,2009.9945169394018,5067.974889555992,4430.003111275782,3.0554911693084392,3.746678529418707,-5.791607069564714,56653U
2025-06-28T11:52:12.557284,2189.042821835914,5282.142258021112,4073.561811570988,2.910623069382295,3.3895973922028757,-6.085760432156725,56653U
2025-06-28T11:53:12.557284,2359.024467399458,5474.431539562091,3700.20343807177,2.7533553084757827,3.0176466165188125,-6.355281883748592,56653U
2025-06-28T11:54:12.557284,2519.2134472750163,5643.995302649234,3311.4439158982586,2.5842974122899296,2.6323327995905608,-6.598917589981237,56653U
2025-06-28T11:55:12.557284,2668.922062405182,5790.078731619098,2908.8713697503063,2.4041170067127995,2.2352362797435714,-6.815516505244216,56653U
2025-06-28T11:56:12.557284,2807.5043452372856,5912.023866697109,2494.1397282395083,2.213537651193414,1.828004736370959,-7.004038159967686,56653U
2025-06-28T11:57:12.557284,2934.3593414897964,6009.27344066373,2068.9618719297428,2.0133362214588626,1.4123460989718923,-7.16356002809852,56653U
2025-06-28T11:58:12.557284,3048.9342222775144,6081.374271255362,1635.1023529596866,1.8043398409677471,0.9900207969173217,-7.293284370511937,56653U
2025-06-28T11:59:12.557284,3150.7271995252504,6127.980170616044,1194.3697204327998,1.587422368382228,0.5628333954101441,-7.3925444519869075,56653U
2025-06-28T12:00:12.557284,3239.2902182253324,6148.854336189441,748.6084919048292,1.3635004565090554,0.13262367658762944,-7.460810033918895,56653U
2025-06-28T12:01:12.557284,3314.23140022624,6143.871191334882,299.6908171090817,1.133529206364247,-0.29874276257227605,-7.4976920521407076,56653U
2025-06-28T12:02:12.557284,3375.2172158763833,6113.017648610064,-150.49211462905689,0.8984974480026565,-0.7293843123611154,-7.502946398957048,56653U
2025-06-28T12:03:12.557284,3421.974361970922,6056.393774002774,-600.0388671853447,0.6594226872631352,-1.1574134593703689,-7.476476740557523,56653U
2025-06-28T12:04:12.557284,3454.2913270235726,5974.212836305291,-1047.0466906804315,0.41734576436623744,-1.580947101383472,-7.418336315047734,56653U
2025-06-28T12:05:12.557284,3472.0196278591516,5866.800732176986,-1489.6205318827804,0.17332527613449672,-1.998116961357884,-7.328728672035589,56653U
2025-06-28T12:06:12.557284,3475.0747048306675,5734.594784083649,-1925.8820571550461,-0.07156818171051646,-2.4070799904748084,-7.208007331567958,56653U
2025-06-28T12:07:12.557284,3463.436466528603,5578.141915075377,-2353.9786222790663,-0.31625789234452223,-2.8060286495741025,-7.056674357715353,56653U
2025-06-28T12:08:12.557284,3437.1494785835725,5398.0962111030885,-2772.092123738367,-0.5596669539375543,-3.193200960242484,-6.875377859707048,56653U
2025-06-28T12:09:12.557284,3396.3227949742386,5195.215888108622,-3178.4476673750505,-0.8007242117704808,-3.5668902213228537,-6.6649084506734395,56653U
2025-06-28T12:10:12.557284,3341.1294340453933,4970.359687300397,-3571.3219927129967,-1.0383701250680284,-3.925454293480929,-6.426194710227381,56653U
2025-06-28T12:11:12.557284,3271.805505124474,4724.4827276991455,-3949.0515945806133,-1.2715625096371954,-4.267324363451683,-6.160297711820491,56653U
2025-06-28T12:12:12.557284,3188.6489951114995,4458.631850084042,-4310.040487859034,-1.499282101091241,-4.591013110349939,-5.868404688621153,56653U
2025-06-28T12:13:12.557284,3092.0182276296555,4173.940490788768,-4652.767566093639,-1.7205378882718292,-4.89512220857099,-5.551821922235108,56653U
2025-06-28T12:14:12.557284,2982.330010196367,3871.6231273184726,-4975.79351018318,-1.9343721722552214,-5.178349114885777,-5.2119669466835274,56653U
2025-06-28T12:15:12.557284,2860.057487356775,3552.969340442133,-5277.767209235977,-2.139865312812989,-5.439493100888508,-4.850360165529145,56653U
2025-06-28T12:16:12.557284,2725.727719777393,3219.337539247887,-5557.431661789419,-2.3361401311468857,-5.677460505522788,-4.46861598286678,56653U
2025-06-28T12:17:12.557284,2579.919010910054,2872.1483966530195,-5813.629331756886,-2.5223659448748323,-5.8912691955521606,-4.068433549150547,56653U
2025-06-28T12:18:12.557284,2423.258004003263,2512.878043082072,-6045.3069395400535,-2.6977622183620005,-6.0800522341550955,-3.6515872206924276,56653U
2025-06-28T12:19:12.557284,2256.416572972838,2143.051065531906,-6251.519674585545,-2.8616018183375163,-6.243060768973214,-3.2199168273932632,56653U
2025-06-28T12:20:12.557284,2080.1085309762243,1764.2333581269097,-6431.434821148579,-3.0132138711046936,-6.379666160650397,-2.7753178371965226,56653U
2025-06-28T12:21:12.557284,1895.0861805023196,1378.024868626377,-6584.334794062085,-3.1519862233733087,-6.4893613809826345,-2.3197314982602797,56653U
2025-06-28T12:22:12.557284,1702.1367284428509,986.052283296909,-6709.619585825519,-3.2773675136838554,-6.5717617161411335,-1.8551350313416641,56653U
2025-06-28T12:23:12.557284,1502.078589002995,589.9616902093267,-6806.80863028649,-3.3888688654731802,-6.626604815013089,-1.3835319357873805,56653U
2025-06-28T12:24:12.557284,1295.7575964998016,191.4112584813334,-6875.542091571382,-3.486065216002915,-6.65375012557297,-0.9069424632387604,56653U
2025-06-28T12:25:12.557284,1084.043149141515,-207.93603164195343,-6915.5815897431285,-3.5685962976423884,-6.653177763476428,-0.4273943040539717,56653U
2025-06-28T12:26:12.557284,867.8243038352427,-606.4195756038137,-6926.8103769545505,-3.6361672894060795,-6.6249868569353225,0.05308647714617727,56653U
2025-06-28T12:27:12.557284,648.005840984485,-1002.3882185305001,-6909.232979674217,-3.6885491572672326,-6.569393410609279,0.5324842282211486,56653U
2025-06-28T12:28:12.557284,425.5043171546875,-1394.2071890988811,-6862.974323951459,-3.7255787017084114,-6.48672772898725,1.0088021967940874,56653U
2025-06-28T12:29:12.557284,201.24412243807132,-1780.2648682067302,-6788.278361727799,-3.747158330347808,-6.377431436798095,1.4800707020566055,56653U
2025-06-28T12:30:12.557284,-23.8464416327439,-2158.9793694055916,-6685.50621696853,-3.753255572431941,-6.242054130647196,1.9443549796252888,56653U
2025-06-28T12:31:12.557284,-248.8390486756039,-2528.804909878998,-6555.133870953916,-3.743902350649763,-6.081249692579396,2.399762691358304,56653U
2025-06-28T12:32:12.557284,-472.8091844209268,-2888.2379523669965,-6397.7494065029505,-3.719194024234992,-5.895772292843993,2.8444510943024324,56653U
2025-06-28T12:33:12.557284,-694.8399206346356,-3235.8230998692284,-6214.049831266411,-3.6792882158079805,-5.6864721059828405,3.2766338641949226,56653U
2025-06-28T12:34:12.557284,-914.0256132336997,-3570.158726235861,-6004.837500569821,-3.6244034329783195,-5.4542907616298475,3.694587569344486,56653U
2025-06-28T12:35:12.557284,-1129.4755123952043,-3889.9023269070717,-5771.0161606519305,-3.554817494474328,-5.200256549216761,4.096657790429529,56653U
2025-06-28T12:36:12.557284,-1340.3172729751002,-4193.775575129233,-5513.586633557371,-3.470865769559123,-4.925479394192803,4.4812648809747895,56653U
2025-06-28T12:37:12.557284,-1545.7003540316562,-4480.569069997657,-5233.642165417812,-3.3729392387818202,-4.631145622412555,4.84690936219413,56653U
2025-06-28T12:38:12.557284,-1744.799296711177,-4749.146763688125,-4932.363460398281,-3.2614823837235325,-4.318512529014743,5.19217694470629,56653U
2025-06-28T12:39:12.557284,-1936.8168702185087,-4998.450056276032,-4611.013423187051,-3.136990913335298,-3.988902768358455,5.515743168516931,56653U
2025-06-28T12:40:12.557284,-2120.987076082272,-5227.501547632489,-4270.931633551437,-3.000009334713969,-3.643698582324495,5.816377651770297,56653U
2025-06-28T12:41:12.557284,-2296.5780014480456,-5435.408437050325,-3913.5285771468234,-2.8511283766908586,-3.2843358854332343,6.092947938230803,56653U
2025-06-28T12:42:12.557284,-2462.8945127069233,-5621.365562506417,-3540.2796574215845,-2.6909822753707506,-2.9122982266595376,6.344422933359051,56653U
2025-06-28T12:43:12.557284,-2619.2807813989207,-5784.658072814428,-3152.7190140779767,-2.5202459317006554,-2.529110649421422,6.569875919259834,56653U
2025-06-28T12:44:12.557284,-2765.12263502746,-5924.663727365926,-2752.4331740933426,-2.3396319522050266,-2.1363334728541763,6.768487139736892,56653U
2025-06-28T12:45:12.557284,-2899.849726182974,-6040.8548196874945,-2341.054561748622,-2.149887585132354,-1.735556019037711,6.9395459481902115,56653U
2025-06-28T12:46:12.557284,-3022.9375141975756,-6132.799722644887,-1920.2548944223295,-1.951791565350543,-1.3283903122087894,7.08245251311076,56653U
2025-06-28T12:47:12.557284,-3133.909054433691,-6200.16405478306,-1491.738491061349,-1.746150882341155,-0.9164647770603139,7.19671907841377,56653U
2025-06-28T12:48:12.557284,-3232.336591237215,-6242.7114689783875,-1057.2355202186575,-1.5337974865190942,-0.5014179639268134,7.28197077873002,56653U
2025-06-28T12:49:12.557284,-3317.84295154825,-6260.304066271867,-618.4952143343479,-1.3155849497912553,-0.08489232891028457,7.337946012957808,56653U
2025-06-28T12:50:12.557284,-3390.1027371467344,-6252.902439420177,-177.2790765226621,-1.0923850967231876,0.33147190323196785,7.364496382762711,56653U
2025-06-28T12:51:12.557284,-3448.8433144996743,-6220.565352316187,264.64589448506973,-0.8650846228749854,0.746042766358652,7.361586206188469,56653U
2025-06-28T12:52:12.557284,-3493.845602154987,-6163.449062964311,705.5139364046121,-0.6345817167712682,1.1572024445598474,7.329291619997569,56653U
2025-06-28T12:53:12.557284,-3524.944656579307,-6081.806299120106,1143.5671886322841,-0.40178270157477464,1.563353004069711,7.26779928768054,56653U
2025-06-28T12:54:12.557284,-3542.0300582439672,-5975.984896994665,1577.062267978587,-0.1675987118373858,1.9629219436703846,7.177404733150305,56653U
2025-06-28T12:55:12.557284,-3545.046100612184,-5846.4261145592545,2004.2767335557255,0.06705758028782662,2.354367544451899,7.058510322870151,56653U
2025-06-28T12:56:12.557284,-3533.9917854554387,-5693.662631946651,2423.515420917622,0.30127517625368216,2.73618400282578,6.911622921459432,56653U
2025-06-28T12:57:12.557284,-3508.920628615326,-5518.316252218705,2833.1166270939666,0.5341478881379561,3.1069063340157808,6.737351247600112,56653U
2025-06-28T12:58:12.557284,-3469.9402809184417,-5321.095316344911,3231.4581297670466,0.764777391593527,3.4651150367820245,6.536402958264382,56653U
2025-06-28T12:59:12.557284,-3417.2119694378125,-5102.791846608772,3616.963025478093,0.9922761867474762,3.8094405137833576,6.3095814898481635,56653U
2025-06-28T13:00:12.557284,-3350.9497646680848,-4864.278432829198,3988.1053733818553,1.215770461089585,4.138567245648733,6.057782684695025,56653U
2025-06-28T13:01:12.557284,-3271.4196794401987,-4606.504875754882,4343.4156326631,1.434402850488149,4.45123772041529,5.781991230710603,56653U
2025-06-28T13:02:12.557284,-3178.9386055445025,-4330.494601775303,4681.485883242067,1.647335096582219,4.746256123389441,5.483276940305904,56653U
2025-06-28T13:03:12.557284,-3073.8730940593514,-4037.3408627005338,5000.974820806419,1.8537506008736102,5.0224917956085475,5.162790892780036,56653U
2025-06-28T13:04:12.557284,-2956.6379853029885,-3728.202733821157,5300.612518467127,2.052856877811185,5.278882471814707,4.821761461506657,56653U
2025-06-28T13:05:12.557284,-2827.6948941451087,-3404.30092278522,5579.204948428685,2.243887910972124,5.514437311118698,4.461490243969376,56653U
2025-06-28T13:06:12.557284,-2687.5505561433206,-3066.913401054386,5835.638257954538,2.42610641803665,5.728239735239975,4.083347908878638,56653U
2025-06-28T13:07:12.557284,-2536.755039622132,-2717.370868857125,6068.882794576966,2.598806031569437,5.91945009028527,3.688769970384295,56653U
2025-06-28T13:08:12.557284,-2375.8998284032746,-2357.0520636758715,6277.996875930718,2.7613134036113984,6.087308148413329,3.2792524948773716,56653U
2025-06-28T13:09:12.557284,-2205.615779445657,-1987.378921427801,6462.130299766455,2.912990242701066,6.23113546537563,2.8563477411741065,56653U
2025-06-28T13:10:12.557284,-2026.5709591819038,-1609.8115986647965,6620.527589619323,3.0532352921452572,6.350337608790953,2.421659730127633,56653U
2025-06-28T13:11:12.557284,-1839.4683618683132,-1225.8433633674529,6752.530971269962,3.1814862581123267,6.444406270092473,1.97683973506081,56653U
2025-06-28T13:12:12.557284,-1645.0435128215966,-836.9953612847657,6857.583074548644,3.297221695403573,6.512921270384053,1.5235816800123927,56653U
2025-06-28T13:13:12.557284,-1444.0619590236631,-444.8112643146075,6935.229354214348,3.3999628575595575,6.555552466987225,1.0636174287946034,56653U
2025-06-28T13:14:12.557284,-1237.3166492615596,-50.85180717251515,6985.120222613745,3.489275516276049,6.572061563302382,0.5987119444355428,56653U
2025-06-28T13:15:12.557284,-1025.62520575991,343.3107814061086,7007.012885624015,3.564771752955837,6.562303819824023,0.1306582958835215,56653U
2025-06-28T13:16:12.557284,-809.8270891823265,736.0984464094828,7000.772872049957,3.6261117226351196,6.526229658841042,-0.3387275129664018,56653U
2025-06-28T13:17:12.557284,-590.780658951754,1125.9330661339106,6966.375245230209,3.673005387542014,6.463886149646408,-0.8076119176565768,56653U
2025-06-28T13:18:12.557284,-369.3601310868388,1511.2422955953186,6903.905484168073,3.705214214231402,6.375418355125777,-1.2741493963446144,56653U
2025-06-28T13:19:12.557284,-146.45243619397502,1890.4654845004352,6813.560020104987,3.722552824670761,6.2610705145662395,-1.7364883255559795,56653U
2025-06-28T13:20:12.557284,77.04601909841355,2262.0596589181796,6695.646413170461,3.7248905879203744,6.121187031615747,-2.192777109376115,56653U
2025-06-28T13:21:12.557284,300.23268311035486,2624.50555385816,6550.583152647931,3.712153135264235,5.956213230741887,-2.6411705986644014,56653U
2025-06-28T13:22:12.557284,522.2022772505676,2976.3136817190352,6378.899063569388,3.6843237779264593,5.766695840502772,-3.0798368112382475,56653U
2025-06-28T13:23:12.557284,742.0502947927331,3316.0304190387637,6181.232301872887,3.6414448029814923,5.553283157679174,-3.5069639570243547,56653U
2025-06-28T13:24:12.557284,958.8765722541016,3642.244091212774,5958.328920302208,3.5836186198727136,5.3167248430458,-3.9207677640056806,56653U
2025-06-28T13:25:12.557284,1171.7889236597598,3953.591031902213,5711.040987669536,3.5110087272322925,5.057871297492539,-4.319499091547018,56653U
2025-06-28T13:26:12.557284,1379.9068261399082,4248.76159080633,5440.324245102391,3.4238404675833958,4.777672566533477,-4.7014518075556095,56653U
2025-06-28T13:27:12.557284,1582.365143353997,4526.506060403003,5147.235284509329,3.3224015361349535,4.477176722126171,-5.064970895165886,56653U
2025-06-28T13:28:12.557284,1778.3178712120903,4785.640489267592,4832.928236758874,3.2070422093650017,4.157527673287071,-5.40846074352306,56653U
2025-06-28T13:29:12.557284,1966.94188831917,5025.052346759607,4498.650959998013,3.0781752595314313,3.8199623613126286,-5.730393566099059,56653U
2025-06-28T13:30:12.557284,2147.440691565787,5243.70600133277,4145.740722133843,2.936275522721091,3.4658073015154423,-6.0293178791726865,56653U
2025-06-28T13:31:12.557284,2319.048095387521,5440.6479725809795,3775.6193757459287,2.781879090593286,3.0964744412269987,-6.303866963015453,56653U
2025-06-28T13:32:12.557284,2481.0318714844366,5615.01191548864,3389.788028541294,2.6155820996024595,2.713456313297143,-6.552767219330455,56653U
2025-06-28T13:33:12.557284,2632.6973042980253,5766.023294310718,2989.821217832932,2.438039096165441,2.3183204752605606,-6.774846330972982,56653U
2025-06-28T13:34:12.557284,2773.390636348013,5893.003703150473,2577.3606033299884,2.249960961904918,1.9127032365121655,-6.969041124282279,56653U
2025-06-28T13:35:12.557284,2902.5023767007165,5995.374790709528,2154.1081986466747,2.05211238963941,1.4983026889273454,-7.134405030791329,56653U
2025-06-28T13:36:12.557284,3019.470445421509,6072.661747905508,1721.8191682407685,1.8453089080546885,1.0768710700366722,-7.270115043901338,56653U
2025-06-28T13:37:12.557284,3123.7831269045096,6124.496319121419,1282.2942228210777,1.6304134607942462,0.6502065017127624,-7.375478067496315,56653U
2025-06-28T13:38:12.557284,3214.9818055010414,6150.619300771165,837.3716524584632,1.408332553832931,0.22014416092933958,-7.449936557523735,56653U
2025-06-28T13:39:12.557284,3292.6634579018964,6150.882494615973,388.9190425268728,1.1800119932086182,-0.21145304793151243,-7.493073364284579,56653U
2025-06-28T13:40:12.557284,3356.4828782689387,6125.250087795589,-61.17527697914739,0.946432243227345,-0.6427042379533965,-7.504615692463983,56653U
2025-06-28T13:41:12.557284,3406.1546141424587,6073.799436766763,-511.0109934124566,0.7086034428719364,-1.0717206102045598,-7.484438107595782,56653U
2025-06-28T13:42:12.557284,3441.454593640057,5996.7212381657455,-958.6847253741156,0.467560125079902,-1.4966157499980943,-7.432564531399661,56653U
2025-06-28T13:43:12.557284,3462.221427362495,5894.319075902433,-1402.2990260776799,0.2243556895825248,-1.9155160428251767,-7.349169183878962,56653U
2025-06-28T13:44:12.557284,3468.357371668774,5767.008340405591,-1839.9714115917825,-0.019943315092971023,-2.326571100166102,-7.2345764467687,56653U
2025-06-28T13:45:12.557284,3459.8289435005595,5615.314522712281,-2269.843348319679,-0.2642630412233636,-2.7279640842295243,-7.089259640369877,56653U
2025-06-28T13:46:12.557284,3436.6671806408694,5439.870892862772,-2690.0891341206343,-0.5075282616245715,-3.117921822144258,-6.913838723456227,56653U
2025-06-28T13:47:12.557284,3398.9675450910127,5241.415578658652,-3098.924608616274,-0.7486682972858283,-3.4947246041696447,-6.70907694324059,56653U
2025-06-28T13:48:12.557284,3346.889471049081,5020.7880671074345,-3494.6156304167357,-0.9866228913698397,-3.856715566948714,-6.475876478804187,56653U
2025-06-28T13:49:12.557284,3280.655562680664,4778.925156662451,-3875.4862621764755,-1.2203479701767057,-4.20230957146233,-6.215273136421862,56653U
2025-06-28T13:50:12.557284,3200.5504503981374,4516.8563935460115,-4239.926608440224,-1.448821235123598,-4.530001495825012,-5.928430168422191,56653U
2025-06-28T13:51:12.557284,3106.9193176306676,4235.699029910244,-4586.400256036784,-1.6710475344208393,-4.838373875006393,-5.616631298243615,56653U
2025-06-28T13:52:12.557284,3000.166113005407,3936.652545271077,-4913.451272167177,-1.886063968732108,-5.126103832526461,-5.28127304292593,56653U
2025-06-28T13:53:12.557284,2880.7514654146803,3620.9927754915097,-5219.710721160552,-2.0929446914744867,-5.391969262707016,-4.9238564302436565,56653U
2025-06-28T13:54:12.557284,2749.1903215805924,3290.0656955864683,-5503.902666950386,-2.2908053712871994,-5.634854235686155,-4.545978211006748,56653U
2025-06-28T13:55:12.557284,2606.0493274219266,2945.2809037744096,-5764.849634503694,-2.4788072913333847,-5.853753610686068,-4.149321667769673,56653U
2025-06-28T13:56:12.557284,2451.943975775712,2588.104854560886,-6001.477509545468,-2.656161067237957,-6.047776855547457,-3.7356471194700105,56653U
2025-06-28T13:57:12.557284,2287.535543839985,2220.0538882715323,-6212.819861819035,-2.8221299723734377,-6.216151081955572,-3.306782217609392,56653U
2025-06-28T13:58:12.557284,2113.5278441060227,1842.6871034344515,-6398.021682690348,-2.976032865676812,-6.3582233158023085,-2.8646121238040867,56653U
2025-06-28T13:59:12.557284,1930.6638125818672,1457.5991168595897,-6556.342533030734,-3.1172467230289977,-6.473462030540243,-2.411069651259584,56653U
2025-06-28T14:00:12.557284,1739.7219578146883,1066.4127542685255,-6687.159101935657,-3.24520877832515,-6.5614579780730935,-1.948125444351454,56653U
2025-06-28T14:01:12.557284,1541.5126936565975,670.7717120188018,-6789.9671809013425,-3.3594182846072753,-6.621924356643729,-1.477778261456461,56653U
2025-06-28T14:02:12.557284,1336.8745779410285,272.3332279450669,-6864.383061573566,-3.4594379089744707,-6.654696358368302,-1.0020454168723374,56653U
2025-06-28T14:03:12.557284,1126.6704783033488,-127.23920328886442,-6910.144368106651,-3.544894777424033,-6.659730140629721,-0.5229534284754035,56653U
2025-06-28T14:04:12.557284,911.7836853455906,-526.2830375743537,-6927.110337554912,-3.6154811873414854,-6.637101265654846,-0.04252890902818365,56653U
2025-06-28T14:05:12.557284,693.1139922625416,-923.1437813014581,-6915.261563609349,-3.6709550061199967,-6.5870026514724955,0.4372102689538821,56653U
2025-06-28T14:06:12.557284,471.57375895760674,-1316.1819561345544,-6874.699220450417,-3.7111397744474766,-6.509742075331807,0.9142635119252426,56653U
2025-06-28T14:07:12.557284,248.08397762124633,-1703.779903167808,-6805.643784582119,-3.7359245322713432,-6.4057392678163,1.3866557307306409,56653U
2025-06-28T14:08:12.557284,23.57035574571802,-2084.3484030880854,-6708.433273317281,-3.745263384470381,-6.275522632585278,1.852445240625116,56653U
2025-06-28T14:09:12.557284,-201.04056836711783,-2456.3330908348203,-6583.521019174123,-3.739174821966886,-6.119725623168034,2.3097313273985414,56653U
2025-06-28T14:10:12.557284,-424.82526338059415,-2818.220644907442,-6431.472999888552,-3.7177408125379032,-5.939082804760533,2.7566614735872137,56653U
2025-06-28T14:11:12.557284,-646.8669824972055,-3168.5447329389426,-6252.964744109339,-3.6811056740588093,-5.734425625730844,3.1914382401966317,56653U
2025-06-28T14:12:12.557284,-866.259468002319,-3505.8916964542937,-6048.7778331789,-3.6294747414504314,-5.506677920696098,3.612325799905739,56653U
2025-06-28T14:13:12.557284,-1082.1105705320122,-3828.9059589081558,-5819.796019749738,-3.563112837297702,-5.256851164706397,4.017656117556229,56653U
2025-06-28T14:14:12.557284,-1293.545771340647,-4136.295142171791,-5567.0009843801345,-3.4823425550399625,-4.986039496344644,4.405834773023349,56653U
2025-06-28T14:15:12.557284,-1499.7115963263116,-4426.834877663374,-5291.46775170659,-3.387542362852164,-4.695414526456924,4.77534642052479,56653U
2025-06-28T14:16:12.557284,-1699.7789110346112,-4699.373299324026,-4994.35978831035,-3.2791445358734905,-4.386219948760883,5.124759877239683,56653U
2025-06-28T14:17:12.557284,-1892.946086319344,-4952.835206663125,-4676.923804980916,-3.157632924304913,-4.059765968704545,5.45273283295267,56653U
2025-06-28T14:18:12.557284,-2078.442024817927,-5186.225887170562,-4340.484286707731,-3.0235405650766176,-3.71742356758567,5.758016171480378,56653U
2025-06-28T14:19:12.557284,-2255.5290389088455,-5398.634588533208,-3986.437774389455,-2.877447145253968,-3.360618620007501,6.039457893998131,56653U
2025-06-28T14:20:12.557284,-2423.5055713771885,-5589.237632320391,-3616.246922904682,-2.7199763260629366,-2.9908258841226054,6.296006634176118,56653U
2025-06-28T14:21:12.557284,-2581.7087506281664,-5757.301162124632,-3231.4343608117897,-2.551792937318887,-2.6095628856863833,6.526714755323026,56653U
2025-06-28T14:22:12.557284,-2729.516772966528,-5902.183520560777,-2833.5763775046057,-2.3736000530757657,-2.2183837185780577,6.730741020562954,56653U
2025-06-28T14:23:12.557284,-2866.351105202042,-6023.337251032664,-2424.2964641136195,-2.1861359604102013,-1.8188727860288338,6.907352828445201,56653U
2025-06-28T14:24:12.557284,-2991.678501646036,-6120.310721758131,-2005.2587347836761,-1.990171034352647,-1.4126385082130106,7.055928008284324,56653U
2025-06-28T14:25:12.557284,-3105.012830427761,-6192.7493711848,-1578.16125514505,-1.7865045330082405,-1.0013070229986076,7.175956171906949,56653U
2025-06-28T14:26:12.557284,-3205.916704971121,-6240.396575605314,-1144.7293048127285,-1.5759613278177897,-0.5865159074402722,7.267039621268524,56653U
2025-06-28T14:27:12.557284,-3294.002917421513,-6263.09414146754,-706.7086005794336,-1.3593885846400027,-0.1699079479564678,7.3288938145146645,56653U
2025-06-28T14:28:12.557284,-3368.9356717878645,-6260.782426544868,-265.85850659682364,-1.1376524118430655,0.24687501299010317,7.3613473963985285,56653U
2025-06-28T14:29:12.557284,-3430.4316155465117,-6233.500095754051,176.05474272515085,-0.9116344918472767,0.6621981265133248,7.364341802416638,56653U
2025-06-28T14:30:12.557284,-3478.2606694308347,-6181.3835189558395,617.2647821402804,-0.6822287125288826,1.0744394571786235,7.3379304494816155,56653U
2025-06-28T14:31:12.557284,-3512.246656082422,-6104.665819518418,1056.011793301563,-0.45033781457045696,1.4819957487362256,7.282277529295733,56653U
2025-06-28T14:32:12.557284,-3532.2677291525674,-6003.675583740752,1490.5490979326946,-0.21687007021627036,1.8832880134530448,7.197656423715604,56653U
2025-06-28T14:33:12.557284,-3538.25660530007,-5878.835242399107,1919.1496448422597,0.01726399202938378,2.2767669253560925,7.08444776420177,56653U
2025-06-28T14:34:12.557284,-3530.2006023182125,-5730.659136676967,2340.1123706009425,0.25115480342121144,2.660918000650947,6.943137159834027,56653U
2025-06-28T14:35:12.557284,-3508.141487327977,-5559.751281550282,2751.768415220074,0.4838968998226649,3.0342665518389,6.774312620260857,56653U
2025-06-28T14:36:12.557284,-3472.1751395839606,-5366.802840316857,3152.4871757567075,0.7145919851725356,3.3953824055401434,6.578661701272001,56653U
2025-06-28T14:37:12.557284,-3422.451032945733,-5152.58932437412,3540.6821823968717,0.9423519052090144,3.7428843776515013,6.356968401382058,56653U
2025-06-28T14:38:12.557284,-3359.1715434638018,-4917.967532562697,3914.8167831966475,1.1663015250809619,4.07544450312691,6.110109837854134,56653U
2025-06-28T14:39:12.557284,-3282.591087811607,-4663.872244407166,4273.409625257868,1.385581506550214,4.3917920212699935,5.839052729953876,56653U
2025-06-28T14:40:12.557284,-3193.0150984619545,-4391.312681410582,4615.039921641636,1.5993509825907948,4.690717120865749,5.544849715905997,56653U
2025-06-28T14:41:12.557284,-3090.7988415593863,-4101.368750208012,4938.352494748065,1.8067901292653454,4.9710744526549915,5.228635528040554,56653U
2025-06-28T14:42:12.557284,-2976.3460833840204,-3795.1870808750286,5242.062588179728,2.007102636746284,5.231786419471578,4.891623047999755,56653U
2025-06-28T14:43:12.557284,-2850.1076111431253,-3473.9768730431106,5524.960440228932,2.1995180831887113,5.471846256725632,4.535099260678563,56653U
2025-06-28T14:44:12.557284,-2712.579613576707,-3139.005561723022,5785.915613057118,2.383294216795788,5.690320917739141,4.160421121864581,56653U
2025-06-28T14:45:12.557284,-2564.3019265322287,-2791.594313907106,6023.881072347665,2.5577191527898204,5.88635377964975,3.7690113504066147,56653U
2025-06-28T14:46:12.557284,-2405.856148270899,-2433.1133661536087,6237.897012686881,2.7221134930565856,6.059167186123542,3.362354151286645,56653U
2025-06-28T14:47:12.557284,-2237.8636288267044,-2064.9772124767687,6427.094424156972,2.8758323769245036,6.208064842914254,2.941990871302023,56653U
2025-06-28T14:48:12.557284,-2060.9833372758117,-1688.6396510288664,6590.698395591726,3.0182674718246467,6.3324340813294056,2.5095155843289585,56653U
2025-06-28T14:49:12.557284,-1875.9096103042273,-1305.5886972919413,6728.031149660295,3.1488489124245342,6.431748002904233,2.0665705984612184,56653U
2025-06-28T14:50:12.557284,-1683.3697850161168,-917.341370852475,6838.5148044043535,3.2670471962080647,6.505567516035904,1.6148418728662748,56653U
2025-06-28T14:51:12.557284,-1484.121718522963,-525.4383623417649,6921.673855081618,3.3723750423752956,6.553543272023159,1.1560543281180358,56653U
2025-06-28T14:52:12.557284,-1278.9511965265553,-131.43858683940667,6977.13736918067,3.464389219353132,6.575417503931837,0.691967030225035,56653U
2025-06-28T14:53:12.557284,-1068.669232878289,263.08637001382345,7004.640886304667,3.5426923441566074,6.571025767039445,0.22436822572457749,56653U
2025-06-28T14:54:12.557284,-854.1092619922558,656.5579067229431,7004.0280133119695,3.6069346543421457,6.540298574396177,-0.24492979678056337,56653U
2025-06-28T14:55:12.557284,-636.1242260322306,1047.3961544708693,6975.251703700351,3.656815750394057,6.483262915398623,-0.7140960442672045,56653U
2025-06-28T14:56:12.557284,-415.5835590062819,1434.0258116313519,6918.375208784155,3.6920863031386544,6.400043639350827,-1.1812863816189225,56653U
2025-06-28T14:57:12.557284,-193.37007030635763,1814.88205522964,6833.572686805752,3.712549717262015,6.290864679956029,-1.6446493427808255,56653U
2025-06-28T14:58:12.557284,29.623269163082558,2188.41651878717,6721.129454813155,3.718063738306566,6.156050090729872,-2.102332212225875,56653U
2025-06-28T14:59:12.557284,252.49663429999597,2553.1033241138525,6581.441867001756,3.708541986743761,5.996024855659472,-2.552487394194918,56653U
2025-06-28T15:00:12.557284,474.34674155644126,2907.4451524218775,6415.016802336425,3.6839553989817935,5.811315434270479,-2.9932790817931214,56653U
2025-06-28T15:01:12.557284,694.2703268633668,3249.9793376514253,6222.470743721934,3.6443335515980446,5.602549995831039,-3.4228902313155025,56653U
2025-06-28T15:02:12.557284,911.3676980039353,3579.283962169847,6004.528430851011,3.589765841821581,5.370458293940193,-3.8395298392238746,56653U
2025-06-28T15:03:12.557284,1124.7463520630954,3893.983932087074,5762.02106920377,3.5204024944703356,5.115871130432892,-4.241440510138302,56653U
2025-06-28T15:04:12.557284,1333.52464677329,4192.75700639044,5495.8840785657185,3.436455363310575,4.839719356580902,-4.626906294221549,56653U
2025-06-28T15:05:12.557284,1536.8355126444553,4474.339751025605,5207.154365928134,3.338198493283882,4.543032360146902,-4.994260761661379,56653U
2025-06-28T15:06:12.557284,1733.8301907542154,4737.533386029806,4896.967109773812,3.2259684093596506,4.226935989089663,-5.34189527087368,56653U
2025-06-28T15:07:12.557284,1923.6819790312993,4981.209490957493,4566.552045559855,3.100164098022911,3.892649866710663,-5.668267375876754,56653U
2025-06-28T15:08:12.557284,2105.5899678520304,5204.3155312387835,4217.229245685597,2.9612466486747584,3.541484058805676,-5.9719093073845295,56653U
2025-06-28T15:09:12.557284,2278.7827438453987,5405.8801658817365,3850.4043913648593,2.809738524557793,3.174835060916804,-6.251436451901872,56653U
2025-06-28T15:10:12.557284,2442.522039036016,5585.018295181762,3467.5635385611267,2.6462224362367497,2.79418108297443,-6.505555743869151,56653U
2025-06-28T15:11:12.557284,2596.1063009095246,5740.935805934734,3070.2673854295285,2.4713397951438667,2.4010766193204276,-6.733073878069883,56653U
2025-06-28T15:12:12.557284,2738.874157730461,5872.933971158395,2660.1450544463605,2.285788730177649,1.997146304082952,-6.932905243446185,56653U
2025-06-28T15:13:12.557284,2870.207752537751,5980.413461584427,2238.887408484597,2.090321656720509,1.5840780648435444,-7.104079475478107,56653U
2025-06-28T15:14:12.557284,2989.5359187414156,6062.877927249951,1808.2399263818897,1.8857423945742842,1.1636156011569652,-7.245748522639626,56653U
2025-06-28T15:15:12.557284,3096.3371701952233,6119.937109429779,1369.9951698862235,1.6729028390204592,0.7375502283532798,-7.357193123346373,56653U
2025-06-28T15:16:12.557284,3190.142479051348,6151.309445915596,925.9848801080361,1.452699197289856,0.3077121407634637,-7.437828593363738,56653U
2025-06-28T15:17:12.557284,3270.537815639815,6156.8241362533445,478.0717475711677,1.2260678109321506,-0.12403883839092919,-7.487209829878297,56653U
2025-06-28T15:18:12.557284,3337.1664260582966,6136.42263794536,28.140905481264877,0.9939805926622708,-0.5558229411434422,-7.505035447267436,56653U
2025-06-28T15:19:12.557284,3389.7308250946953,6090.1595697379025,-421.9087992430339,0.7574401139706743,-0.9857504830595549,-7.491150970856003,56653U
2025-06-28T15:20:12.557284,3427.9944845087275,6018.203003846397,-870.1736984608959,0.517474386860721,-1.411932136979345,-7.445551028351023,56653U
2025-06-28T15:21:12.557284,3451.783199521444,5920.834135195478,-1314.7542968119656,0.2751313892869899,-1.832489346951633,-7.368380493829493,56653U
2025-06-28T15:22:12.557284,3460.9861195444487,5798.44632232648,-1753.7643029078092,0.03147338900184396,-2.2455647728782844,-7.259934555682087,56653U
2025-06-28T15:23:12.557284,3455.556432650229,5651.543501391555,-2185.339632139053,-0.21242887560357931,-2.6493326547502476,-7.120657697286188,56653U
2025-06-28T15:24:12.557284,3435.5116969569185,5480.737981447656,-2607.647315361756,-0.45550209657305485,-3.0420089863393978,-6.951141596858443,56653U
2025-06-28T15:25:12.557284,3400.9338158853043,5286.747635915645,-3018.8942486685514,-0.6966763172362105,-3.421861391791837,-6.752121970366872,56653U
2025-06-28T15:26:12.557284,3351.968658048245,5070.392511417939,-3417.335721456495,-0.9348908111269161,-3.787218604606837,-6.524474398021695,56653U
2025-06-28T15:27:12.557284,3288.8253262604103,4832.590881105039,-3801.2836630038055,-1.169099859122709,-4.136479456750262,-6.269209190207134,56653U
2025-06-28T15:28:12.557284,3211.7750837180165,4574.354774887173,-4169.1145516774695,-1.3982783681748416,-4.4681212958452345,-5.987465362303217,56653U
2025-06-28T15:29:12.557284,3121.1499487160327,4296.785023603435,-4519.2769355630535,-1.6214272794119744,-4.780707760104273,-5.680503799313198,56653U
2025-06-28T15:30:12.557284,3017.340972270054,4001.0658579942174,-4850.298518613167,-1.837578718839384,-5.072895853509504,-5.349699700264121,56653U
2025-06-28T15:31:12.557284,2900.7962156380318,3688.4591063483163,-5160.7927721726355,-2.045800850091287,-5.343442277235692,-4.996534398814473,56653U
2025-06-28T15:32:12.557284,2772.018446951119,3360.298036848799,-5449.465037794163,-2.245202395488609,-5.5912089869850785,-4.622586660310549,56653U
2025-06-28T15:33:12.557284,2631.5625779381403,3017.980891950246,-5715.1180934389,-2.4349367987545225,-5.8151679593105925,-4.229523556720014,56653U
2025-06-28T15:34:12.557284,2480.0328630575095,2662.9641626218054,-5956.657161297664,-2.614206009892533,-6.014405162724876,-3.819091019580008,56653U
2025-06-28T15:35:12.557284,2318.0798842415647,2296.755650046239,-6173.094341424775,-2.78226387969856,-6.188123741062099,-3.3931041675585805,56653U
2025-06-28T15:36:12.557284,2146.3973449352466,1920.9073614611325,-6363.552461016738,-2.938419157940811,-6.335646426876667,-2.953437499754456,56653U
2025-06-28T15:37:12.557284,1965.718697207316,1537.0082853565104,-6527.26833439084,-3.082038095218994,-6.456417211407755,-2.502015038810649,56653U
2025-06-28T15:38:12.557284,1776.8136254756412,1146.6770893190753,-6663.595433441558,-3.2125466537569762,-6.550002304667327,-2.040800499701393,56653U
2025-06-28T15:39:12.557284,1580.484409869917,751.5547815447699,-6772.005972526388,-3.3294323367918115,-6.616090424467259,-1.5717875510826729,56653U
2025-06-28T15:40:12.557284,1377.562191512339,353.29737454296196,-6852.0924153329615,-3.4322456497354716,-6.654492456711458,-1.0969902267879554,56653U
2025-06-28T15:41:12.557284,1168.9031610872928,-46.43141306937213,-6903.568414307265,-3.5206012088927374,-6.665140531136528,-0.6184335357886613,56653U
2025-06-28T15:42:12.557284,955.3846910513968,-445.96738343760813,-6926.269195702375,-3.5941785152422057,-6.648086557049683,-0.13814431007249775,56653U
2025-06-28T15:43:12.557284,737.9014307564546,-843.6529843608517,-6920.1514052830225,-3.652722411694734,-6.603500262691505,0.3418576782903856,56653U
2025-06-28T15:44:12.557284,517.361382666592,-1237.8443040457669,-6885.292431250119,-3.69604324242397,-6.531666779888163,0.8195683068906874,56653U
2025-06-28T15:45:12.557284,294.68197678437406,-1626.9179098831949,-6821.8892221003425,-3.724016732434633,-6.432983812914384,1.2930073817246936,56653U
2025-06-28T15:46:12.557284,70.78615939036202,-2009.2775075277323,-6730.256617982562,-3.7365836046259293,-6.307958427233681,1.760226592159564,56653U
2025-06-28T15:47:12.557284,-153.40148873645478,-2383.3603984729352,-6610.8252147292915,-3.7337489503566204,-6.157203490275176,2.2193171331823716,56653U
2025-06-28T15:48:12.557284,-376.9585902977639,-2747.6437160134547,-6464.138780199527,-3.715581368062653,-5.981433792886333,2.668416988685908,56653U
2025-06-28T15:49:12.557284,-598.9687520928431,-3100.6504209894197,-6290.851242934097,-3.6822118829470445,-5.781461876778076,3.1057178711774167,56653U
2025-06-28T15:50:12.557284,-818.5252753835449,-3440.955040042428,-6091.72327345065,-3.633832659272024,-5.558193590323911,3.5294718140071413,56653U
2025-06-28T15:51:12.557284,-1034.7347837101445,-3767.1891303034486,-5867.618478839904,-3.5706955154354456,-5.312623392621285,3.9379974121610135,56653U
2025-06-28T15:52:12.557284,-1246.7207563935017,-4078.046455525775,-5619.499231696673,-3.493110250886223,-5.0458294238556745,4.329685707042201,56653U
2025-06-28T15:53:12.557284,-1453.6269564454421,-4372.287859703726,-5348.422154851148,-3.4014427930843314,-4.758968358771176,4.703005709666437,56653U
2025-06-28T15:54:12.557284,-1654.6207420694834,-4648.745825218539,-5055.533283866704,-3.2961131721760246,-4.453270059450706,5.056509555509738,56653U
2025-06-28T15:55:12.557284,-1848.8962513911158,-4906.328703568115,-4742.062929832765,-3.1775933308452275,-4.1300320436052305,5.3888372830634115,56653U
2025-06-28T15:56:12.557284,-2035.6774505240112,-5144.0246077888805,-4409.3202655990335,-3.0464047769127838,-3.790613785107461,5.69872122712226,56653U
2025-06-28T15:57:12.557284,-2214.2210355785996,-5360.904956798787,-4058.687659242855,-2.9031160866592653,-3.436430864483369,5.984990017106913,56653U
2025-06-28T15:58:12.557284,-2383.8191797608256,-5556.127663090809,-3691.6147792163647,-2.7483402675066553,-3.0689489883950616,6.246572170399722,56653U
2025-06-28T15:59:12.557284,-2543.80211730694,-5728.939956502325,-3309.6124962467616,-2.582731989555688,-2.689677898684002,6.482499270842119,56653U
2025-06-28T16:00:12.557284,-2693.5405566585114,-5878.680838175398,-2914.246607635299,-2.406984696481311,-2.3001651931760363,6.691908723239578,56653U
2025-06-28T16:01:12.557284,-2832.4479160048127,-6004.783160303955,-2507.1314100849672,-2.2218276073735286,-1.9019900820538422,6.8740460759651745,56653U
2025-06-28T16:02:12.557284,-2959.982375106291,-6106.775328824735,-2089.9231475511265,-2.0280226222081756,-1.4967571050610766,7.02826690553034,56653U
2025-06-28T16:03:12.557284,-3075.6487381577863,-6184.282627831555,-1664.3133608327448,-1.8263611446800139,-1.086089836014416,7.154038259256946,56653U
2025-06-28T16:04:12.557284,-3179.000103346395,-6237.02816615713,-1232.0221656748083,-1.6176608370654202,-0.6716246019690066,7.250939654878484,56653U
2025-06-28T16:05:12.557284,-3269.639335694904,-6264.833448246597,-794.7914860255094,-1.4027623225532886,-0.2550042448420146,7.318663638933308,56653U
2025-06-28T16:06:12.557284,-3347.2203407456527,-6267.618573116281,-354.37826876596523,-1.1825258510403305,0.16212804671301362,7.357015909095898,56653U
2025-06-28T16:07:12.557284,-3411.449137614744,-6245.40206681965,87.45229428866668,-0.9578279446992115,0.5781348078959939,7.365915009013575,56653U
2025-06-28T16:08:12.557284,-3462.0847309199216,-6198.300355403068,528.9335120418655,-0.7295580396608662,0.9913902445602168,7.345391607667351,56653U
2025-06-28T16:09:12.557284,-3498.9397820378877,-6126.526886797942,968.3038832552675,-0.4986151398959833,1.4002860315039138,7.295587378640718,56653U
2025-06-28T16:10:12.557284,-3521.8810810636296,-6030.390911437474,1403.8137060987888,-0.26590449882283596,1.8032369395639134,7.216753497850409,56653U
2025-06-28T16:11:12.557284,-3530.8298217096267,-5910.295932582725,1833.7315862783255,-0.03233434331875603,2.1986862712925817,7.1092487811632425,56653U
2025-06-28T16:12:12.557284,-3525.761682181059,-5766.737838374259,2256.3508232923655,0.20118734632131757,2.5851110878672277,6.97353748579701,56653U
2025-06-28T16:13:12.557284,-3506.706715781863,-5600.3027284756035,2669.9956558568633,0.43375598832610957,2.9610272130685513,6.810186801396452,56653U
2025-06-28T16:14:12.557284,-3473.7490556336743,-5411.664448832858,3073.027349105971,0.6644734727551422,3.3249940035981167,6.6198640581158905,56653U
2025-06-28T16:15:12.557284,-3427.0264384158095,-5201.5818485321315,3463.8501077890123,0.892451147446377,3.6756188785936112,6.4033336798706975,56653U
2025-06-28T16:16:12.557284,-3366.7295524528818,-4970.895772993547,3840.9168013054236,1.1168127098313818,4.01156160484847,6.161453911101198,56653U
2025-06-28T16:17:12.557284,-3293.1012157822342,-4720.525807797432,4202.734488017349,1.336696999893771,4.331538337853511,5.8951733448991135,56653U
2025-06-28T16:18:12.557284,-3206.4353900241854,-4451.466787303483,4547.869727818183,1.551260691637056,4.634325422250693,5.605527279171525,56653U
2025-06-28T16:19:12.557284,-3107.0760359560804,-4164.785081912478,4874.953673373271,1.759680882500181,4.918762958516448,5.293633925676622,56653U
2025-06-28T16:20:12.557284,-2995.4158166577604,-3861.6146773437886,5182.686931765756,1.9611575821606975,5.183758145586455,4.960690494280389,56653U
2025-06-28T16:21:12.557284,-2871.8946539607427,-3543.1530586903054,5469.844189430266,2.1549161040291707,5.428288411588342,4.607969171711703,56653U
2025-06-28T16:22:12.557284,-2736.9981437026236,-3210.656911282697,5735.278594225376,2.34020936441358,5.651404346787261,4.236813010489628,56653U
2025-06-28T16:23:12.557284,-2591.255834977159,-2865.437649587735,5977.925889246079,2.5163200957532372,5.852232454182662,3.848631739654589,56653U
2025-06-28T16:24:12.557284,-2435.2393781908204,-2508.856784502802,6196.80829350137,2.6825629814432834,6.029977733864351,3.444897504541755,56653U
2025-06-28T16:25:12.557284,-2269.560546308992,-2142.321138537516,6391.038124855609,2.8382867205360487,6.183926117178919,3.02714053821411,56653U
2025-06-28T16:26:12.557284,-2094.86913321694,-1767.277917527371,6559.821160652268,2.982876030975134,6.313446765939517,2.5969447624472286,56653U
2025-06-28T16:27:12.557284,-1911.8507326557253,-1385.2096467462038,6702.459731201061,3.1157535999547097,6.4179942503085154,2.1559433114696036,56653U
2025-06-28T16:28:12.557284,-1721.2244007425988,-997.6289786125751,6818.355540821595,3.2363819894742605,6.497110616592492,1.7058139671569583,56653U
2025-06-28T16:29:12.557284,-1523.7402046786758,-606.0733786708341,6907.012210406419,3.3442655041574305,6.550427353027998,1.2482744902242848,56653U
2025-06-28T16:30:12.557284,-1320.1766599036737,-212.09969619834067,6968.037534522386,3.4389520269230758,6.5776672577510045,0.7850778283003409,56653U
2025-06-28T16:31:12.557284,-1111.3380577104404,182.72137430191881,7001.145444934337,3.5200348261406673,6.578646208594464,0.318007178782572,56653U
2025-06-28T16:32:12.557284,-898.0516852018181,576.8109342943576,7006.157671152706,3.5871543354966087,6.553274829241785,-0.1511291178001782,56653U
2025-06-28T16:33:12.557284,-681.1649394862684,968.5876181928871,6983.005087220971,3.639999904979736,6.50156004069358,-0.6205028793906213,56653U
2025-06-28T16:34:12.557284,-461.54233818980845,1356.4734184453716,6931.728732526438,3.6783115182172517,6.423606481124238,-1.0882716045432925,56653U
2025-06-28T16:35:12.557284,-240.06242872600657,1738.8995899112979,6852.4804930013315,3.701881467928456,6.31961777117754,-1.5525842395655736,56653U
2025-06-28T16:36:12.557284,-17.614599334781996,2114.3126232514123,6745.523427749967,3.710555977597815,6.189897595764144,-2.011587212710487,56653U
2025-06-28T16:37:12.557284,204.90420432087478,2481.1802752406365,6611.231724966278,3.7042367537042105,6.034850567681219,-2.4634307537159574,56653U
2025-06-28T16:38:12.557284,426.59285221231016,2837.9976417783655,6450.090270073029,3.6828824490935794,5.854982833094352,-2.9062755118578,56653U
2025-06-28T16:39:12.557284,646.5494866553529,3183.2932569375807,6262.693808398437,3.6465100144759033,5.650902374326886,-3.338299479221081,56653U
2025-06-28T16:40:12.557284,863.8750552507173,3515.63519870525,6049.745684485619,3.5951959116972563,5.423318961717383,-3.7577052181682338,56653U
2025-06-28T16:41:12.557284,1077.6769110192056,3833.637179172708,5812.056140381279,3.5290771595246944,5.173043703750027,-4.162727383113341,56653U
2025-06-28T16:42:12.557284,1287.0724689193826,4135.964593909539,5550.5401560369,3.448352180323714,4.900988143434449,-4.551640516881936,56653U
2025-06-28T16:43:12.557284,1491.1929060266668,4421.340502174252,5266.21481633729,3.353281414339528,4.608162849186285,-4.922767091365123,56653U
2025-06-28T16:44:12.557284,1689.1868906523832,4688.5515065691325,4960.196191292242,3.244187667438074,4.295675450382014,-5.2744857511365755,56653U
2025-06-28T16:45:12.557284,1880.2243236451345,4936.453497843707,4633.695718608459,3.1214561582248774,3.964728071418659,-5.6052397075159766,56653U
2025-06-28T16:46:12.557284,2063.5000730914917,5163.977227883891,4288.01608121911,2.985534231527207,3.616614123558708,-5.91354521956447,56653U
2025-06-28T16:47:12.557284,2238.237681692176,5370.133671617247,3924.546576358336,2.8369307073488583,3.252714421051073,-6.198000088080716,56653U
2025-06-28T16:48:12.557284,2403.693024286039,5554.01913671137,3544.757977408036,2.676214837615404,2.8744925969297768,-6.457292079192621,56653U
2025-06-28T16:49:12.557284,2559.1578914067145,5714.820078660672,3150.196894932913,2.5040148473010544,2.483489804336455,-6.6902071860129615,56653U
2025-06-28T16:50:12.557284,2703.963473440012,5851.817578226946,2742.4796489914834,2.3210160418198913,2.0813187009975818,-6.895637630390483,56653U
2025-06-28T16:51:12.557284,2837.483718976749,5964.391438314014,2323.2856708357676,2.1279584687713053,1.6696567273140397,-7.072589502387377,56653U
2025-06-28T16:52:12.557284,2959.138540372192,6052.023858267342,1894.3504583810181,1.9256341291264982,1.2502387020741261,-7.220189933011328,56653U
2025-06-28T16:53:12.557284,3068.3968393857035,6114.302645345473,1457.458116173945,1.714883740549477,0.8248487736793535,-7.337693696147644,56653U
2025-06-28T16:54:12.557284,3164.7793261109896,6150.923925719926,1014.433516867517,1.4965930635640057,0.3953117785721296,-7.424489138695981,56653U
2025-06-28T16:55:12.557284,3247.861105246404,6161.694320816341,567.1341272444903,1.2716888094711511,-0.03651592817384029,-7.480103343661126,56653U
2025-06-28T16:56:12.557284,3317.274005099221,6146.532559068804,117.44154745973124,1.0411341570456503,-0.46875609282685005,-7.504206439316372,56653U
2025-06-28T16:57:12.557284,3372.708626561363,6105.470498154651,-332.74718277678886,0.8059239128329184,-0.8995185453366957,-7.496614978394037,56653U
2025-06-28T16:58:12.557284,3413.9160916091178,6038.653538411262,-781.5284530293202,0.5670793570781303,-1.3269114466934655,-7.457294324301645,56653U
2025-06-28T16:59:12.557284,3440.709473623444,5946.340414290423,-1227.0010644575445,0.3256428237079757,-1.7490516969090415,-7.386359996265966,56653U
2025-06-28T17:00:12.557284,3452.964894944852,5828.902357237826,-1667.2752616143507,0.08267206812913983,-2.1640753945541378,-7.284077941642592,56653U
2025-06-28T17:01:12.557284,3450.6222804936324,5686.821630141068,-2100.481748244118,-0.16076551926327678,-2.570148236647144,-7.150863720905011,56653U
2025-06-28T17:02:12.557284,3433.685759923386,5520.689440301616,-2524.7806212468276,-0.40359879320779224,-2.9654757481929366,-6.987280608511178,56653U
2025-06-28T17:03:12.557284,3402.223714541459,5331.203244588865,-2938.370157710874,-0.644758765343254,-3.348313233778434,-6.794036630385013,56653U
2025-06-28T17:04:12.557284,3356.3684690326145,5119.16346686241,-3339.4953917329153,-0.8831844857838698,-3.716975349238106,-6.571980575598175,56653U
2025-06-28T17:05:12.557284,3296.3156317661633,4885.469653747323,-3726.4564205759248,-1.1178288342658043,-4.069845199296084,-6.322097035473452,56653U
2025-06-28T17:06:12.557284,3222.3230910630814,4631.116100283938,-4097.6163834652025,-1.347664163592395,-4.405382876967376,-6.045500537294203,56653U
2025-06-28T17:07:12.557284,3134.709678164919,4357.186981729929,-4451.409060873092,-1.5716877423054822,-4.722133371998648,-5.743428851699342,56653U
2025-06-28T17:08:12.557284,3033.853510707186,4064.851031782358,-4786.346047348423,-1.7889269487672554,-5.018733788322605,-5.4172355623696165,56653U
2025-06-28T17:09:12.557284,2920.1900331986817,3755.3558106547266,-5101.0234566420695,-1.9984441749349995,-5.293919823930558,-5.068381993572613,56653U
2025-06-28T17:10:12.557284,2794.2097732990874,3430.021608755242,-5394.128123905581,-2.199341404817425,-5.546531480274796,-4.698428595433639,56653U
2025-06-28T17:11:12.557284,2656.4558345441897,3090.235033179309,-5664.4432759139445,-2.3907644396560666,-5.77551798182867,-4.3090258884654205,56653U
2025-06-28T17:12:12.557284,2507.521147577957,2737.4423248720345,-5910.853646435138,-2.5719067490350414,-5.979941899341694,-3.901905068032294,56653U
2025-06-28T17:13:12.557284,2348.0455029228597,2373.142454207659,-6132.350019872349,-2.7420129341339106,-6.158982482239165,-3.478868366277136,56653U
2025-06-28T17:14:12.557284,2178.7123888678657,1998.8800419327792,-6328.0331920243225,-2.9003817959927263,-6.31193821623233,-3.0417792638762484,56653U
2025-06-28T17:15:12.557284,2000.2456582199684,1616.238151047837,-6497.117342115756,-3.0463690077514065,-6.438228631270675,-2.5925526371925804,56653U
2025-06-28T17:16:12.557284,1813.4060474833761,1226.830993339924,-6638.9328150786705,-3.1793893952167633,-6.537395392343062,-2.133144918340207,56653U
2025-06-28T17:17:12.557284,1618.9875715611436,832.2965920626041,-6752.928317344445,-3.298918834678509,-6.609102711232703,-1.665544336794295,56653U
2025-06-28T17:18:12.557284,1417.8138163679803,434.2894397857331,-6838.672533115936,-3.4044957805797345,-6.653137121169297,-1.1917613018815494,56653U
2025-06-28T17:19:12.557284,1210.734150859124,34.47318782071765,-6895.855171222307,-3.495722438423209,-6.669406658480637,-0.7138189761639996,56653U
2025-06-28T17:20:12.557284,998.6198789751788,-365.48659903793003,-6924.287455237231,-3.5722656001809976,-6.657939495972948,-0.23374408073904693,56653U
2025-06-28T17:21:12.557284,782.3603509325254,-763.9295913355957,-6923.902071602959,-3.633857160528355,-6.618882072064383,0.24644203486868468,56653U
2025-06-28T17:22:12.557284,562.8590521930262,-1159.2077187493787,-6894.752592106877,-3.6802943325317954,-6.552496757898657,0.7247320330287108,56653U
2025-06-28T17:23:12.557284,341.0296873742873,-1549.69204260855,-6837.012388267179,-3.7114395810955783,-6.459159102033829,1.1991409197627307,56653U
2025-06-28T17:24:12.557284,117.79227533615574,-1933.7794530718206,-6750.973056075477,-3.727220291640574,-6.339354689105149,1.6677140544337103,56653U
2025-06-28T17:25:12.557284,-105.93072927271487,-2309.899168844301,-6637.0423701904865,-3.727628190289017,-6.1936756453624975,2.128534827937084,56653U
2025-06-28T17:26:12.557284,-329.21827359003004,-2676.5190190586545,-6495.741787151264,-3.712718530397414,-6.0228168204273285,2.5797320028771162,56653U
2025-06-28T17:27:12.557284,-551.1544895958609,-3032.1514884899084,-6327.703517546,-3.6826090587473144,-5.8275716712154395,3.0194867110463104,56653U
2025-06-28T17:28:12.557284,-770.83240969263,-3375.359508632417,-6133.667187393965,-3.637478773190925,-5.608827870915378,3.4460391043953034,56653U
2025-06-28T17:29:12.557284,-987.3576024618999,-3704.7619783879486,-5914.476109316602,-3.5775664821588373,-5.367562663330651,3.8576946557657137,56653U
2025-06-28T17:30:12.557284,-1199.8517167902935,-4019.038999217317,-5671.073184428005,-3.503169175253079,-5.10483798088937,4.252830105123682,56653U
2025-06-28T17:31:12.557284,-1407.455923049281,-4316.936810642226,-5404.496456285074,-3.4146402132334055,-4.821795343246144,4.629899046082654,56653U
2025-06-28T17:32:12.557284,-1609.3342404757313,-4597.272412983916,-5115.874338715535,-3.3123873450971035,-4.519650552660462,4.987437146329533,56653U
2025-06-28T17:33:12.557284,-1804.6767403521737,-4858.937865228352,-4806.42053988582,-3.1968705596698292,-4.199688202206636,5.324066994355513,56653U
2025-06-28T17:34:12.557284,-1992.7026150463273,-5100.90424694444,-4477.428705571412,-3.068599779164627,-3.8632560132945173,5.638502563807273,56653U
2025-06-28T17:35:12.557284,-2172.6631034574616,-5322.225274280546,-4130.266805228273,-2.9281324025060385,-3.5117590198700475,5.929553285962618,56653U
2025-06-28T17:36:12.557284,-2343.8442639442833,-5522.0405612408085,-3766.3712851138766,-2.776070706820194,-3.146653617919767,6.196127720408018,56653U
2025-06-28T17:37:12.557284,-2505.569586390424,-5699.578518712096,-3387.241013336269,-2.6130591163095453,-2.7694415004008763,6.43723681404363,56653U
2025-06-28T17:38:12.557284,-2657.2024357022015,-5854.158885074313,-2994.4310422952417,-2.4397813487070485,-2.3816634993427384,6.651996739110114,56653U
2025-06-28T17:39:12.557284,-2798.14831973932,-5985.194883685114,-2589.5462144768035,-2.2569574505707077,-1.984893358480496,6.8396313020516395,56653U
2025-06-28T17:40:12.557284,-2927.8569754442206,-6092.195004065031,-2174.2346379587702,-2.0653407337778478,-1.5807314612872492,6.999473916678349,56653U
2025-06-28T17:41:12.557284,-3045.8242677648223,-6174.764405216127,-1750.1810582331743,-1.8657146266354283,-1.1707985405395522,7.130969137247939,56653U
2025-06-28T17:42:12.557284,-3151.593896843495,-6232.605941156005,-1319.1001530472035,-1.658889453986088,-0.756729396507803,7.233673749677701,56653U
2025-06-28T17:43:12.557284,-3244.7589098685085,-6265.520810422837,-882.7297768725745,-1.4456991614959198,-0.340166651413824,7.30725742205615,56653U
2025-06-28T17:44:12.557284,-3324.963014935686,-6273.408832973121,-442.82418133734456,-1.2269979999185991,0.07724543210023374,7.351502918845966,56653U
2025-06-28T17:45:12.557284,-3391.901695236172,-6256.268359528515,-1.147237474119046,-1.0036571854962653,0.4938670411465559,7.366305886558282,56653U
2025-06-28T17:46:12.557284,-3445.3231228545496,-6214.195819998919,440.5343150328389,-0.7765615527570509,0.9080687849716215,7.351674222117984,56653U
2025-06-28T17:47:12.557284,-3485.028872413814,-6147.384919091271,880.4575672898052,-0.5466062157765843,1.3182375245297993,7.307727038520147,56653U
2025-06-28T17:48:12.557284,-3510.874435723698,-6056.125488578516,1316.8700660540123,-0.3146932534863112,1.7227820361501418,7.234693245586275,56653U
2025-06-28T17:49:12.557284,-3522.7695394611264,-5940.802006928402,1748.0363419544346,-0.08172843382645185,2.1201384885732955,7.1329097665606405,56653U
2025-06-28T17:50:12.557284,-3520.678268720253,-5801.891798057434,2172.2443203577327,0.15138200952174174,2.508775715407395,7.002819413843836,56653U
2025-06-28T17:51:12.557284,-3504.6190000025745,-5639.962921862369,2587.8115956296215,0.3837345354207755,2.88720026817094,6.844968449254737,56653U
2025-06-28T17:52:12.557284,-3474.6641478612037,-5455.671769879671,2993.091551086473,0.6144313777375754,3.2539612384663266,6.6600038557690695,56653U
2025-06-28T17:53:12.557284,-3430.939729959081,-5249.760379924293,3386.4793085277383,0.8425835428982769,3.6076548413781953,6.448670348644145,56653U
2025-06-28T17:54:12.557284,-3373.6247557410584,-5023.053483857545,3766.417492856874,1.067313715371714,3.946928755825695,6.211807154157606,56653U
2025-06-28T17:55:12.557284,-3302.9504442476145,-4776.455302734118,4131.401798895318,1.2877590659364764,4.270486221213727,5.950344583838335,56653U
2025-06-28T17:56:12.557284,-3219.1992768135788,-4510.946103486542,4479.986349036899,1.5030739596594123,4.577089893225377,5.665300431039646,56653U
2025-06-28T17:57:12.557284,-3122.7038904961582,-4227.578531029332,4810.788831850199,1.7124325625864623,4.865565464880679,5.3577762150020165,56653U
2025-06-28T17:58:12.557284,-3013.845818068331,-3927.4737292294394,5122.495413066908,1.9150313481531127,5.134805061944321,5.028953295209205,56653U
2025-06-28T17:59:12.557284,-2893.0540802995274,-3611.817263603607,5413.865411581171,2.1100915062134833,5.38377042431678,4.680088875888979,56653U
2025-06-28T18:00:12.557284,-2760.803636037484,-3281.8548579047065,5683.735734081323,2.296861259293824,5.611495887084414,4.312511917023259,56653U
2025-06-28T18:01:12.557284,-2617.6136953110317,-2938.887955965825,5931.02506273227,2.4746180921499215,5.817091176367153,3.927618964277402,56653U
2025-06-28T18:02:12.557284,-2464.0459003116143,-2584.2691193260166,6154.737790890313,2.6426709018867283,5.999744035905742,3.5268699059424753,56653U
2025-06-28T18:03:12.557284,-2300.702378694229,-2219.397270290955,6353.967702157547,2.800362076738312,6.158722700425423,3.111783660406279,56653U
2025-06-28T18:04:12.557284,-2128.2236731901667,-1845.7127892357325,6527.901388150287,2.9470695120553123,6.293378231147693,2.683933792966942,56653U
2025-06-28T18:05:12.557284,-1947.2865510611005,-1464.6924741640782,6675.8214001706265,3.08220857207483,6.403146727378203,2.2449440561019043,56653U
2025-06-28T18:06:12.557284,-1758.601696473948,-1077.84436985053,6797.109129529298,3.205234005618669,6.4875514258639875,1.7964838427637362,56653U
2025-06-28T18:07:12.557284,-1562.9112884606998,-686.7024733447564,6891.247410586703,3.3156418229650555,6.546204696604601,1.3402635380415449,56653U
2025-06-28T18:08:12.557284,-1360.9864667741247,-292.82132225496537,6957.822839674954,3.4129711397569653,6.5788099400548585,0.878029750766833,56653U
2025-06-28T18:09:12.557284,-1153.6246876847438,102.22952791097084,6996.527801965907,3.496805991952455,6.585163386233263,0.4115604035160372,56653U
2025-06-28T18:10:12.557284,-941.6469716116392,496.8711309488351,7007.162197095092,3.566777123509771,6.565155791236278,-0.057340342875841395,56653U
2025-06-28T18:11:12.557284,-725.895044466309,889.5208748953007,6989.63485298403,3.6225637457655346,6.518774021165838,-0.5268473555711246,56653U
2025-06-28T18:12:12.557284,-507.22837473573327,1278.5982971615126,6943.964615878038,3.663895264360728,6.446102507642843,-0.9951200123567924,56653U
2025-06-28T18:13:12.557284,-286.5211086606308,1662.5309812619723,6870.281103194326,3.690552966161909,6.347324553064692,-1.4603079253718094,56653U
2025-06-28T18:14:12.557284,-64.65890639206427,2039.7605251321177,6768.825104424766,3.7023716549992503,6.222723457751534,-1.9205569285075867,56653U
2025-06-28T18:15:12.557284,157.46431725265913,2408.748569280019,6639.948614132016,3.699241221295563,6.0726834353163905,-2.3740153475554933,56653U
2025-06-28T18:16:12.557284,378.94974285823815,2767.9828709379162,6484.114480095894,3.6811081269052432,5.897690277203828,-2.8188405673065584,56653U
2025-06-28T18:17:12.557284,598.897081556696,3115.9834079987836,6301.8956489865695,3.647976782843201,5.698331722593211,-3.253205903595615,56653U
2025-06-28T18:18:12.557284,816.4080881203716,3451.3084938727166,6093.973991643256,3.5999107941944906,5.475297485984012,-3.675307780781261,56653U
2025-06-28T18:19:12.557284,1030.5901432985327,3772.560881536829,5861.138690194702,3.5370340434946947,5.2293788919890725,-4.0833732064872015,56653U
2025-06-28T18:20:12.557284,1240.559894946688,4078.393832040576,5604.284169942284,3.4595315813983896,4.961468065365024,-4.475667525758716,56653U
2025-06-28T18:21:12.557284,1445.446945614045,4367.5171196489555,5324.407560193347,3.3676502916430473,4.672556624285305,-4.85050242633263,56653U
2025-06-28T18:22:12.557284,1644.3975722695666,4638.702942740902,5022.605670134369,3.261699296295873,4.363733826464345,-5.206244155734957,56653U
2025-06-28T18:23:12.557284,1836.5784618157245,4890.7917066381,4700.07146839233,3.142050067149082,4.03618412106949,-5.5413218997284135,56653U
2025-06-28T18:24:12.557284,2021.1804440088645,5122.6976418153,4358.090058169842,3.009136209996621,3.6911840644748177,-5.854236260561201,56653U
2025-06-28T18:25:12.557284,2197.422201445739,5333.414218557641,3998.0341437323777,2.8634528904404988,3.33009856480189,-6.143567762904924,56653U
2025-06-28T18:26:12.557284,2364.5539344405706,5522.019317178025,3621.358988559248,2.705555872873026,2.9543764288084216,-6.407985305677353,56653U
2025-06-28T18:27:12.557284,2521.860956985471,5687.6801115106855,3229.5968705651585,2.536060148348476,2.5655451948706496,-6.64625446953203,56653U
2025-06-28T18:28:12.557284,2668.66719861538,5829.657622636571,2824.351045392209,2.3556381321549082,2.165205247375124,-6.857245583010824,56653U
2025-06-28T18:29:12.557284,2804.338585953091,5947.3108997636455,2407.289234751579,2.1650174179344646,1.7550232205180567,-7.039941445543113,56653U
2025-06-28T18:30:12.557284,2928.2862770519932,6040.10078594671,1980.136663027834,1.9649780820500493,1.3367247129723858,-7.193444602926754,56653U
2025-06-28T18:31:12.557284,3039.9697214251855,6107.593227927043,1544.6686717147638,1.7563495393971134,0.9120863487621285,-7.3169840708575675,56653U
2025-06-28T18:32:12.557284,3138.899518895458,6149.462091827586,1102.7029475583,1.540006959807137,0.4829272335518022,-7.409921404640186,56653U
2025-06-28T18:33:12.557284,3224.6400511404004,6165.4914497436275,656.0914063848289,1.3168672623631803,0.051099868992319775,-7.471756018464389,56653U
2025-06-28T18:34:12.557284,3296.811861054986,6155.577306389932,206.7117803120237,1.0878847130961289,-0.38151939968951726,-7.502129665531846,56653U
2025-06-28T18:35:12.557284,3355.093756801855,6119.728739837423,-243.54103878606662,0.8540461593993636,-0.8130403164362039,-7.500830000724851,56653U
2025-06-28T18:36:12.557284,3399.224619644574,6058.068435905029,-692.7638422073951,0.6163659418358965,-1.2415689314861582,-7.467793160181768,56653U
2025-06-28T18:37:12.557284,3429.0048973239955,5970.832601849939,-1139.0540727551731,0.37588053056535675,-1.6652179994576246,-7.403105306751762,56653U
2025-06-28T18:38:12.557284,3444.2977677853537,5858.370251483152,-1580.5188547971582,0.13364293917277942,-2.0821174498206885,-7.307003106426489,56653U
2025-06-28T18:39:12.557284,3445.02996142632,5721.141860575321,-2015.2840207151785,-0.10928302695163067,-2.4904248185661153,-7.179873118009862,56653U
2025-06-28T18:40:12.557284,3431.19223363453,5559.717398243214,-2441.5030678468393,-0.3518286275036139,-2.8883355298906297,-7.022250095959078,56653U
2025-06-28T18:41:12.557284,3402.8394831274286,5374.7737467544985,-2857.365980556291,-0.5929260876462717,-3.2740929193508963,-6.8348142239608505,56653U
2025-06-28T18:42:12.557284,3360.0905154058773,5167.091528689418,-3261.107853695954,-0.8315144799735742,-3.645997895106482,-6.618387313843626,56653U
2025-06-28T18:43:12.557284,3303.127454390902,4937.551366499318,-3651.017256371832,-1.0665455274745725,-4.002418141371939,-6.373928020345633,56653U
2025-06-28T18:44:12.557284,3232.1948089398707,4687.129605058418,-4025.4442785238157,-1.296989269633524,-4.341796777756719,-6.1025261365782315,56653U
2025-06-28T18:45:12.557284,3147.5982043487866,4416.893532705366,-4382.808207246538,-1.5218395377745881,-4.662660399417579,-5.805396047343976,56653U
2025-06-28T18:46:12.557284,3049.7027920673245,4127.996140413515,-4721.604784881464,-1.740119190830523,-4.963626435481761,-5.4838694274617845,56653U
2025-06-28T18:47:12.557284,2938.9313536206396,3821.6704620567366,-5040.413006535249,-1.9508850686673394,-5.243409776555984,-5.139387279705582,56653U
2025-06-28T18:48:12.557284,2815.762117099085,3499.223541210666,-5337.901420664923,-2.1532326267031143,-5.500828635856834,-4.773491411759486,56653U
2025-06-28T18:49:12.557284,2680.7263065144552,3162.0300715522494,-5612.833902537121,-2.34630022256297,-5.734809622112329,-4.387815453738928,56653U
2025-06-28T18:50:12.557284,2534.4054458134265,2811.5257587125802,-5864.074876559538,-2.5292730326661816,-5.944392015464878,-3.984075517418882,56653U
2025-06-28T18:51:12.557284,2377.4284403897373,2449.2004514590044,-6090.5939695364605,-2.701386583695384,-6.128731249757172,-3.564060595555686,56653U
2025-06-28T18:52:12.557284,2210.468459561079,2076.5910894016743,-6291.470082686274,-2.861929890630044,-6.287101615483201,-3.1296227948631596,56653U
2025-06-28T18:53:12.557284,2034.2396437099153,1695.2745131387342,-6465.894875655476,-3.010248199235803,-6.418898207076623,-2.6826674896643476,56653U
2025-06-28T18:54:12.557284,1849.4936596669322,1306.860180970867,-6613.17566068995,-3.1457453364310437,-6.523638145922561,-2.225143475369064,56653U
2025-06-28T18:55:12.557284,1657.0161274941984,912.9828341459594,-6732.737709512393,-3.267885676680794,-6.600961116423441,-1.7590331921456241,56653U
2025-06-28T18:56:12.557284,1457.6229411591132,515.2951501554709,-6824.125979271903,-3.3761957364193016,-6.65062925661893,-1.2863430798834117,56653U
2025-06-28T18:57:12.557284,1252.1565047335007,115.46042099523747,-6887.0062671725,-3.4702654114491045,-6.672526447326718,-0.8090941161711386,56653U
2025-06-28T18:58:12.557284,1041.4819047661372,-284.85470936526275,-6921.16580606431,-3.549748874314074,-6.666657044668581,-0.32931257991878937,56653U
2025-06-28T18:59:12.557284,826.4830384115439,-683.9874167097452,-6926.513315433635,-3.6143651498482434,-6.633144100367931,0.15097892526510417,56653U
2025-06-28T19:00:12.557284,608.0587158063695,-1080.2857484494793,-6903.078523907918,-3.663898387541591,-6.572227112582712,0.6297701614997175,56653U
2025-06-28T19:01:12.557284,387.11875409970344,-1472.1155290022439,-6851.0111806652885,-3.6981978491490124,-6.484259347528026,1.105071641077469,56653U
2025-06-28T19:02:12.557284,164.5800795097098,-1857.8670942378535,-6770.5795740764415,-3.717177629219481,-6.369704769015919,1.574922690644802,56653U
2025-06-28T19:03:12.557284,-58.63714719041565,-2235.961832555734,-6662.168576586025,-3.7208161250793013,-6.229134609559685,2.0373991851527737,56653U
2025-06-28T19:04:12.557284,-281.6133672385066,-2604.8585119467966,-6526.277235332805,-3.7091552714006646,-6.063223613105645,2.4906209447518157,56653U
2025-06-28T19:05:12.557284,-503.43340877418905,-2963.0593739698816,-6363.515928382973,-3.6822995529583196,-5.872745975991591,2.9327587898359413,56653U
2025-06-28T19:06:12.557284,-723.1902070320359,-3309.1159769725878,-6174.603106766084,-3.6404148076454503,-5.65857100957265,3.3620412504940647,56653U
2025-06-28T19:07:12.557284,-939.9884474340201,-3641.6347721246393,-5960.361642810854,-3.583726830391945,-5.421658545254319,3.7767609268400473,56653U
2025-06-28T19:08:12.557284,-1152.9481197312425,-3959.2823969574424,-5721.71480561198,-3.5125197873901,-5.163054100528597,4.175280496263245,56653U
2025-06-28T19:09:12.557284,-1361.20797184137,-4260.7906721413165,-5459.681884849606,-3.427134449053462,-4.883883823090142,4.556038362744879,56653U
2025-06-28T19:10:12.557284,-1563.9288524936244,-4544.961288233981,-5175.373484637361,-3.3279662494548785,-4.585349229227417,4.917553942232567,56653U
2025-06-28T19:11:12.557284,-1760.2969322419515,-4810.670170127093,-4869.986509599215,-3.2154631796340767,-4.2687217524252326,5.25843257683135,56653U
2025-06-28T19:12:12.557284,-1949.5267928616042,-5056.87150794048,-4544.7988659580315,-3.0901235221330015,-3.9353371184236083,5.5773700694331065,56653U
2025-06-28T19:13:12.557284,-2130.864375620956,-5282.60144419134,-4201.163901043564,-2.9524934343908313,-3.5865895637747633,5.87315682951315,56653U
2025-06-28T19:14:12.557284,-2303.5897794336843,-5486.981408217648,-3840.5046052726348,-2.803164389177811,-3.223925916125713,6.144681620293966,56653U
2025-06-28T19:15:12.557284,-2467.01990046259,-5669.22109007983,-3464.307601283585,-2.6427704810175108,-2.84883955590563,6.390934897408203,56653U
2025-06-28T19:16:12.557284,-2620.510905365239,-5828.621047497823,-3074.116945504241,-2.471985608490853,-2.4628642807075924,6.611011729633185,56653U
2025-06-28T19:17:12.557284,-2763.460531059423,-5964.574940814491,-2671.5277679455976,-2.2915205433616515,-2.067568095278339,6.804114293261187,56653U
2025-06-28T19:18:12.557284,-2895.310204633095,-6076.571392488498,-2258.1797764313214,-2.1021198985557747,-1.664546951568548,6.969553933194726,56653U
2025-06-28T19:19:12.557284,-3015.546977832129,-6164.195469205448,-1835.7506517567112,-1.9045590080945183,-1.255418464628147,7.1067527858934545,56653U
2025-06-28T19:20:12.557284,-3123.705271423272,-6227.129786332631,-1405.9493603953174,-1.6996407330657521,-0.84181563115876,7.215244961792662,56653U
2025-06-28T19:21:12.557284,-3219.368425636335,-6265.155236104992,-970.5094113260517,-1.4881922085605737,-0.42538057818637665,7.294677287684031,56653U
2025-06-28T19:22:12.557284,-3302.1700538304053,-6278.151342594578,-531.182083315863,-1.2710615471553592,-0.007758369520165686,7.3448096127107965,56653U
2025-06-28T19:23:12.557284,-3371.7951974881266,-6266.096248152321,-89.72964856299075,-1.0491145149419836,0.4094091026175025,7.365514684976564,56653U
2025-06-28T19:24:12.557284,-3427.981281605432,-6229.06633759307,352.08138202591624,-0.8232311962673029,0.8244891141997772,7.356777609192028,56653U
2025-06-28T19:25:12.557284,-3470.5188704947527,-6167.235507892008,792.4869674716045,-0.5943026632197893,1.2358639689575182,7.318694899172689,56653U
2025-06-28T19:26:12.557284,-3499.2522249424405,-6080.874092548488,1229.732175821667,-0.36322766548260393,1.6419366974145246,7.251473142243012,56653U
2025-06-28T19:27:12.557284,-3514.079662539029,-5970.347451026446,1662.077731432103,-0.13090935545969884,2.0411365741836085,7.155427295590853,56653U
2025-06-28T19:28:12.557284,-3514.9537238201556,-5836.1142347779905,2087.80644946413,0.1017479374180301,2.431924434998078,7.030978637250661,56653U
2025-06-28T19:29:12.557284,-3501.881147601285,-5678.724342281086,2505.2295380606347,0.3338418705649778,2.8127977779907933,6.878652396585246,56653U
2025-06-28T19:30:12.557284,-3474.9226595497703,-5498.816576259831,2912.692750188963,0.5644751791556245,3.1822956370499105,6.699075090807047,56653U
2025-06-28T19:31:12.557284,-3434.1925786019397,-5297.116016798148,3308.5823687178986,0.7927586846571181,3.539003218591543,6.492971595167068,56653U
2025-06-28T19:32:12.557284,-3379.8582462941,-5074.4311243999855,3691.331009901695,1.0178142134291053,3.881556296701752,6.261161974895735,56653U
2025-06-28T19:33:12.557284,-3312.1392844253483,-4831.650587186415,4059.4232320489436,1.2387774198366253,4.208645365225849,6.004558106766469,56653U
2025-06-28T19:34:12.557284,-3231.3066867146663,-4569.739926390435,4411.400937669864,1.454800510357073,4.519019548873772,5.724160117291157,56653U
2025-06-28T19:35:12.557284,-3137.6817502285817,-4289.737874032466,4745.868558936031,1.6650548672688301,4.811490278797595,5.421052662953287,56653U
2025-06-28T19:36:12.557284,-3031.634852384735,-3992.752536311109,5061.498017555094,1.8687335724735865,5.084934741046701,5.096401075731719,56653U
2025-06-28T19:37:12.557284,-2913.5840792353947,-3679.957355650968,5357.0334514411,2.0650538339538884,5.3382991090010865,4.751447394302938,56653U
2025-06-28T19:38:12.557284,-2783.993710552243,-3352.5868836940667,5631.29570156363,2.2532593190909567,5.57060157300399,4.38750629795386,56653U
2025-06-28T19:39:12.557284,-2643.3725669588725,-3011.932376747622,5883.186553198774,2.4326224005897643,5.780935182003081,4.005960956378691,56653U
2025-06-28T19:40:12.557284,-2492.2722240104654,-2659.337224366148,6111.692726416025,2.6024463219977756,5.968470512951244,3.6082588042892576,56653U
2025-06-28T19:41:12.557284,-2331.2850977178787,-2296.1922208865512,6315.889611003826,2.7620672907100396,6.132458183955737,3.1959072452482014,56653U
2025-06-28T19:42:12.557284,-2161.0424055718418,-1923.9306888819306,6494.94474115689,2.9108565068846746,6.272231226656951,2.7704692844525134,56653U
2025-06-28T19:43:12.557284,-1982.2120066667894,-1544.0234627015304,6648.121005110447,3.0482221368057822,6.387207332029382,2.3335590854955854,56653U
2025-06-28T19:44:12.557284,-1795.4961240725968,-1157.9737395563948,6774.779584516234,3.1736112388968665,6.476890981721518,1.886837441558796,56653U
2025-06-28T19:45:12.557284,-1601.6289521808878,-767.311805033797,6874.3826177217425,3.286511649785839,6.540875474195539,1.4320071471819205,56653U
2025-06-28T19:46:12.557284,-1401.3741513909886,-373.5896395319323,6946.495580250745,3.386453836538303,6.578844851321867,0.9708082529096581,56653U
2025-06-28T19:47:12.557284,-1195.5222322156806,21.624588081350026,6990.7893747250255,3.4730127194188243,6.590575726789612,0.5050131818461783,56653U
2025-06-28T19:48:12.557284,-984.88783071477,416.7521332071838,7007.042121239736,3.545809467319184,6.575939012786567,0.036421684655773216,56653U
2025-06-28T19:49:12.557284,-770.3068771233627,810.2093879175426,6995.140637858416,3.604513265345487,6.534901535993042,-0.4331443920397357,56653U
2025-06-28T19:50:12.557284,-552.6336596565927,1200.4136856197324,6955.081599477435,3.6488430510270518,6.467527528152613,-0.9018465494542256,56653U
2025-06-28T19:51:12.557284,-332.7377857680738,1585.7891895789264,6886.972361884304,3.678569212263805,6.373979970487036,-1.367835317567512,56653U
2025-06-28T19:52:12.557284,-111.50104362473651,1964.772855556818,6791.031436466667,3.6935152365461086,6.254521765190612,-1.8292561962405272,56653U
2025-06-28T19:53:12.557284,110.18583273909427,2335.8204571313327,6667.588599792985,3.693559297255375,6.109516701371352,-2.284255876314492,56653U
2025-06-28T19:54:12.557284,331.4264902171633,2697.4126602491683,6517.084621256525,3.6786357590982846,5.939430177312335,-2.730988755893514,56653U
2025-06-28T19:55:12.557284,551.3223698726567,3048.0611312268916,6340.070591234126,3.6487365810610113,5.7448296360352105,-3.1676237610389775,56653U
2025-06-28T19:56:12.557284,768.9761997834836,3386.3146598148637,6137.206831836445,3.6039125918271275,5.52638466707983,-3.592351472843075,56653U
2025-06-28T19:57:12.557284,983.4955591104527,3710.7652761064846,5909.261372394716,3.54427460952012,5.284866724396434,-4.003391554385921,56653U
2025-06-28T19:58:12.557284,1193.9965032942575,4020.0543370838604,5657.107972411061,3.469994375049108,5.021148408485165,-4.399000461580365,56653U
2025-06-28T19:59:12.557284,1399.6072384273093,4312.878555511461,5381.7236758563,3.3813052663906777,4.736202260602608,-4.777479411573048,56653U
2025-06-28T20:00:12.557284,1599.4718308811434,4587.995940811913,5084.1858824799465,3.278502759959444,4.431099018139839,-5.137182571458435,56653U
2025-06-28T20:01:12.557284,1792.753936244154,4844.23161857928,4765.668924235708,3.161944604917408,4.10700528327745,-5.4765254188734565,56653U
2025-06-28T20:02:12.557284,1978.640529593876,5080.483492609697,4427.440138035745,3.032050676941956,3.765180561803792,-5.793993214913324,56653U
2025-06-28T20:03:12.557284,2156.345617147611,5295.72771086256,4070.855429829423,2.8893024796827143,3.4069736355587845,-6.088149519104347,56653U
2025-06-28T20:04:12.557284,2325.113907477985,5489.023894727029,3697.354329415374,2.734242264921139,3.0338182402689227,-6.357644666284343,56653U
2025-06-28T20:05:12.557284,2484.224418802669,5659.520089451756,3308.454540401626,2.567471746309485,2.647228030463257,-6.601224116544098,56653U
2025-06-28T20:06:12.557284,2632.993997431639,5806.457392708368,2905.7459952423246,2.3896503864664806,2.248790824508361,-6.817736582259287,56653U
2025-06-28T20:07:12.557284,2770.7807213470774,5929.174218086539,2490.884431195236,2.2014932430656065,1.8401621353116482,-7.0061418310361,56653U
2025-06-28T20:08:12.557284,2896.9871621515567,6027.110150924139,2065.584509254756,2.0037683662547563,1.4230580056169229,-7.1655180603948985,56653U
2025-06-28T20:09:12.557284,3011.0634783089035,6099.809355318051,1631.6125044601856,1.7972937471279093,0.9992471806664016,-7.295068739474991,56653U
2025-06-28T20:10:12.557284,3112.510312752722,6146.92349345723,1190.7786023174388,1.5829338248436364,0.5705426649360972,-7.394128815112079,56653U
2025-06-28T20:11:12.557284,3200.881468582219,6168.2141215726915,744.9288422309683,1.3615955681271594,0.13879272322391645,-7.462170184397947,56653U
2025-06-28T20:12:12.557284,3275.7863377147414,6163.554530778125,295.9367546481535,1.1342241550568832,-0.2941286008639204,-7.498806343257287,56653U
2025-06-28T20:13:12.557284,3336.892059015881,6132.931005819786,-154.30525608314852,0.9017982829743229,-0.7263313644446521,-7.503796130543434,56653U
2025-06-28T20:14:12.557284,3383.925384563124,6076.443480181605,-603.8947265220988,0.6653251478052916,-1.15591990843253,-7.477046499446374,56653U
2025-06-28T20:15:12.557284,3416.6742352814867,5994.305571986568,-1050.92808618176,0.42583513879327195,-1.5810032417857705,-7.418614262301376,56653U
2025-06-28T20:16:12.557284,3434.9889301651674,5886.843991566103,-1493.509683508165,0.1843763004039146,-1.9997055189457658,-7.32870677078527,56653U
2025-06-28T20:17:12.557284,3438.7830766054617,5754.497318282357,-1929.7608206376708,-0.05799138224364746,-2.4101764993862163,-7.207681510518214,56653U
2025-06-28T20:18:12.557284,3428.034112900487,5597.814151022805,-2357.8287310043315,-0.30020181477066515,-2.810601877699713,-7.056044606730956,56653U
2025-06-28T20:19:12.557284,3402.7834977427,5417.450643570995,-2775.895434208796,-0.5411886802376755,-3.1992133748088225,-6.874448255359196,56653U
2025-06-28T20:20:12.557284,3363.1365452708046,5214.1674426285135,-3182.186403984307,-0.7798913192188875,-3.5742984856020334,-6.663687111137149,56653U
2025-06-28T20:21:12.557284,3309.2619080417376,4988.826052458233,-3574.978987570899,-1.0152605423805323,-3.9342097853992204,-6.424693680444443,56653U
2025-06-28T20:22:12.557284,3241.39071393222,4742.384655797818,-3952.6105182400865,-1.2462643171487735,-4.277373706866407,-6.1585327813294155,56653U
2025-06-28T20:23:12.557284,3159.815366432767,4475.893425726897,-4313.486066997681,-1.4718932738016497,-4.602298709989976,-5.866395145860652,56653U
2025-06-28T20:24:12.557284,3064.888020973491,4190.489367471101,-4656.085784480986,-1.691165981190003,-4.907582780067857,-5.549590250417978,56653U
2025-06-28T20:25:12.557284,2957.0187527544776,3887.3907326066706,-4978.971789623958,-1.9031339480977478,-5.191920201950226,-5.209538467470648,56653U
2025-06-28T20:26:12.557284,2836.6734339972472,3567.8910507729197,-5280.794567592956,-2.1068863127422186,-5.454107572470673,-4.8477626376939655,56653U
2025-06-28T20:27:12.557284,2704.371340549667,3233.352825774603,-5560.29884565747,-2.3015541898642238,-5.69304902671323,-4.465879163901039,56653U
2025-06-28T20:28:12.557284,2560.6825093511284,2885.2009439011804,-5816.328921862729,-2.4863146519952513,-5.907760666996597,-4.065588728316625,56653U
2025-06-28T20:29:12.557284,2406.2248693955357,2524.9158424469197,-6047.833427468495,-2.6603943285755713,-6.09737419583507,-3.6486667323722846,56653U
2025-06-28T20:30:12.557284,2241.661169530809,2154.0264858543464,-6253.869509970338,-2.8230726134025064,-6.2611397653150105,-3.216953553722849,56653U
2025-06-28T20:31:12.557284,2067.695726736021,1774.103195721811,-6433.606429001413,-2.9736844772055226,-6.398428065033547,-2.7723447089187743,56653U
2025-06-28T20:32:12.557284,1885.0710184572695,1386.7503792084826,-6586.328562437265,-3.111622887811303,-6.508731678799662,-2.3167810024926916,56653U
2025-06-28T20:33:12.557284,1694.5641422154483,993.5991982608099,-6711.437824518723,-3.2363408452447553,-6.591665746585874,-1.8522387345586648,56653U
2025-06-28T20:34:12.557284,1496.9831650714243,596.3002196745465,-6808.455501736729,-3.3473530431321605,-6.646967972727005,-1.3807200297836206,56653U
2025-06-28T20:35:12.557284,1293.163384708668,196.5160834142548,-6877.023515569927,-3.4442371708885373,-6.674498024141337,-0.9042433411868885,56653U
2025-06-28T20:36:12.557284,1083.9635229266714,-204.0857760602383,-6916.905123944502,-3.526634873386065,-6.674236363526564,-0.42483417302757565,56653U
2025-06-28T20:37:12.557284,870.2618712831738,-603.8403233775746,-6927.985075530186,-3.594252386158162,-6.646282562240891,0.05548394162901056,56653U
2025-06-28T20:38:12.557284,652.9524075307381,-1001.0920012474144,-6910.269232746301,-3.6468608647698115,-6.590853136142833,0.5346981809446764,56653U
2025-06-28T20:39:12.557284,432.9409004052869,-1394.201667799016,-6863.883680690036,-3.6842964268815455,-6.50827894528725,1.0108148710927367,56653U
2025-06-28T20:40:12.557284,211.14101927624776,-1781.553367456809,-6789.073340188649,-3.706459924874844,-6.3990021953273155,1.4818676046883943,56653U
2025-06-28T20:41:12.557284,-11.529535816435697,-2161.560912592021,-6686.200103891606,-3.7133164658244326,-6.263573075019837,1.9459250303168643,56653U
2025-06-28T20:42:12.557284,-234.15286911315565,-2532.6742550176227,-6555.740514832686,-3.7048946942346674,-6.102646060628341,2.401098305976518,56653U
2025-06-28T20:43:12.557284,-455.81467525976694,-2893.3856280165696,-6398.283007274755,-3.6812858514377593,-5.916975914493569,2.8455482114994775,56653U
2025-06-28T20:44:12.557284,-675.6079635128314,-3242.235441022913,-6214.524729963383,-3.6426426240056644,-5.70741340178987,3.2774919162394656,56653U
2025-06-28T20:45:12.557284,-892.636707566419,-3577.817910344339,-6005.26797221067,-3.5891777920641488,-5.4749007466652015,3.695209398680433,56653U
2025-06-28T20:46:12.557284,-1106.0194091038406,-3898.7864104540313,-5771.41621354911,-3.5211626871097157,-5.220466846686194,4.097049514290866,56653U
2025-06-28T20:47:12.557284,-1314.8925636840404,-4203.85853143248,-5513.969818062113,-3.4389254678868126,-4.945222262845677,4.481435707124336,56653U
2025-06-28T20:48:12.557284,-1518.4140180383783,-4491.820829138489,-5234.021394932241,-3.3428492221340527,-4.650354001369527,4.846871359534579,56653U
2025-06-28T20:49:12.557284,-1715.766208302306,-4761.533255678232,-4932.75084724953,-3.2333699015783144,-4.3371201031661455,5.191944773131304,56653U
2025-06-28T20:50:12.557284,-1906.1592691538738,-5011.933258747959,-4611.420131688902,-3.1109740974521887,-4.006844056953913,5.515333772917725,56653U
2025-06-28T20:51:12.557284,-2088.8340042992236,-5242.039539486644,-4271.367752275464,-2.9761966640159643,-3.6609090527981953,5.815809925585686,56653U
2025-06-28T20:52:12.557284,-2263.064709244851,-5450.955459602272,-3914.003012094974,-2.8296181980534834,-3.300752093900505,6.092242362315907,56653U
2025-06-28T20:53:12.557284,-2428.161837845453,-5637.872089753312,-3540.800047438657,-2.671862383033815,-2.9278579858874387,6.343601196246713,56653U
2025-06-28T20:54:12.557284,-2583.4745047200927,-5802.070892476553,-3153.291669470909,-2.5035932075363876,-2.543753224429899,6.568960525093641,56653U
2025-06-28T20:55:12.557284,-2728.39281629592,-5942.9260343569085,-2753.063039041053,-2.325512068562983,-2.1499998036565198,6.767501010261735,56653U
2025-06-28T20:56:12.557284,-2862.3500239672962,-6059.90632362475,-2341.7452006991016,-2.138354771443678,-1.7481889693928383,6.93851202519231,56653U
2025-06-28T20:57:12.557284,-2984.82449364903,-6152.576770932135,-1921.008502284826,-1.9428884391171772,-1.339934942640619,7.081393367606697,56653U
2025-06-28T20:58:12.557284,-3095.3414868482632,-6220.599772678542,-1492.555926622809,-1.739908344570606,-0.9268686398172327,7.195656532695095,56653U
2025-06-28T20:59:12.557284,-3193.47474927216,-6263.735917909677,-1058.1163618457106,-1.5302346810984324,-0.510631417012779,7.280925547083432,56653U
2025-06-28T21:00:12.557284,-3278.8479039160043,-6281.844421472371,-619.4378366770234,-1.3147092857377967,-0.09286886583300315,7.336937366503373,56653U
2025-06-28T21:01:12.557284,-3351.1356465273198,-6274.883187747761,-178.28074661369195,-1.094192331710586,0.324775311777779,7.363541843394238,56653U
2025-06-28T21:02:12.557284,-3410.064742298008,-6242.908510874591,263.5889036326394,-0.8695590059232139,0.7406653230135327,7.360701274068327,56653U
2025-06-28T21:03:12.557284,-3455.414823585551,-6186.074418887072,704.4062168540027,-0.6416961875163169,1.1531791724527005,7.328489538464605,56653U
2025-06-28T21:04:12.557284,-3487.0189893883626,-6104.631670600365,1142.4140556039301,-0.41149914310583957,1.5607143952358162,7.267090848786102,56653U
2025-06-28T21:05:12.557284,-3504.764208183674,-5998.926415356208,1575.8696075025364,-0.17986825371315818,1.9616936134997502,7.176798126356392,56653U
2025-06-28T21:06:12.557284,-3508.591526564215,-5869.398526870189,2003.05084237463,0.052294212549834254,2.354569896985351,7.058011028738453,56653U
2025-06-28T21:07:12.557284,-3498.496086867848,-5716.5796233822275,2422.2628414074366,0.2840872691762686,2.737831911692824,6.911233651444229,56653U
2025-06-28T21:08:12.557284,-3474.52695766981,-5541.090787088625,2831.843980013114,0.5146143099238334,3.1100088437131865,6.737071930343995,56653U
2025-06-28T21:09:12.557284,-3436.786781589978,-5343.639996416201,3230.1719476458593,0.7429861276826049,3.4696750888315404,6.536230772095176,56653U
2025-06-28T21:10:12.557284,-3385.431245348325,-5125.019285085405,3615.669589414634,0.9683238456255366,3.81545470208244,6.309510940501467,56653U
2025-06-28T21:11:12.557284,-3320.6683773751147,-4886.101642094049,3986.8105559278,1.1897617546765693,4.146025605054056,6.057805726646551,56653U
2025-06-28T21:12:12.557284,-3242.7576785436236,-4627.837666742878,4342.124749362425,1.4064500533671636,4.460123552279302,5.782097429905001,56653U
2025-06-28T21:13:12.557284,-3152.009091743356,-4351.251992633083,4680.203555227299,1.6175574882051615,4.756545861411473,5.4834536755221635,56653U
2025-06-28T21:14:12.557284,-3048.781816049254,-4057.439494196953,4999.704850669974,1.8222738947038177,5.0341549149767015,5.163023592380534,56653U
2025-06-28T21:15:12.557284,-2933.4829711758052,-3747.561288807099,5299.357781410513,2.0198126411430617,5.291881444207756,4.822033871880547,56653U
2025-06-28T21:16:12.557284,-2806.566117738447,-3422.840546862492,5577.967300452586,2.2094129789081847,5.528727607715312,4.461784725604796,56653U
2025-06-28T21:17:12.557284,-2668.5296385905312,-3084.5581215010443,5834.418462594051,2.3903423048129593,5.743769879452456,4.083645755679973,56653U
2025-06-28T21:18:12.557284,-2519.914986174544,-2734.048008771345,6067.6804694113525,2.561898342107551,5.9361617615013555,3.6890517475901423,56653U
2025-06-28T21:19:12.557284,-2361.3048004364573,-2372.6926482414615,6276.810459809981,2.7234112478468,6.105136337595604,3.2794983907288144,56653U
2025-06-28T21:20:12.557284,-2193.3209014224194,-2001.9180731739516,6460.957041399724,2.874245654901099,6.250008682934186,2.8565379273315763,56653U
2025-06-28T21:21:12.557284,-2016.6221602242613,-1623.1889185859113,6619.363557868284,3.0138026570926506,6.370178144714653,2.4217747257302484,56653U
2025-06-28T21:22:12.557284,-1831.902251490461,-1238.003294789381,6751.371087184995,3.1415217456978417,6.465130505893759,1.9768607692657154,56653U
2025-06-28T21:23:12.557284,-1639.88729029501,-847.8875334095688,6856.421164879131,3.256882704850757,6.534440041981064,1.5234910478399288,56653U
2025-06-28T21:24:12.557284,-1441.333355781791,-454.39081244612174,6934.05822582097,3.359407472200118,6.577771477212638,1.0633988351346544,56653U
2025-06-28T21:25:12.557284,-1237.0239037054855,-59.07966672086997,6983.931756910809,3.448661969511089,6.594881842286953,0.5983508311430357,56653U
2025-06-28T21:26:12.557284,-1027.767069795306,336.46760992189127,7005.798151886491,3.524257905779317,6.585622231051309,0.13014214700572052,56653U
2025-06-28T21:27:12.557284,-814.3928658010319,730.666663995014,6999.522258135239,3.5858545528645718,6.54993944820573,-0.3394088926289643,56653U
2025-06-28T21:28:12.557284,-597.7502701668022,1121.9328760493897,6965.078603990706,3.6331604906999133,6.487877534369818,-0.8084661552459333,56653U
2025-06-28T21:29:12.557284,-378.70421553498164,1508.6872404425792,6902.552293570212,3.665935315850859,6.3995791488882015,-1.2751813392304114,56653U
2025-06-28T21:30:12.557284,-158.13247573476838,1889.3623216975584,6812.139554825996,3.6839913036614242,6.285286784708387,-1.7376998692243153,56653U
2025-06-28T21:31:12.557284,63.077544437045844,2262.408276334751,6694.147925219091,3.6871950105270614,6.145343783744078,-2.194167068558113,56653U
2025-06-28T21:32:12.557284,284.0321124633962,2626.298927095237,6548.996058353406,3.675468799080864,5.980195115552128,-2.642734624891139,56653U
2025-06-28T21:33:12.557284,503.83455911817896,2979.5378742001,6377.213134107402,3.648792265392771,5.7903878771204695,-3.0815673594871082,56653U
2025-06-28T21:34:12.557284,721.5887506763452,3320.664625728348,6179.437854353818,3.6072035437899737,5.576571467319077,-3.508850303520727,56653U
2025-06-28T21:35:12.557284,936.4026342590971,3648.260726402364,5956.417006338516,3.550800461747509,5.339497386326491,-3.92279607656496,56653U
2025-06-28T21:36:12.557284,1147.391846569424,3960.9558610975105,5709.0035762722655,3.4797415146120856,5.080018608327016,-4.321652553083026,56653U
2025-06-28T21:37:12.557284,1353.6833744408555,4257.433906319148,5438.154396736602,3.394246627845811,4.799088475169888,-4.703710792546689,56653U
2025-06-28T21:38:12.557284,1554.4192536777614,4536.438899804266,5144.927313165395,3.2945976731396382,4.497759059651245,-5.067313197974084,56653U
2025-06-28T21:39:12.557284,1748.7602906462694,4796.780895390239,4830.4778569834025,3.181138704268266,4.177178949756138,-5.410861856503612,56653U
2025-06-28T21:40:12.557284,1935.889789045136,5037.341667470919,4496.055415967736,3.0542758790331512,3.8385904096430328,-5.732827004450073,56653U
2025-06-28T21:41:12.557284,2115.017262291478,5257.080226821223,4142.9988960614155,2.914477035145333,3.4833258794035546,-6.031755548464143,56653U
2025-06-28T21:42:12.557284,2285.382110074018,5455.038107442518,3772.7318731683235,2.7622708904727014,3.112803783624615,-6.30627956434104,56653U
2025-06-28T21:43:12.557284,2446.257235907608,5630.344382452355,3386.7572383694883,2.5982458417318193,2.728523628432699,-6.5551246860616805,56653U
2025-06-28T21:44:12.557284,2596.952581049947,5782.220366032857,2986.6513454227556,2.423048340403248,2.332060377807302,-6.777118290203976,56653U
2025-06-28T21:45:12.557284,2736.8185489633097,5909.983958132763,2574.0576752740203,2.2373808303314604,1.9250581122977468,-6.97119737525852,56653U
2025-06-28T21:46:12.557284,2865.249293695318,6013.053589079372,2150.6800384691073,2.0419992380124783,1.5092229865290905,-7.136416031955765,56653U
2025-06-28T21:47:12.557284,2981.6858451522053,6090.951722536925,1718.275342703084,1.8377100138362208,1.0863155157088618,-7.271952399690426,56653U
2025-06-28T21:48:12.557284,3085.619044301787,6143.307877390072,1278.645959092709,1.6253667303363046,0.6581422353118082,-7.377115005709385,56653U
2025-06-28T21:49:12.557284,3176.5922618879185,6169.861132127526,833.6317269767085,1.405866251605515,0.22654679182701887,-7.451348387986888,56653U
2025-06-28T21:50:12.557284,3254.203875293075,6170.462079137194,385.1016429312694,1.1801444962044039,-0.20659946458074185,-7.494237909657175,56653U
2025-06-28T21:51:12.557284,3318.1094797384,6145.074200938155,-65.05471489349372,0.9491718238884812,-0.6394073028138842,-7.505513682393092,56653U
2025-06-28T21:52:12.557284,3368.023812056708,6093.774645691992,-514.9359712607447,0.7139480840279075,-1.0699797560719302,-7.485053528016654,56653U
2025-06-28T21:53:12.557284,3403.7223677686166,6016.754385244664,-962.6378873159933,0.4754973704675882,-1.496422488328835,-7.432884921594639,56653U
2025-06-28T21:54:12.557284,3425.042695097987,5914.317745320452,-1406.2623801521959,0.23486253351612732,-1.916854274768363,-7.349185874928006,56653U
2025-06-28T21:55:12.557284,3431.8853528057066,5786.881304174272,-1843.9265635260485,-0.006900495414955349,-2.32941748528697,-7.234284736223632,56653U
2025-06-28T21:56:12.557284,3424.214522233152,5634.972162844093,-2273.7717438107534,-0.24872850745757355,-2.732288459196958,-7.088658899329253,56653U
2025-06-28T21:57:12.557284,3402.058267637996,5459.225596962693,-2693.972305405862,-0.489556887010686,-3.123687660936214,-6.912932433666752,56653U
2025-06-28T21:58:12.557284,3365.5084426854814,5260.382106723523,-3102.744421048622,-0.7283254876435692,-3.501889510844202,-6.707872663364681,56653U
2025-06-28T21:59:12.557284,3314.720244734448,5039.283887879938,-3498.35452476777,-0.9639844520681461,-3.865231791761088,-6.474385740520109,56653U
2025-06-28T22:00:12.557284,3249.9114222344256,4796.870752449345,-3879.1274884873437,-1.1954999172683394,-4.212124541071486,-6.213511272519092,56653U
2025-06-28T22:01:12.557284,3171.3611440475247,4534.175532979379,-4243.45444740864,-1.4218595493740445,-4.541058348505799,-5.926416076492649,56653U
2025-06-28T22:02:12.557284,3079.408542730562,4252.319008647132,-4589.800224230982,-1.6420778575712578,-4.850611992216597,-5.614387144860619,56653U
2025-06-28T22:03:12.557284,2974.450946722374,3952.504395149361,-4916.710307669588,-1.855201241936475,-5.139459358745065,-5.278823914388659,56653U
2025-06-28T22:04:12.557284,2856.94181889001,3636.0114431095526,-5222.817346668732,-2.0603127364946716,-5.406375606239038,-4.9212299369462045,56653U
2025-06-28T22:05:12.557284,2727.3884209859425,3304.190191679125,-5506.847127821931,-2.2565364156615377,-5.650242544029168,-4.5432040532861455,56653U
2025-06-28T22:06:12.557284,2586.3492252253054,2958.4544251079706,-5767.624009726081,-2.443041439347334,-5.870053215053968,-4.146431171682017,56653U
2025-06-28T22:07:12.557284,2434.4310954002303,2600.274880346853,-6004.075794140853,-2.619045719115185,-6.064915680224852,-3.7326727513184066,56653U
2025-06-28T22:08:12.557284,2272.286260730718,2231.172253316631,-6215.238019728634,-2.7838191946509814,-6.234056015263481,-3.303757086222499,56653U
2025-06-28T22:09:12.557284,2100.609106020209,1852.7100503895354,-6400.257669722886,-2.9366867162275287,-6.376820540571285,-2.86156947953505,56653U
2025-06-28T22:10:12.557284,1920.1328016924076,1466.4873300151312,-6558.396289984691,-3.0770305346369797,-6.492677313074059,-2.408042390469369,56653U
2025-06-28T22:11:12.557284,1731.625796965488,1074.131377361455,-6689.0325185132115,-3.2042924051068025,-6.581216915625714,-1.9451456277638868,56653U
2025-06-28T22:12:12.557284,1535.8881988395615,677.2903524802366,-6791.66403150783,-3.317975315895872,-6.642152584398074,-1.4748766542595317,56653U
2025-06-28T22:13:12.557284,1333.7480587779246,277.62594992645535,-6865.908914537998,-3.417644855555321,-6.675319717784674,-0.9992510578032212,56653U
2025-06-28T22:14:12.557284,1126.0575880173776,-123.19389491016476,-6911.5064702582595,-3.5029302352197433,-6.68067481181019,-0.5202932343949974,56653U
2025-06-28T22:15:12.557284,913.6893213988684,-523.5022201875262,-6928.317476444355,-3.573524983808491,-6.658293867040044,-0.040027320683287765,56653U
2025-06-28T22:16:12.557284,697.5322485213749,-921.640142740332,-6916.323909968111,-3.629187334731429,-6.608370310744341,0.43953159514167306,56653U
2025-06-28T22:17:12.557284,478.4879299268029,-1315.9638264702273,-6875.628153736612,-3.669740322709285,-6.531212475838003,0.9163859621033242,56653U
2025-06-28T22:18:12.557284,257.46661496748,-1704.8512888035355,-6806.451704663472,-3.695071608751648,-6.427240675161313,1.3885639388642637,56653U
2025-06-28T22:19:12.557284,35.38337700641204,-2086.709022121386,-6709.133401493098,-3.7051330503205375,-6.296983906249876,1.854127238645248,56653U
2025-06-28T22:20:12.557284,-186.8457193143254,-2459.9784089358036,-6584.127191837103,-3.69994003237858,-6.141076218130711,2.3111786390539337,56653U
2025-06-28T22:21:12.557284,-408.30740483343686,-2823.1419112533645,-6431.99945817504,-3.679570573515645,-5.960252768102451,2.7578691517032934,56653U
2025-06-28T22:22:12.557284,-628.0949334897712,-3174.7290160307743,-6253.42592288483,-3.644164219791491,-5.755345593119654,3.192404847910421,56653U
2025-06-28T22:23:12.557284,-845.311738283713,-3513.3219199249743,-6049.1881526536945,-3.5939207374381557,-5.527279117465825,3.6130533372838953,56653U
2025-06-28T22:24:12.557284,-1059.0750036371733,-3837.560937700732,-5820.169682921967,-3.5290986142300804,-5.277065415990616,4.018149895794653,56653U
2025-06-28T22:25:12.557284,-1268.519142722716,-4146.149619721481,-5567.351783358904,-3.4500133782264135,-5.005799250382007,4.406103239173808,56653U
2025-06-28T22:26:12.557284,-1472.7991688022087,-4437.859564951655,-5291.808885781678,-3.3570357417720897,-4.714652894781285,4.775400936383515,56653U
2025-06-28T22:27:12.557284,-1671.093950064782,-4711.534916884066,-4994.703696407395,-3.2505895781417458,-4.404870766518226,5.124614456661951,56653U
2025-06-28T22:28:12.557284,-1862.6093378942273,-4966.096530797639,-4677.282014878051,-3.1311497380349986,-4.077763877816828,5.452403842415716,56653U
2025-06-28T22:29:12.557284,-2046.5811589577456,-5200.54580179708,-4340.8672830907335,-2.9992397132679325,-3.7347041249112776,5.757521999203162,56653U
2025-06-28T22:30:12.557284,-2222.2780619928903,-5413.9681441870525,-3986.8548874990943,-2.8554291554341087,-3.3771184320462404,6.038818593325371,56653U
2025-06-28T22:31:12.557284,-2389.0042107054906,-5605.536113929501,-3616.7062391782188,-2.7003312579784255,-3.0064827691817615,6.295243547250176,56653U
2025-06-28T22:32:12.557284,-2546.101814775938,-5774.512167212669,-3231.942656554424,-2.53460001099554,-2.624316063781807,6.525850123286255,56653U
2025-06-28T22:33:12.557284,-2692.9534916214034,-5920.2510495412635,-2834.139076242767,-2.358927339063202,-2.232174028693336,6.729797586658941,56653U
2025-06-28T22:34:12.557284,-2828.9844522683125,-6042.201811220125,-2424.917617899655,-2.174040133495256,-1.8316429297206842,6.906353440408773,56653U
2025-06-28T22:35:12.557284,-2953.664505465518,-6139.909446651319,-2005.9410293279725,-1.9806971914728593,-1.424333317924386,7.054895226338072,56653U
2025-06-28T22:36:12.557284,-3066.5098749932167,-6213.016156463963,-1578.9060382750154,-1.7796860755364057,-1.0118737528557973,7.174911888504889,56653U
2025-06-28T22:37:12.557284,-3167.0848260027196,-6261.262233139637,-1145.5366373866427,-1.5718199078229076,-0.595904543758789,7.26600469845878,56653U
2025-06-28T22:38:12.557284,-3255.0030971349515,-6284.486572448477,-707.5773286342417,-1.3579341141733163,-0.17807153618393337,7.327887744432095,56653U
2025-06-28T22:39:12.557284,-3329.929136107924,-6282.6268146516195,-266.78635318143205,-1.1388831337565124,0.23998002860582965,7.360387989954655,56653U
2025-06-28T22:40:12.557284,-3391.579137411791,-6255.719121021308,175.07106787547067,-0.9155371101374273,0.6566115546136884,7.363444910735558,56653U
2025-06-28T22:41:12.557284,-3439.7218816969053,-6203.897592756796,616.2294571927439,-0.6887785797214596,1.0701970067217423,7.337109722048533,56653U
2025-06-28T22:42:12.557284,-3474.1793773652976,-6127.393340801544,1054.9297455122057,-0.45949917322183204,1.4791286767706437,7.2815442121501714,56653U
2025-06-28T22:43:12.557284,-3494.8273057625765,-6026.53321637277,1489.425853941663,-0.22859634522627675,1.8818227779858736,7.19701920034732,56653U
2025-06-28T22:44:12.557284,-3501.5952722046795,-5901.738213172585,1917.9911727362842,0.0030298539309071785,2.276724848136677,7.083912641106214,56653U
2025-06-28T22:45:12.557284,-3494.466865841869,-5753.521553246181,2338.924916492317,0.23447995091651644,2.6623149446774215,6.942707397970561,56653U
2025-06-28T22:46:12.557284,-3473.4795320537596,-5582.48646926522,2750.558337147594,0.4648581550847457,3.037112618317385,6.773988712941518,56653U
2025-06-28T22:47:12.557284,-3438.724261668587,-5389.323696641161,3151.2607777170133,0.6932753870229325,3.3996816548726034,6.578441398306955,56653U
2025-06-28T22:48:12.557284,-3390.345101799902,-5174.808689294056,3539.4455512889467,0.9188522216741143,3.7486345788258344,6.356846778623371,56653U
2025-06-28T22:49:12.557284,-3328.5384934950202,-4939.798573157495,3913.5756313468137,1.1407217396499971,4.0826369155820235,6.110079410655517,56653U
2025-06-28T22:50:12.557284,-3253.552441653278,-4685.228851448329,4272.1691411844495,1.3580322824455218,4.400411213091966,5.839103608393828,56653U
2025-06-28T22:51:12.557284,-3165.685522886029,-4412.109875742298,4613.804631392542,1.5699501091449848,4.700740826662622,5.54496979917247,56653U
2025-06-28T22:52:12.557284,-3065.285737001154,-4121.523096360447,4937.126136139062,1.7756619544386605,4.982473474234751,5.228810734762761,56653U
2025-06-28T22:53:12.557284,-2952.7492077927554,-3814.6171052566806,5240.847999941472,1.9743774895417185,5.244524571945954,4.891837578933729,56653U
2025-06-28T22:54:12.557284,-2828.518738649564,-3492.6034838894616,5523.759467875856,2.1653316894950048,5.48588036227806,4.5353358897391205,56653U
2025-06-28T22:55:12.557284,-2693.0822282702848,-3156.752467868199,5784.729033025774,2.347787111899228,5.705600848857081,4.1606615111745056,56653U
2025-06-28T22:56:12.557284,-2546.970951457421,-2808.3884393502562,6022.70853568419,2.521036093490852,5.90282255319087,3.7692363847573094,56653U
2025-06-28T22:57:12.557284,-2390.7577095904976,-2448.8852573327986,6236.737009273586,2.684402871999343,6.076761109146449,3.3625442871935305,56653U
2025-06-28T22:58:12.557284,-2225.0548549551177,-2079.6614351224507,6425.9442681759,2.8372456414153415,6.226713710772383,2.942126495671002,56653U
2025-06-28T22:59:12.557284,-2050.5121926627703,-1702.175173461165,6589.5542326194345,2.9789585490768706,6.352061428092399,2.5095773776402197,56653U
2025-06-28T23:00:12.557284,-1867.8147634451568,-1317.919257040234,6726.887985483408,3.1089736428345813,6.452271403739949,2.0665398973102653,56653U
2025-06-28T23:01:12.557284,-1677.6805101808839,-928.415821517588,6837.366555338875,3.2267627759448296,6.526898940753914,1.6147010266822306,56653U
2025-06-28T23:02:12.557284,-1480.8578306271984,-535.2109976851224,6920.5134192748565,3.331839476257652,6.575589488545595,1.155787044899268,56653U
2025-06-28T23:03:12.557284,-1278.1230185222412,-139.86943917878864,6975.956718072517,3.423760784702058,6.598080530015153,0.6915587062012747,56653U
2025-06-28T23:04:12.557284,-1070.277595004273,256.0312599101235,7003.431175131411,3.502129066046006,6.59420336812059,0.22380625395657566,56653U
2025-06-28T23:05:12.557284,-858.1455322077377,650.9062509055225,7002.779709248064,3.5665937924346576,6.563884804973011,-0.2456557436969226,56653U
2025-06-28T23:06:12.557284,-642.5703709481177,1043.169212737498,6973.954729957865,3.6168532973415837,6.507148700876923,-0.7149937620292555,56653U
2025-06-28T23:07:12.557284,-424.41223463383517,1431.2382224119822,6917.019102726196,3.6526564943508015,6.424117394797944,-1.182360916963153,56653U
2025-06-28T23:08:12.557284,-204.5447419551788,1813.5417045020847,6832.146769882536,3.6738045517020157,6.315012961694834,-1.645902815225208,56653U
2025-06-28T23:09:12.557284,16.148178485635803,2188.524448843888,6719.623011900593,3.680152509864545,6.180158276189554,-2.103763678518168,56653U
2025-06-28T23:10:12.557284,236.77556760993542,2554.6536837160957,6579.844332515987,3.6716108256605744,6.019977846378705,-2.554092758738399,56653U
2025-06-28T23:11:12.557284,456.44280432776145,2910.4251895636644,6413.31795031772,3.6481468227557285,5.8349983764311135,-2.9950510558105177,56653U
2025-06-28T23:12:12.557284,674.2550567393321,3254.3694358133725,6220.660878930988,3.609786024799999,5.625849012197911,-3.424818342925742,56653U
2025-06-28T23:13:12.557284,889.3208083156347,3585.0577205661525,6002.598577807574,3.5566133442729995,5.393261220612408,-3.8416004959345633,56653U
2025-06-28T23:14:12.557284,1100.755449659664,3901.1082900113165,5759.963156021839,3.488774097302353,5.1380682513845075,-4.243637114514133,56653U
2025-06-28T23:15:12.557284,1307.6849246416068,4201.192411336396,5493.691112412089,3.406474812522569,4.861204128610745,-4.629209412662102,56653U
2025-06-28T23:16:12.557284,1509.2494177797798,4484.040369815679,5204.820596949521,3.3099838005538142,4.5637021205791655,-4.996648345335071,56653U
2025-06-28T23:17:12.557284,1704.6070677303123,4748.4473577169665,4894.48818041587,3.1996314500295626,4.246692638399523,-5.344342926902026,56653U
2025-06-28T23:18:12.557284,1892.937689720826,4993.279219798744,4563.925122330699,3.0758102163854346,3.9114005181993514,-5.670748685880088,56653U
2025-06-28T23:19:12.557284,2073.4464877574387,5217.478017562389,4214.453130612331,2.938974270923295,3.559141647548108,-5.974396189488148,56653U
2025-06-28T23:20:12.557284,2245.367735528468,5420.06737220749,3847.4796106435215,2.789638780027937,3.191318904453821,-6.253899561300855,56653U
2025-06-28T23:21:12.557284,2407.968403173582,5600.157544504052,3464.492406220081,2.628378787859312,2.8094173866448457,-6.507964906075095,56653U
2025-06-28T23:22:12.557284,2560.5517055646806,5756.950208661867,3067.0540401972835,2.455827680341404,2.414998919715365,-6.735398548057876,56653U
2025-06-28T23:23:12.557284,2702.460546505677,5889.742876820286,2656.7954684475453,2.2726752137652793,2.0096958448710724,-6.935114983103907,56653U
2025-06-28T23:24:12.557284,2833.0808323750352,5997.93293109277,2235.409366864996,2.0796650977061115,1.5952041001424024,-7.106144441073274,56653U
2025-06-28T23:25:12.557284,2951.84462825474,6081.021221226065,1804.6429774803407,1.8775921290860016,1.1732756227019423,-7.247639953492973,56653U
2025-06-28T23:26:12.557284,3058.233129558782,6138.615187915857,1366.2905461220967,1.6672988819117154,0.7457101139253185,-7.358883822551348,56653U
2025-06-28T23:27:12.557284,3151.779422628268,6170.431474664496,922.1853903130473,1.4496719652678252,0.31434622263983153,-7.439293391259019,56653U
2025-06-28T23:28:12.557284,3232.0710087123284,6176.297994752558,474.1916420681959,1.2256378703211863,-0.1189477848176335,-7.488426021064503,56653U
2025-06-28T23:29:12.557284,3298.752067215427,6156.155424379803,24.195715764760763,0.996158435127492,-0.5522837870322704,-7.5059831922812705,56653U
2025-06-28T23:30:12.557284,3351.5254360391546,6110.05809823127,-425.9024438347321,0.762225963687543,-0.9837639111287347,-7.491813654168581,56653U
2025-06-28T23:31:12.557284,3390.1542892609395,6038.174289542204,-874.1982742041251,0.5248580427050683,-1.4114908775692698,-7.445915565138193,56653U
2025-06-28T23:32:12.557284,3414.4634952181636,5940.785863041432,-1318.7916058702099,0.285092105635876,-1.8335784796045984,-7.3684375789521575,56653U
2025-06-28T23:33:12.557284,3424.3406412491504,5818.28729580074,-1757.7957067409777,0.04397979866233462,-2.248162086786302,-7.25967884948814,56653U
2025-06-28T23:34:12.557284,3419.736714804976,5671.184067851216,-2189.346294072961,-0.19741879297133333,-2.6534090604618865,-7.120087944172756,56653U
2025-06-28T23:35:12.557284,3400.6664343069338,5500.090431269743,-2611.6104481501707,-0.43804099742188113,-3.0475289703717894,-6.950260673970031,56653U
2025-06-28T23:36:12.557284,3367.208226890656,5305.726573134646,-3022.795362761013,-0.6768274256943357,-3.4287835052457187,-6.750936865315272,56653U
2025-06-28T23:37:12.557284,3319.503853957719,5088.915194117627,-3421.156869677715,-0.9127277967766488,-3.7954959765791507,-6.5229961160438945,56653U
2025-06-28T23:38:12.557284,3257.7576891548656,4850.577530389885,-3805.0076774260806,-1.1447066590922408,-4.146060323258206,-6.267452592689314,56653U
2025-06-28T23:39:12.557284,3182.2356569311078,4591.728851817886,-4172.725268642561,-1.3717489521818766,-4.4789495351317825,-5.985448940041286,56653U
2025-06-28T23:40:12.557284,3093.263843104714,4313.473474024732,-4522.75940506401,-1.592865356982315,-4.792723425563284,-5.678249385218814,56653U
2025-06-28T23:41:12.557284,2991.22679183365,4016.999325691252,-4853.639194583228,-1.8070973885436674,-5.08603569603964,-5.347232127417316,56653U
2025-06-28T23:42:12.557284,2876.5655059729065,3703.5721154380312,-5163.97968062408,-2.0135221912754577,-5.357640249569699,-4.993881110790246,56653U
2025-06-28T23:43:12.557284,2749.7751699744413,3374.529144724959,-5452.487920207584,-2.211257003611107,-5.606396723427712,-4.619777281534062,56653U
2025-06-28T23:44:12.557284,2611.4026162244863,3031.2728144603457,-5717.968523294092,-2.399463266062231,-5.831275225307413,-4.2265894312341095,56653U
2025-06-28T23:45:12.557284,2462.0435570022332,2675.263873442326,-5959.3286321637315,-2.5773503537640425,-6.031360269755149,-3.8160647270183397,56653U
2025-06-28T23:46:12.557284,2302.3396051034556,2308.0144564526818,-6175.582325560672,-2.744178921535871,-6.205853923454525,-3.3900190253274807,56653U
2025-06-28T23:47:12.557284,2132.9751066150034,1931.0809588436696,-6365.854437976166,-2.8992638560005908,-6.35407817826681,-2.9503270604271252,56653U
2025-06-28T23:48:12.557284,1954.6738093969302,1546.0567929279337,-6529.383789653914,-3.041976835225874,-6.475476579650898,-2.4989125915592476,56653U
2025-06-28T23:49:12.557284,1768.1953905657554,1154.565069487918,-6665.52582760873,-3.1717485015384588,-6.569615145071625,-2.037738584239761,56653U
2025-06-28T23:50:12.557284,1574.3318657364537,758.2512454012036,-6773.754682091672,-3.2880702575079632,-6.636182612192187,-1.5687974921010497,56653U
2025-06-28T23:51:12.557284,1373.9039020181488,358.77577581781264,-6853.664646503396,-3.390495698555825,-6.674990060072786,-1.0941016962367538,56653U
2025-06-28T23:52:12.557284,1167.7570558390162,-42.19319333881679,-6904.971091741278,-3.4786416981912587,-6.6859699483549795,-0.6156741496527977,56653U
2025-06-28T23:53:12.557284,956.7579556433969,-442.9870594768802,-6927.510828402589,-3.5521891635510925,-6.669174619669162,-0.13553926547607378,56653U
2025-06-28T23:54:12.557284,741.7904484206562,-841.9438936088964,-6921.241932191758,-3.6108834797764877,-6.624774309468735,0.344285920660968,56653U
2025-06-28T23:55:12.557284,523.7517279264234,-1237.4154388723232,-6886.2430493592565,-3.654534661898556,-6.553054705416429,0.8218002909539638,56653U
2025-06-28T23:56:12.557284,303.5484613916068,-1627.773951712257,-6822.7122000984755,-3.6830172324355077,-6.454414095591,1.2950268715792748,56653U
2025-06-28T23:57:12.557284,82.09293049804336,-2011.4188622862646,-6730.965098621588,-3.696269841961287,-6.329360141415476,1.7620207328120603,56653U
2025-06-28T23:58:12.557284,-139.7007985304389,-2386.783232562841,-6611.433009200708,-3.694294648621454,-6.178506307594495,2.2208765550807095,56653U
2025-06-28T23:59:12.557284,-360.9206617252437,-2752.3399923004977,-6464.660157865982,-3.6771564710862203,-6.002567977723396,2.669735855616875,56653U
2025-06-29T00:00:12.557284,-580.6603278095828,-3106.6079345858925,-6291.300719768905,-3.644981727868455,-5.802358280814978,3.106793871953639,56653U
2025-06-29T00:01:12.557284,-798.0228596984367,-3448.157453948616,-6092.115402493671,-3.5979571744141703,-5.5787836509405295,3.530306099214904,56653U
2025-06-29T00:02:12.557284,-1012.124295067005,-3775.6160112428815,-5867.967645888343,-3.5363284479926773,-5.3328391396469,3.9385944780366384,56653U
2025-06-29T00:03:12.557284,-1222.0971345196804,-4087.6733105695093,-5619.819459311976,-3.46039842925168,-5.065603498863114,4.3300532293002005,56653U
2025-06-29T00:04:12.557284,-1427.0937263637395,-4383.086174514563,-5348.72691758563,-3.3705254284177535,-4.778234050706254,4.7031543307974895,56653U
2025-06-29T00:05:12.557284,-1626.2895374432676,-4660.683104965133,-5055.835337390512,-3.2671212035477892,-4.47196135992721,5.056452629709407,56653U
2025-06-29T00:06:12.557284,-1818.88629992511,-4919.36851774413,-4742.374156386499,-3.1506488179878964,-4.148083724683477,5.388590583518823,56653U
2025-06-29T00:07:12.557284,-2004.1150243804595,-5158.126640331256,-4409.651537904749,-3.021620344265286,-3.80796150181184,5.698302620882004,56653U
2025-06-29T00:08:12.557284,-2181.2388699826597,-5376.025063023128,-4059.048724685897,-2.880594422001352,-3.4530112837162767,5.984419113174048,56653U
2025-06-29T00:09:12.557284,-2349.5558631592744,-5572.217935050499,-3692.0141657644267,-2.7281736780536945,-3.0846999452784485,6.2458699470167724,56653U
2025-06-29T00:10:12.557284,-2508.401456607436,-5745.948798428173,-3310.057441208129,-2.565002017919733,-2.7045385807177285,6.481687688173046,56653U
2025-06-29T00:11:12.557284,-2657.1509212101932,-5896.553053664616,-2914.7430099799544,-2.3917617984067303,-2.3140763519545486,6.69101032779423,56653U
2025-06-29T00:12:12.557284,-2795.221564083749,-6023.460052900035,-2507.683806664965,-2.2091708926302793,-1.914894271639632,6.873083603154294,56653U
2025-06-29T00:13:12.557284,-2922.0747667380765,-6126.194817562977,-2090.5347131704043,-2.0179796594805413,-1.508598945489625,7.027262886680541,56653U
2025-06-29T00:14:12.557284,-3037.2178381451217,-6204.379379220825,-1664.9859317323544,-1.8189678307295916,-1.0968162998074538,7.153014639259252,56653U
2025-06-29T00:15:12.557284,-3140.205678368923,-6257.733743927465,-1232.756285630424,-1.6129413298854942,-0.6811853209776819,7.24991742639024,56653U
2025-06-29T00:16:12.557284,-3230.6422493149903,-6286.076482018388,-795.5864738981212,-1.4007290376734933,-0.2633518342312766,7.317662498710093,56653U
2025-06-29T00:17:12.557284,-3308.1818500845548,-6289.324946941732,-355.23230601823195,-1.1831795195988917,0.15503765097565966,7.356053941600704,56653U
2025-06-29T00:18:12.557284,-3372.530195362902,-6267.495128315846,86.54205790117378,-0.9611577313810703,0.5723420020702809,7.365008401946344,56653U
2025-06-29T00:19:12.557284,-3423.44529621297,-6220.701145942195,527.9708366631414,-0.7355417181152134,0.9869314050170763,7.344554403487187,56653U
2025-06-29T00:20:12.557284,-3460.7381435696266,-6149.154392948119,967.2933032964696,-0.5072193228025695,1.3971931620384883,7.294831265528173,56653U
2025-06-29T00:21:12.557284,-3484.273195621571,-6053.162337563117,1402.760383261047,-0.27708491938301666,1.8015373228706228,7.216087642890371,56653U
2025-06-29T00:22:12.557284,-3493.9686711111135,-5933.1269942205,1832.6411538618831,-0.046036184606672345,2.1984021294198244,7.108679707832861,56653U
2025-06-29T00:23:12.557284,-3489.7966513617735,-5789.543075704793,2255.2292245258463,0.18502907799034587,2.5862592564732068,6.973068997131313,56653U
2025-06-29T00:24:12.557284,-3471.7829945483186,-5622.995838917194,2668.8489790414083,0.41521605006907536,2.963618834232603,6.809819949489342,56653U
2025-06-29T00:25:12.557284,-3440.0070663402867,-5434.158637495824,3071.8616623834855,0.6436359360454033,3.3290342418040018,6.61959715990905,56653U
2025-06-29T00:26:12.557284,-3394.6012915701394,-5223.790194995687,3462.671296316612,0.8694089175813767,3.6811066643016668,6.403162378498462,56653U
2025-06-29T00:27:12.557284,-3335.7505319932184,-4992.731612604818,3839.730409548589,1.0916670182564199,4.0184894098170245,6.161371281406228,56653U
2025-06-29T00:28:12.557284,-3263.6912955137454,-4741.9031254479005,4201.545569766753,1.3095568736515757,4.339891986066144,5.895170041120129,56653U
2025-06-29T00:29:12.557284,-3178.7107824471445,-4472.300621414347,4546.6827063907685,1.522242404111735,4.644083939961051,5.605591722238012,56653U
2025-06-29T00:30:12.557284,-3081.145774475352,-4184.991936160013,4873.772214281524,1.7289073894695373,4.929898466545733,5.293752527031319,56653U
2025-06-29T00:31:12.557284,-2971.3813719302034,-3881.1129374812467,5181.513829932116,1.9287579469679763,5.196235796606646,4.9608479126940095,56653U
2025-06-29T00:32:12.557284,-2849.8495849174637,-3561.863411670446,5468.681272795758,2.1210249154445795,5.442066374708722,4.6081485991518845,56653U
2025-06-29T00:33:12.557284,-2717.0277835809084,-3228.5027637653,5734.126645345818,2.3049661504768797,5.6664338413298525,4.236996482768472,56653U
2025-06-29T00:34:12.557284,-2573.4370125110213,-2882.3455428184643,5976.784586201702,2.479868736587819,5.868457834099417,3.848800467294339,56653U
2025-06-29T00:35:12.557284,-2419.6401739428843,-2524.756802481984,6195.676171161267,2.645051123710129,6.047336623811586,3.445032219072182,56653U
2025-06-29T00:36:12.557284,-2256.240083979336,-2157.147306355437,6389.912557244604,2.7998651958637772,6.202349600828538,3.0272218489422116,56653U
2025-06-29T00:37:12.557284,-2083.8774056376087,-1780.9685867277692,6558.698364866491,2.943698280365787,6.332859626671938,2.5969535186180654,56653U
2025-06-29T00:38:12.557284,-1903.228462071756,-1397.7078645895165,6701.334793013951,3.07597510583175,6.438315263999315,2.1558609646617795,56653U
2025-06-29T00:39:12.557284,-1715.0029328923104,-1008.8828381473018,6817.222461814942,3.1961597167143325,6.518252895770923,1.7056229287278102,56653U
2025-06-29T00:40:12.557284,-1519.941436116279,-616.0363465836875,6905.863976155499,3.3037573511366745,6.572298741249516,1.2479584786347782,56653U
2025-06-29T00:41:12.557284,-1318.8129979545504,-220.73091550033013,6966.866203062485,3.3983162873180053,6.6001707725841285,0.7846222012060318,56653U
2025-06-29T00:42:12.557284,-1112.4124124126288,175.4568095840847,6999.9422544393565,3.479429661955021,6.601680531172031,0.31739924487626453,56653U
2025-06-29T00:43:12.557284,-901.557492565353,570.9417351137121,7004.913165467964,3.546737261543853,6.57673483786386,-0.1518998120644047,56653U
2025-06-29T00:44:12.557284,-687.0862153930273,964.1360896915763,6981.709257613584,3.599927284837568,6.525337385493492,-0.621444292871109,56653U
2025-06-29T00:45:12.557284,-469.8537622580159,1353.455284714129,6930.3711737509575,3.6387380714885396,6.447590196317818,-1.089388978720752,56653U
2025-06-29T00:46:12.557284,-250.72945747476854,1737.323856415458,6851.050571527134,3.6629597884931457,6.3436949209104,-1.5538799142304625,56653U
2025-06-29T00:47:12.557284,-30.593608004201478,2114.1814787885787,6744.0104597649115,3.6724360624236474,6.213953949056102,-2.013060483807127,56653U
2025-06-29T00:48:12.557284,189.66575191574566,2482.4890350199944,6609.625161559879,3.6670655417019256,6.058771297444368,-2.46507777670064,56653U
2025-06-29T00:49:12.557284,409.15620638529145,2840.7347328993033,6448.379886817711,3.6468033694545925,5.878653233682527,-2.9080892534252736,56653U
2025-06-29T00:50:12.557284,626.984387672754,3187.4402472078123,6260.869896391856,3.611662543917464,5.6742085915681795,-3.3402697196799642,56653U
2025-06-29T00:51:12.557284,842.2594828058162,3521.1668693689267,6047.799239796354,3.561715140062839,5.446148728903114,-3.759818606089521,56653U
2025-06-29T00:52:12.557284,1054.0968078588942,3840.52164172065,5809.979048759692,3.497093363245608,5.195287076619854,-4.164967543139213,56653U
2025-06-29T00:53:12.557284,1261.621439101287,4144.16345072443,5548.325369714077,3.417990403341385,4.922538226822324,-4.553988210774209,56653U
2025-06-29T00:54:12.557284,1463.9718882625318,4430.809050314998,5263.85651974976,3.3246610562176966,4.628916507704069,-4.925200431485381,56653U
2025-06-29T00:55:12.557284,1660.3038071840836,4699.238983541016,4957.6899526340085,3.2174220785584815,4.31553399532568,-5.276980464613383,56653U
2025-06-29T00:56:12.557284,1849.7937050967537,4948.303367728983,4631.038624235271,3.096652242158466,3.9835979160144994,-5.607769448368856,56653U
2025-06-29T00:57:12.557284,2031.642659750348,5176.927505732592,4285.2068501141575,2.962792054905362,3.6344073987391643,-5.916081925044933,56653U
2025-06-29T00:58:12.557284,2205.080001695621,5384.117283532084,3921.5856521125183,2.8163431178202023,3.26934954417457,-6.2005143744836255,56653U
2025-06-29T00:59:12.557284,2369.3669492300214,5568.964312608541,3541.6475954747134,2.657867090763021,2.8898947862510127,-6.459753671409805,56653U
2025-06-29T01:00:12.557284,2523.8001699491574,5730.650774264297,3146.9411232826683,2.4879842437055824,2.4975915325965503,-6.692585374178328,56653U
2025-06-29T01:01:12.557284,2667.7152435471335,5868.453922467462,2739.0844007151263,2.3073715757811843,2.094060082240659,-6.8979017461318595,56653U
2025-06-29T01:02:12.557284,2800.4899995563815,5981.750201962768,2319.758687714884,2.1167604905368163,1.6809858319386932,-7.074709406489306,56653U
2025-06-29T01:03:12.557284,2921.547703155024,6070.018939360338,1890.7012649576698,1.9169340228093799,1.2601117961826962,-7.222136505734536,56653U
2025-06-29T01:04:12.557284,3030.3600620512902,6132.845566737546,1453.6979443975065,1.7087236202450802,0.8332304799785472,-7.339439321072293,56653U
2025-06-29T01:05:12.557284,3126.450027813286,6169.924339976391,1010.5752019586589,1.4930054904760846,0.4021751573713882,-7.426008170783432,56653U
2025-06-29T01:06:12.557284,3209.3943658687517,6181.060517596426,563.191975987717,1.270696533130206,-0.031189377949446328,-7.481372552277462,56653U
2025-06-29T01:07:12.557284,3278.8259697609133,6166.1719701894035,113.43118069597246,1.0427498839267455,-0.4649765112879697,-7.505205417243172,56653U
2025-06-29T01:08:12.557284,3334.4358971035385,6125.290195644363,-336.80901114754107,0.8101501058499223,-0.8972878652213877,-7.497326508368548,56653U
2025-06-29T01:09:12.557284,3375.975107002715,6058.560721072574,-785.6240577257637,0.5739080695340407,-1.3262236188184042,-7.457704695374359,56653U
2025-06-29T01:10:12.557284,3403.255881462627,5966.242878577812,-1231.1120479210695,0.335055571306881,-1.7498929821316553,-7.386459263222322,56653U
2025-06-29T01:11:12.557284,3416.1529164096214,5848.70894862484,-1671.382746901673,0.09463974260134557,-2.1664247157512313,-7.2838601218841745,56653U
2025-06-29T01:12:12.557284,3414.604071380964,5706.442671579959,-2104.5666217716343,-0.14628269151595014,-2.5739775832380745,-7.150326924491227,56653U
2025-06-29T01:13:12.557284,3398.6107705499053,5540.037134864999,-2528.823781228911,-0.3866512442680084,-2.9707506249420996,-6.986427098488758,56653U
2025-06-29T01:14:12.557284,3368.238051508696,5350.192049909761,-2942.3527640096186,-0.6254075278737534,-3.354993145036148,-6.792872812036236,56653U
2025-06-29T01:15:12.557284,3323.614262010714,5137.71043954243,-3343.399112807898,-0.8615010815990654,-3.725014309431995,-6.570516914773078,56653U
2025-06-29T01:16:12.557284,3264.9304085900317,4903.494762469106,-3730.2636732865785,-1.0938951073856158,-4.079192260369913,-6.320347907691939,56653U
2025-06-29T01:17:12.557284,3192.4391645414453,4648.542506927837,-4101.310561635085,-1.321572056316661,-4.415982663580881,-6.04348401076554,56653U
2025-06-29T01:18:12.557284,3106.4535480734285,4373.941290340793,-4454.974748771298,-1.5435390134298508,-4.733926615641038,-5.741166408765311,56653U
2025-06-29T01:19:12.557284,3007.345284470626,4080.863505751085,-4789.769214562649,-1.7588328336755086,-5.0316578520291015,-5.414751765102409,56653U
2025-06-29T01:20:12.557284,2895.5428687607055,3770.56055895246,-5104.291631211843,-1.9665249879398699,-5.3079092100110605,-5.065704100311006,56653U
2025-06-29T01:21:12.557284,2771.5293476327397,3444.3567424858443,-5397.230541027025,-2.1657260847573547,-5.561518314324943,-4.69558613590924,56653U
2025-06-29T01:22:12.557284,2635.839841171049,3103.6427940797535,-5667.3710000204155,-2.3555900403837464,-5.791432467275548,-4.30605020582861,56653U
2025-06-29T01:23:12.557284,2489.0588263419186,2749.869187695992,-5913.599664975452,-2.5353178770324423,-5.996712737834551,-3.8988288365395793,56653U
2025-06-29T01:24:12.557284,2331.8172051055617,2384.5392051609037,-6134.909307648099,-2.704161136053844,-6.1765372563048055,-3.475725093636639,56653U
2025-06-29T01:25:12.557284,2164.789180544809,2009.2018355026398,-6330.402745485597,-2.861424899441479,-6.330203731732433,-3.0386027872892822,56653U
2025-06-29T01:26:12.557284,1988.6889645354868,1625.4445476667672,-6499.296183551982,-3.006470419092312,-6.457131218305622,-2.5893766219701813,56653U
2025-06-29T01:27:12.557284,1804.2673402807563,1234.8859803661392,-6640.9219671548035,-3.1387173585777504,-6.55686116430561,-2.130002367653026,56653U
2025-06-29T01:28:12.557284,1612.3081025395063,839.1685905395884,-6754.730748922874,-3.257645656692326,-6.629057782710869,-1.6624671206385522,56653U
2025-06-29T01:29:12.557284,1413.6243976548549,439.9512993654079,-6840.293077760087,-3.362797025671915,-6.673507786310025,-1.1887797127387134,56653U
2025-06-29T01:30:12.557284,1209.0549845925234,38.90217211191731,-6897.300420192129,-3.4537760996906672,-6.690119532239252,-0.7109613181255974,56653U
2025-06-29T01:31:12.557284,999.4604371848657,-362.30883459743103,-6925.5656271562375,-3.5302512510790227,-6.678921621380537,-0.23103629808328643,56653U
2025-06-29T01:32:12.557284,785.7193066933349,-762.0170271946895,-6925.02286129951,-3.591955092710866,-6.640060997240484,0.24897668451876526,56653U
2025-06-29T01:33:12.557284,568.7242627084566,-1158.5700028831031,-6895.727001402831,-3.6386846852699635,-6.57380058701577,0.7270732567164787,56653U
2025-06-29T01:34:12.557284,349.3782293242931,-1550.334524679131,-6837.8525417076335,-3.6703014677429127,-6.4805165248053145,1.201271615049194,56653U
2025-06-29T01:35:12.557284,128.59053250270853,-1935.703219977997,-6751.692004761118,-3.6867309286177075,-6.360694993620976,1.669620480676125,56653U
2025-06-29T01:36:12.557284,-92.72692641223068,-2313.1010808126134,-6637.653886989903,-3.687962034035419,-6.2149287192407625,2.1302067215027534,56653U
2025-06-29T01:37:12.557284,-313.663456929351,-2680.9917457166302,-6496.260156635919,-3.674046427678913,-6.043913145291162,2.5811626356980826,56653U
2025-06-29T01:38:12.557284,-533.313312073338,-3037.883544656062,-6328.143324003248,-3.6450974156209446,-5.8484423154457295,3.020672892804518,56653U
2025-06-29T01:39:12.557284,-750.7793548266744,-3382.335289837074,-6134.043104240323,-3.601288747810558,-5.629404485482816,3.4469811294660624,56653U
2025-06-29T01:40:12.557284,-965.17664631144,-3712.96179642009,-5914.80269314853,-3.5428532064551184,-5.38777748527347,3.858396196860381,56653U
2025-06-29T01:41:12.557284,-1175.6359441968534,-4028.4391182495137,-5671.364676820585,-3.470081010338246,-5.124623848691936,4.253298056326955,56653U
2025-06-29T01:42:12.557284,-1381.3071003051095,-4327.509484731487,-5404.766596274782,-3.383318043162518,-4.841085727986223,4.630143318690784,56653U
2025-06-29T01:43:12.557284,-1581.3623468333342,-4608.985925963611,-5116.136188691606,-3.2829639133607884,-4.5383796083453225,4.98747042153977,56653U
2025-06-29T01:44:12.557284,-1774.999461048689,-4871.756574201023,-4806.686327362536,-3.1694698524970217,-4.217790838211312,5.323904437439765,56653U
2025-06-29T01:45:12.557284,-1961.4447987555427,-5114.788630748907,-4477.7096830276905,-3.04333645937639,-3.8806679912610593,5.638161504911225,56653U
2025-06-29T01:46:12.557284,-2139.956187299511,-5337.131988436229,-4130.573129885899,-2.905111297283327,-3.5284170768348617,5.929052873098794,56653U
2025-06-29T01:47:12.557284,-2309.8256693779476,-5537.92250096747,-3766.7119201842797,-2.7553863523302833,-3.162495616814081,6.19548855055491,56653U
2025-06-29T01:48:12.557284,-2470.3820894804267,-5716.384891680513,-3387.6236519047307,-2.5947953616801,-2.7844066084298786,6.436480548514717,56653U
2025-06-29T01:49:12.557284,-2620.9935153938077,-5871.835295563117,-2994.862054633637,-2.424011021346717,-2.3956923940995947,6.651145709515046,56653U
2025-06-29T01:50:12.557284,-2761.0694878799018,-6003.683429797474,-2590.0306191928603,-2.243742084317871,-1.9979284610093087,6.838708113229442,56653U
2025-06-29T01:51:12.557284,-2890.0630923671783,-6111.434389599903,-2174.7760970018453,-2.0547303608189265,-1.5927171946796426,6.998501052943113,56653U
2025-06-29T01:52:12.557284,-3007.472847292847,-6194.690067691131,-1750.7818953928477,-1.8577476335797598,-1.1816816120470228,7.129968578148458,56653U
2025-06-29T01:53:12.557284,-3112.8444045751626,-6253.150197344578,-1319.7613952077513,-1.6535925019243558,-0.7664591005868697,7.232666601237013,56653U
2025-06-29T01:54:12.557284,-3205.772058584806,-6286.613020599916,-883.4512169288867,-1.4430871693119596,-0.34869519060254334,7.306263569129401,56653U
2025-06-29T01:55:12.557284,-3285.900060900317,-6294.97558486388,-443.60446134588494,-1.22707418958173,0.06996261203457733,7.350540703821319,56653U
2025-06-29T01:56:12.557284,-3352.9237390706176,-6278.233672727932,-1.983950300301438,-1.006413187536995,0.4878709057513497,7.365391819135816,56653U
2025-06-29T01:57:12.557284,-3406.5904185414042,-6236.481371379511,439.6445075778151,-0.7819775696415122,0.9033963596282025,7.350822724342012,56653U
2025-06-29T01:58:12.557284,-3446.7001478288407,-6169.910289447254,879.5188020736872,-0.5546512404414857,1.314921541490068,7.306950228626287,56653U
2025-06-29T01:59:12.557284,-3473.106227916013,-6078.8084304715485,1315.887134455959,-0.3253253398943463,1.7208505848044788,7.234000763564743,56653U
2025-06-29T02:00:12.557284,-3485.715547698154,-5963.5587334083475,1747.0145365082328,-0.09489501605228352,2.119614673761396,7.1323086436468115,56653U
2025-06-29T02:01:12.557284,-3484.4887280922367,-5824.637291635462,2171.189274921488,0.1357437534555594,2.50967732860388,7.002313987437948,56653U
2025-06-29T02:02:12.557284,-3469.4400781441077,-5662.61126281857,2586.7291218661785,0.3656972789667379,2.8895394763237783,6.844560324057873,56653U
2025-06-29T02:03:12.557284,-3440.6373670990165,-5478.136482698273,2991.9874740607916,0.5940772046758208,3.2577442951404643,6.65969191121573,56653U
2025-06-29T02:04:12.557284,-3398.201416940178,-5271.954796369727,3385.359304208666,0.8200034738875467,3.612881824669173,6.448450792022619,56653U
2025-06-29T02:05:12.557284,-3342.305520336289,-5044.891120939145,3765.286930248782,1.0426072064993581,3.9535933372618954,6.211673618150176,56653U
2025-06-29T02:06:12.557284,-3273.174689268682,-4797.850253559244,4130.265589423195,1.2610334835376242,4.278575469569248,5.950288266592387,56653U
2025-06-29T02:07:12.557284,-3191.084739827505,-4531.813438772528,4478.848805672999,1.474444035587318,4.58658411682981,5.665310276303857,56653U
2025-06-29T02:08:12.557284,-3096.3612187766007,-4247.834708842191,4809.653540295038,1.6820198339697705,4.8764380956367495,5.357839129340644,56653U
2025-06-29T02:09:12.557284,-2989.3781774875347,-3947.0370103333244,5121.365117101563,1.8829635854863933,5.147022583871315,5.029054398835466,56653U
2025-06-29T02:10:12.557284,-2870.5567987438317,-3630.6081296514085,5412.741914478534,2.076502133391554,5.397292349019294,4.680211783249328,56653U
2025-06-29T02:11:12.557284,-2740.3638817236456,-3299.79642957271,5682.619817715,2.2618887689304494,5.62627477811772,4.312639042912711,56653U
2025-06-29T02:12:12.557284,-2599.310190192479,-2955.906408034393,5929.916425755073,2.438405459224603,5.833072724035818,3.927731850972554,56653U
2025-06-29T02:13:12.557284,-2447.948668592415,-2600.294089630723,6153.635007075362,2.605364998447979,6.016867183596806,3.5269495665973554,56653U
2025-06-29T02:14:12.557284,-2286.872530320247,-2234.362259427734,6352.8681996980185,2.7621130900583903,6.176919823136047,3.1118109337793296,56653U
2025-06-29T02:15:12.557284,-2116.713222054493,-1859.5555478786275,6526.801450417089,2.908030368299109,6.312575366434128,2.6838897044107664,56653U
2025-06-29T02:16:12.557284,-1938.1382675502743,-1477.3553748620125,6674.716188121191,3.0425343672103025,6.423263858516927,2.2448101796657043,56653U
2025-06-29T02:17:12.557284,-1751.848993889395,-1089.2747602005404,6795.992725654029,3.165081444970245,6.5085028165812355,1.796242659220136,56653U
2025-06-29T02:18:12.557284,-1558.578142777666,-696.8530074984976,6890.112883972771,3.2751686704978984,6.567899276292922,1.3398987836583338,56653U
2025-06-29T02:19:12.557284,-1359.0873691429301,-301.65026779474135,6956.662331465294,3.3723356778857876,6.601151737954254,0.8775267516894031,56653U
2025-06-29T02:20:12.557284,-1154.1646290408073,94.75801058010101,6995.332630192261,3.4561664923950968,6.608052012603335,0.4109063907208092,56653U
2025-06-29T02:21:12.557284,-944.6214587360414,490.7867394103461,7005.922979573757,3.5262913294588865,6.588486963084549,-0.05815594296070559,56653U
2025-06-29T02:22:12.557284,-731.2901468263425,884.8469482966985,6988.341646682404,3.5823883654333337,6.542440129622285,-0.5278326595007269,56653U
2025-06-29T02:23:12.557284,-515.0208014355898,1275.3516349260128,6942.607070891074,3.6241854757630407,6.469993223581131,-0.9962804516485846,56653U
2025-06-29T02:24:12.557284,-296.67831484172746,1660.7216990936195,6868.848629216378,3.6514619328523383,6.37132746706624,-1.461646056229642,56653U
2025-06-29T02:25:12.557284,-77.13922844033932,2039.3919502269234,6767.307047366107,3.664050052340802,6.246724749993531,-1.9220722831422876,56653U
2025-06-29T02:26:12.557284,142.71149831229712,2409.8171763829178,6638.334440314132,3.661836772768926,6.096568570441932,-2.3757043305396057,56653U
2025-06-29T02:27:12.557284,361.98381037056953,2770.478260578258,6482.393965270393,3.6447651498982867,5.92134471871225,-2.8206963999100116,56653U
2025-06-29T02:28:12.557284,579.7859652098907,3119.888327905508,6300.059069260958,3.6128357433475915,5.72164166077841,-3.2552186184889806,56653U
2025-06-29T02:29:12.557284,795.2280194143677,3456.59890420322,6092.012313270638,3.566107869851582,5.498150572965048,-3.6774642688464696,56653U
2025-06-29T02:30:12.557284,1007.4253850093245,3779.2060641619987,5859.043755095877,3.504700694485097,5.251664976933491,-4.085657316753863,56653U
2025-06-29T02:31:12.557284,1215.5024450617282,4086.3565437093434,5602.048873783654,3.42879412875728,4.983079922620789,-4.478060218682931,56653U
2025-06-29T02:32:12.557284,1418.5962161929954,4376.75378841358,5322.026019848622,3.3386295027074495,4.6933906668316085,-4.8529819797616565,56653U
2025-06-29T02:33:12.557284,1615.8600436718139,4649.163906565937,5020.073377414194,3.2345099771489543,4.383690796883643,-5.2087864219683935,56653U
2025-06-29T02:34:12.557284,1806.4673127323108,4902.421492645591,4697.385427039763,3.116800662120586,4.055169752153782,-5.543900611106027,56653U
2025-06-29T02:35:12.557284,1989.6151577446024,5135.435284144797,4355.248901292555,2.9859284085053917,3.709109701625883,-5.856823380000188,56653U
2025-06-29T02:36:12.557284,2164.528148917265,5347.193612348511,3995.0382290797024,2.8423812417239844,3.3468817425873656,-6.146133874795302,56653U
2025-06-29T02:37:12.557284,2330.461934395578,5536.769605730178,3618.210469344259,2.686707409432357,2.969941394394665,-6.4105000415592945,56653U
2025-06-29T02:38:12.557284,2486.7068139993676,5703.326103245423,3226.2997398947814,2.5195140192489482,2.579823371595041,-6.648686962037023,56653U
2025-06-29T02:39:12.557284,2632.5912194964385,5846.12023408829,2820.9111527778514,2.3414652476458016,2.1781356324250742,-6.859564940700159,56653U
2025-06-29T02:40:12.557284,2767.4850752793673,5964.507620484348,2403.7142736392707,2.153280107188981,1.766552711562462,-7.042117240540177,56653U
2025-06-29T02:41:12.557284,2890.803012676714,6057.94616091573,1976.4361287934594,1.955729766162645,1.346808359623044,-7.195447362652874,56653U
2025-06-29T02:42:12.557284,3002.007410921009,6125.999352834773,1540.8537901132934,1.7496344221049582,0.9206875259145186,-7.31878576476971,56653U
2025-06-29T02:43:12.557284,3100.6112380635295,6168.339116454837,1098.786574174931,1.535859738709721,0.4900177349322551,-7.4114959166611305,56653U
2025-06-29T02:44:12.557284,3186.180665882024,6184.748084591206,652.0878982117148,1.3153128636937306,0.05665992060438333,-7.4730795958054905,56653U
2025-06-29T02:45:12.557284,3258.337434095487,6175.121327733674,202.63684113356817,1.0889380533304347,-0.377501205127929,-7.503181334853324,56653U
2025-06-29T02:46:12.557284,3316.760940959061,6139.467488490764,-247.6705369655317,0.8577119371708047,-0.8105671615588941,-7.501591943056393,56653U
2025-06-29T02:47:12.557284,3361.1900395507587,6077.909305165789,-696.9300589612237,0.6226384637354285,-1.2406359889819187,-7.468251036737181,56653U
2025-06-29T02:48:12.557284,3391.424521728972,5990.683510385529,-1143.2384170579537,0.38474357445015,-1.6658127142464425,-7.403248528697696,56653U
2025-06-29T02:49:12.557284,3407.326274791736,5878.140097261836,-1584.702217290785,0.1450696585607204,-2.0842198823792772,-7.306825042786736,56653U
2025-06-29T02:50:12.557284,3408.8200992241705,5740.74095237363,-2019.4470165099322,-0.0953301539492758,-2.494008042061237,-7.179371237172281,56653U
2025-06-29T02:51:12.557284,3395.894179510439,5579.057861737193,-2445.6262857216357,-0.3353978014780486,-2.8933660729585324,-7.021426037663926,56653U
2025-06-29T02:52:12.557284,3368.600203714134,5393.769902724774,-2861.430234278331,-0.5740761404843214,-3.2805312457453435,-6.833673800146671,56653U
2025-06-29T02:53:12.557284,3327.0531313085216,5185.660241421676,-3265.0944311344497,-0.8103147742030612,-3.6537989110519566,-6.616940438263376,56653U
2025-06-29T02:54:12.557284,3271.430612469415,4955.61236102699,-3654.9081621316905,-1.0430758002783898,-4.0115317213078505,-6.372188568394294,56653U
2025-06-29T02:55:12.557284,3201.972065639101,4704.605752460882,-4029.222465965898,-1.2713394199725385,-4.35216829923706,-6.100511738250913,56653U
2025-06-29T02:56:12.557284,3118.977423545921,4433.711103227559,-4386.457795990849,-1.494109355634931,-4.674231278233305,-5.803127817627253,56653U
2025-06-29T02:57:12.557284,3022.8055609453904,4144.085024693545,-4725.111260204539,-1.7104180282265793,-4.9763346525864005,-5.4813716397083585,56653U
2025-06-29T02:58:12.557284,2913.8724200782676,3836.9643612346686,-5043.763397449441,-1.9193314526637053,-5.257190389062485,-5.136686988631986,56653U
2025-06-29T02:59:12.557284,2792.648852167231,3513.660127125052,-5341.084453908347,-2.1199538153600614,-5.515614265220119,-4.770618033605067,56653U
2025-06-29T03:00:12.557284,2659.658195172052,3175.551118607264,-5615.8401301880795,-2.311431705341122,-5.750530913577685,-4.3848003118197365,56653U
2025-06-29T03:01:12.557284,2515.473609477824,2824.077249314026,-5866.896775505106,-2.49295797743242,-5.9609780639131795,-3.980951361796259,56653U
2025-06-29T03:02:12.557284,2360.7151942048586,2460.7326571640715,-6093.226011562231,-2.6637752330439763,-6.146109988183219,-3.5608611058112216,56653U
2025-06-29T03:03:12.557284,2196.0469074207863,2087.0586301061226,-6293.9087744969465,-2.823178910759535,-6.305200163466484,-3.1263820750382894,56653U
2025-06-29T03:04:12.557284,2022.173313741156,1704.63639674288,-6468.138768670664,-2.970519985092532,-6.437643177713022,-2.6794195643032133,56653U
2025-06-29T03:05:12.557284,1839.8361826549285,1315.0798260088238,-6615.225330983401,-3.1052072772479122,-6.542955910760031,-2.2219217952974595,56653U
2025-06-29T03:06:12.557284,1649.8109604719548,920.0280778552615,-6734.595708755563,-3.226709386392415,-6.620778028951671,-1.7558701581696818,56653U
2025-06-29T03:07:12.557284,1452.9031381036236,521.1382443959976,-6825.796758005441,-3.334556253730038,-6.670871835791475,-1.2832695920052675,56653U
2025-06-29T03:08:12.557284,1249.9445360162888,120.07801830702047,-6888.496072152051,-3.428340374567913,-6.693121523425981,-0.806139155222484,56653U
2025-06-29T03:09:12.557284,1041.789526702556,-281.4815774335077,-6922.482553803963,-3.5077176755512065,-6.6875318705490345,-0.32650282773787714,56653U
2025-06-29T03:10:12.557284,829.3112139410175,-681.8733670674186,-6927.666444401232,-3.5724080754012184,-6.654226431727206,0.15361942182943922,56653U
2025-06-29T03:11:12.557284,613.3975870151037,-1079.4410780264222,-6904.078828106652,-3.622195747886007,-6.593445261407891,0.6322202783655354,56653U
2025-06-29T03:12:12.557284,394.9476669811832,-1472.5462489508304,-6851.870627564043,-3.656929105494062,-6.505542213248426,1.1073134129978603,56653U
2025-06-29T03:13:12.557284,174.86766103143967,-1859.5749655991492,-6771.31111002829,-3.67652052149963,-6.390981852163189,1.5769414930082077,56653U
2025-06-29T03:14:12.557284,-45.93285996323372,-2238.9444024898444,-6662.785922999004,-3.6809458069294587,-6.250336012897987,2.039183859867026,56653U
2025-06-29T03:15:12.557284,-266.5447465353948,-2609.1091499241925,-6526.794678929172,-3.67024345750857,-6.08428003524964,2.4921638694769954,56653U
2025-06-29T03:16:12.557284,-486.0630049134497,-2968.567307604176,-6363.948108906976,-3.6445136841035186,-5.893588702489833,2.93405589070452,56653U
2025-06-29T03:17:12.557284,-703.5904678175796,-3315.866327468406,-6174.964805471441,-3.603917238620903,-5.6791319062965515,3.3630919593153754,56653U
2025-06-29T03:18:12.557284,-918.2413896587385,-3649.608589587613,-5960.6675749855185,-3.548674045859157,-5.441870058713181,3.7775680845927626,56653U
2025-06-29T03:19:12.557284,-1129.1449545892651,-3968.456696079796,-5721.9794202758985,-3.4790616505416327,-5.182849269429153,4.175850205449052,56653U
2025-06-29T03:20:12.557284,-1335.4486863382626,-4271.1384690224695,-5459.919174596086,-3.3954134877442628,-4.903196305085089,4.556379791890876,56653U
2025-06-29T03:21:12.557284,-1536.3217492178171,-4556.451639319598,-5175.596808382302,-3.298116984214645,-4.604113346358346,4.917679086485928,56653U
2025-06-29T03:22:12.557284,-1730.9581301202732,-4823.268214448276,-4870.208430757872,-3.1876114976848764,-4.286872558268356,5.258355979180964,56653U
2025-06-29T03:23:12.557284,-1918.5796917645187,-5070.538514005188,-4545.03100828749,-3.0643861012069395,-3.952810489398809,5.577108507614159,56653U
2025-06-29T03:24:12.557284,-2098.439087902157,-5297.294863013035,-4201.41682408285,-2.9289772197750237,-3.603322316496099,5.872728974087538,56653U
2025-06-29T03:25:12.557284,-2269.822531691062,-5502.654934073056,-3840.7877009687827,-2.781966127002082,-3.2398559520474426,6.1441076697634385,56653U
2025-06-29T03:26:12.557284,-2432.0524089754663,-5685.824730645816,-3464.6290130425336,-2.6239763103565266,-2.8639060338889255,6.390236196476864,56653U
2025-06-29T03:27:12.557284,-2584.489728811833,-5846.10120504946,-3074.483510522383,-2.455670714367208,-2.4770078174765713,6.610210376917232,56653U
2025-06-29T03:28:12.557284,-2726.5364042283963,-5982.874506147662,-2671.9449833030103,-2.277748872229281,-2.080730993097333,6.803232744813439,56653U
2025-06-29T03:29:12.557284,-2857.6373569269595,-6095.629853181406,-2258.6517890352147,-2.090943937306607,-1.676673451834784,6.9686146081930165,56653U
2025-06-29T03:30:12.557284,-2977.28244040757,-6183.94903374092,-1836.2802718416697,-1.8960196270825265,-1.2664550254683054,7.105777680718963,56653U
2025-06-29T03:31:12.557284,-3085.0081768273176,-6247.511525475668,-1406.538097910952,-1.693767093084811,-0.8517112265444119,7.214255278506588,56653U
2025-06-29T03:32:12.557284,-3180.39930377626,-6286.09524276749,-971.1575341829002,-1.4850017311566102,-0.4340870155562296,7.29369308260001,56653U
2025-06-29T03:33:12.557284,-3263.0901280603193,-6299.576911224564,-531.8886961230095,-1.2705599471089148,-0.01523062242566429,7.343849470362625,56653U
2025-06-29T03:34:12.557284,-3332.765684507631,-6287.932074463294,-90.49279017640325,-1.0512958932312206,0.40321255073882445,7.364595422304838,56653U
2025-06-29T03:35:12.557284,-3389.162698746083,-6251.234739201869,351.2646241053995,-0.8280781913262115,0.8196059193591029,7.355914014226792,56653U
2025-06-29T03:36:12.557284,-3432.0703538214484,-6189.656666167745,791.6203280541115,-0.6017866578499482,1.2323275735582302,7.317899507884589,56653U
2025-06-29T03:37:12.557284,-3461.3308614224,-6103.466315693988,1228.8200707507817,-0.3733090463631494,1.6397759794983098,7.250756056584515,56653U
2025-06-29T03:38:12.557284,-3476.8398393326006,-5993.027458122646,1661.125106648539,-0.14353782184173314,2.040375503782926,7.1547960450638675,56653U
2025-06-29T03:39:12.557284,-3478.546497530066,-5858.797460226117,2086.818623105391,0.08663301954804083,2.4325817424331646,7.030438085631307,56653U
2025-06-29T03:40:12.557284,-3466.453636083237,-5701.325259780652,2504.2120383703163,0.3163110728096157,2.81488663891158,6.87820469472201,56653U
2025-06-29T03:41:12.557284,-3440.6174586415186,-5521.249041171134,2911.651152035262,0.5446085776480395,3.185823378906721,6.698719675701308,56653U
2025-06-29T03:42:12.557284,-3401.147205874847,-5319.293625453767,3307.5221315152758,0.770645393862578,3.543971053047548,6.492705234850605,56653U
2025-06-29T03:43:12.557284,-3348.204613673026,-5096.267588661428,3690.2573196724234,0.9935518910930794,3.8879590822617915,6.260978857955004,56653U
2025-06-29T03:44:12.557284,-3282.0032012674087,-4853.060122295636,4058.3408502587376,1.212471747343125,4.216471404061504,6.004449974740742,56653U
2025-06-29T03:45:12.557284,-3202.8073946788913,-4590.637649916126,4410.314059368747,1.4265646527002516,4.5282504215193065,5.724116437569051,56653U
2025-06-29T03:46:12.557284,-3110.9314910291537,-4310.040213528492,4744.7806825256,1.6350089166816062,4.822100719985236,5.4210608392867545,56653U
2025-06-29T03:47:12.557284,-3006.7384692774654,-4012.3776430931093,5060.411828349561,1.837003979599536,5.0968925595937,5.09644669298072,56653U
2025-06-29T03:48:12.557284,-2890.638652867055,-3698.8255219503644,5355.9507209449985,2.0317728302098033,5.351565154227416,4.751514493615815,56653U
2025-06-29T03:49:12.557284,-2763.0882295929496,-3370.620960312055,5630.217204149581,2.218564333608423,5.585129749737727,4.387577678221766,56653U
2025-06-29T03:50:12.557284,-2624.5876337465347,-3029.0581882254596,5882.1120016043715,2.3966554748328557,5.796672515795391,4.006018497497482,56653U
2025-06-29T03:51:12.557284,-2475.6797952627126,-2675.4839786082525,6110.620727200365,2.5653535248413277,5.985357266685047,3.608283807513099,56653U
2025-06-29T03:52:12.557284,-2316.9482602134904,-2311.2929101226937,6314.81764081167,2.72399813643489,6.1504280265922935,3.195880785727523,56653U
2025-06-29T03:53:12.557284,-2149.015186568675,-1937.9224788274144,6493.869144341093,2.8719633782136356,6.2912114544281,2.770372570904907,56653U
2025-06-29T03:54:12.557284,-1972.5392187091836,-1556.8480667775589,6647.037012957132,3.008659714768932,6.407119141945649,2.333373821868041,56653U
2025-06-29T03:55:12.557284,-1788.2132437446485,-1169.5777750569548,6773.681356011966,3.133535940988328,6.497649796831224,1.8865461854900052,56653U
2025-06-29T03:56:12.557284,-1596.7620322874698,-777.6471281828524,6873.263301492933,3.2460810775570095,6.562391319590393,1.431593660077102,56653U
2025-06-29T03:57:12.557284,-1398.9397659873616,-382.6136564486203,6945.347397003504,3.345826233475481,6.601022779443659,0.9702578364764727,56653U
2025-06-29T03:58:12.557284,-1195.5274538650046,13.948637386201613,6989.603719213304,3.4323464396755594,6.6133162901415155,0.5043129960267274,56653U
2025-06-29T03:59:12.557284,-987.3302393251496,410.454920550681,7005.809682497462,3.505262455621506,6.599138781691862,0.035561042017283204,56653U
2025-06-29T04:00:12.557284,-775.1745997026802,805.3152749711606,6993.851536148278,3.564242548163874,6.558453658570146,-0.43417376021738086,56653U
2025-06-29T04:01:12.557284,-559.9054403205018,1196.9405366518752,6953.725538138026,3.6090042389153294,6.4913223291868745,-0.9030502599334375,56653U
2025-06-29T04:02:12.557284,-342.3830853450022,1583.7482211109889,6885.538792000132,3.639316013102625,6.397905585377015,-1.369216139009623,56653U
2025-06-29T04:03:12.557284,-123.48016821790857,1964.1685248907218,6789.509732046131,3.6549989792993873,6.27846480463187,-1.8308138940846674,56653U
2025-06-29T04:04:12.557284,95.92157485038113,2336.6503914377613,6665.968240920091,3.65592846575334,6.133362941918141,-2.285987102195354,56653U
2025-06-29T04:05:12.557284,314.93460392691304,2699.6676276050025,6515.355382487773,3.642035535299867,5.963065272435401,-2.7328869846373314,56653U
2025-06-29T04:06:12.557284,532.6689614081375,3051.7250546603336,6338.2227323461475,3.613308397223133,5.768139841781546,-3.169679277724921,56653U
2025-06-29T04:07:12.557284,748.2357382062931,3391.364675058738,6135.2312878958,3.5697936910187305,5.549257575949254,-3.5945514117885495,56653U
2025-06-29T04:08:12.557284,960.7506116577533,3717.1718333684157,5907.1499400276625,3.511597613964688,5.307192000599494,-4.005719991198705,56653U
2025-06-29T04:09:12.557284,1169.3374450341646,4027.781346729339,5654.8534890973515,3.4388868618613575,5.042818517349988,-4.401438558633911,56653U
2025-06-29T04:10:12.557284,1373.131936679628,4321.883577115197,5379.32018906805,3.3518893503916143,4.757113184579093,-4.780005616395569,56653U
2025-06-29T04:11:12.557284,1571.2853048418494,4598.230414579091,5081.628805532216,3.250894683406816,4.451150951622054,-5.139772866604,56653U
2025-06-29T04:12:12.557284,1762.9679922448415,4855.6411376655515,4762.95517582211,3.136254334178513,4.126103298357517,-5.479153620863669,56653U
2025-06-29T04:13:12.557284,1947.3733724346814,5093.008114396995,4424.568262584109,3.008381506357321,3.7832352370922497,-5.796631318834801,56653U
2025-06-29T04:14:12.557284,2123.721437960569,5309.30230477516,4067.8256960388267,2.867750643123659,3.42390164038145,-6.090768084430596,56653U
2025-06-29T04:15:12.557284,2291.2624486128375,5503.578523714733,3694.16880462163,2.7148965558262197,3.049542866885699,-6.360213238494889,56653U
2025-06-29T04:16:12.557284,2449.2805162772543,5674.98042183055,3305.1171387687814,2.5504131472920792,2.6616796674647736,-6.603711678162339,56653U
2025-06-29T04:17:12.557284,2597.09710156098,5822.7451406498185,2902.2624981786753,2.3749517099089203,2.2619073652232964,-6.820112026063542,56653U
2025-06-29T04:18:12.557284,2734.0743962527285,5946.207598688444,2487.262478855647,2.1892187844536615,1.8518893159140384,-7.00837444743581,56653U
2025-06-29T04:19:12.557284,2859.618564965498,6044.804365497175,2061.8335624873644,1.9939735723425138,1.4333496686265002,-7.167578030352392,56653U
2025-06-29T04:20:12.557284,2973.182819015857,6118.0770822863915,1627.743777097212,1.7900249013567304,1.0080654606896085,-7.296927623907846,56653U
2025-06-29T04:21:12.557284,3074.270295767569,6165.675390111132,1186.8049642690316,1.5782277527520663,0.5778580947601203,-7.395760031467727,56653U
2025-06-29T04:22:12.557284,3162.436717329692,6187.359329831036,740.8646944125372,1.3594793657729736,0.14458425972833638,-7.463549461065446,56653U
2025-06-29T04:23:12.557284,3237.2928036673043,6183.001182124311,291.7978773399073,1.1347149437157549,-0.2898736301113993,-7.4999121426854645,56653U
2025-06-29T04:24:12.557284,3298.5064168482004,6152.586720667786,-158.50187929442694,0.90490299357073,-0.7236173916280715,-7.504610032375635,56653U
2025-06-29T04:25:12.557284,3345.8044152962298,6096.2158571097725,-608.1311065571068,0.6710403386556494,-1.1547433293063187,-7.47755353565608,56653U
2025-06-29T04:26:12.557284,3378.974199510172,6014.102662541174,-1055.185444906103,0.43414685029574607,-1.5813526879058075,-7.418803197206744,56653U
2025-06-29T04:27:12.557284,3397.8649336849903,5906.574756679413,-1497.7686852563156,0.1952599502807059,-2.00156219215516,-7.328570319914232,56653U
2025-06-29T04:28:12.557284,3402.3884309749346,5774.072062761999,-1934.0018149560874,-0.04457105966051905,-2.413514561357961,-7.2072164935589855,56653U
2025-06-29T04:29:12.557284,3392.519693684215,5617.144933039876,-2362.0320024974126,-0.28429078192135265,-2.815388886479213,-7.055252031199893,56653U
2025-06-29T04:30:12.557284,3368.2971033760136,5436.451656590937,-2780.0414552149896,-0.5228435593862878,-3.2054107596499835,-6.873333329107271,56653U
2025-06-29T04:31:12.557284,3329.8222596611877,5232.755367777473,-3186.256085747114,-0.7591793025508824,-3.581862050965387,-6.662259183352852,56653U
2025-06-29T04:32:12.557284,3277.2594701708867,5006.92037988332,-3578.953925603222,-0.9922592469718022,-3.9430902347899353,-6.422966112348463,56653U
2025-06-29T04:33:12.557284,3210.8348978408403,4759.9079741472415,-3956.4732277092285,-1.2210615831497078,-4.287517177234172,-6.156522749248052,56653U
2025-06-29T04:34:12.557284,3130.8353750539072,4492.771679432421,-4317.220204173985,-1.4445869047488946,-4.613647307680843,-5.864123380769797,56653U
2025-06-29T04:35:12.557284,3037.6068973268984,4206.652082043438,-4659.6763505941,-1.661863425970186,-4.92007510979874,-5.547080719325246,56653U
2025-06-29T04:36:12.557284,2931.5528120219606,3902.7712086485785,-4982.405313838641,-1.8719519247192686,-5.205491880939757,-5.20681800312335,56653U
2025-06-29T04:37:12.557284,2813.1317199665405,3582.4265278568705,-5284.059266249781,-2.073950374714969,-5.4686917226860166,-4.844860524032858,56653U
2025-06-29T04:38:12.557284,2682.8551098415924,3246.984617718479,-5563.3847554034355,-2.2669982366222774,-5.708576739143238,-4.462826685410375,56653U
2025-06-29T04:39:12.557284,2541.2847467350316,2897.8745473025815,-5819.228004808228,-2.450280385409416,-5.924161432902566,-4.062418691944031,56653U
2025-06-29T04:40:12.557284,2389.0298373501414,2536.5810205925313,-6050.539647044965,-2.623030658183983,-6.114576301033147,-3.64541297099633,56653U
2025-06-29T04:41:12.557284,2226.7439950286234,2164.6373303152486,-6256.378876703609,-2.7845350135201796,-6.279070644666742,-3.213650420250407,56653U
2025-06-29T04:42:12.557284,2055.1220280170696,1783.6181680645866,-6435.917015958671,-2.9341342995585773,-6.417014615441089,-2.769026569993795,56653U
2025-06-29T04:43:12.557284,1874.8965743239394,1395.1323353163461,-6588.440490627113,-3.071226633763668,-6.527900530081092,-2.3134817405307913,56653U
2025-06-29T04:44:12.557284,1686.8346061195905,1000.8153977523539,-6713.35321902698,-3.1952694020514363,-6.611343490630793,-1.8489912663855406,56653U
2025-06-29T04:45:12.557284,1491.733825988115,602.3223228496477,-6810.178419848391,-3.305780888956414,-6.667081352275144,-1.3775558495889764,56653U
2025-06-29T04:46:12.557284,1290.4189764998882,201.32013804826855,-6878.559848556996,-3.402341553564977,-6.694974083375849,-0.9011920948278977,56653U
2025-06-29T04:47:12.557284,1083.7380835934268,-200.51935591073524,-6918.2624745862695,-3.4845949681022237,-6.695002563418479,-0.42192326994383345,56653U
2025-06-29T04:48:12.557284,872.5586531950514,-601.5267845834019,-6929.172613770366,-3.552248437364599,-6.667266864212987,0.05822967345757831,56653U
2025-06-29T04:49:12.557284,657.7638394022076,-1000.0422830855338,-6911.297532180644,-3.605073317722312,-6.61198405813872,0.5372567924528096,56653U
2025-06-29T04:50:12.557284,440.24860147032456,-1394.422436202056,-6864.764538814736,-3.642905054268679,-6.529485594733058,1.01316753835684,56653U
2025-06-29T04:51:12.557284,220.9158657890003,-1783.0470508070468,-6789.81958552548,-3.6656429539989186,-6.420214283761465,1.48399882121099,56653U
2025-06-29T04:52:12.557284,0.6727080520243683,-2164.325738114065,-6686.825393238484,-3.673249711783888,-6.2847209193443465,1.9478227435726263,56653U
2025-06-29T04:53:12.557284,-219.57343007397228,-2536.704285114723,-6556.259123969666,-3.6657507045053848,-6.123660576007623,2.40275399733351,56653U
2025-06-29T04:54:12.557284,-438.9184762843206,-2898.6707961849893,-6398.7096184866095,-3.643233067170754,-5.937788603900052,2.84695691951291,56653U
2025-06-29T04:55:12.557284,-656.4654021943411,-3248.7615872702963,-6214.874219719846,-3.605844563248626,-5.727956347074005,3.2786522041749873,56653U
2025-06-29T04:56:12.557284,-871.327824966353,-3585.5668163150344,-6005.555202279155,-3.5537922599745952,-5.495106605820187,3.6961232679383538,56653U
2025-06-29T04:57:12.557284,-1082.6335244076427,-3907.7358347327017,-5771.655828701042,-3.4873410180557007,-5.2402688616888256,4.0977222661776596,56653U
2025-06-29T04:58:12.557284,-1289.5278644384423,-4213.982245748819,-5514.1760533749775,-3.4068118041250135,-4.964554282090834,4.481875756142346,56653U
2025-06-29T04:59:12.557284,-1491.1771082793484,-4503.088656420994,-5234.207895492396,-3.3125798335136074,-4.669150520289505,4.847090002021696,56653U
2025-06-29T05:00:12.557284,-1686.7716171472534,-4773.911111112251,-4932.930502819514,-3.2050725504379307,-4.355316326134787,5.191955915688788,56653U
2025-06-29T05:01:12.557284,-1875.5289226746202,-5025.383195165415,-4611.604928630648,-3.0847674525581077,-4.024375983038768,5.5151536255921565,56653U
2025-06-29T05:02:12.557284,-2056.6966637165797,-5256.519798556603,-4271.568644716899,-2.9521897670288118,-3.677713587344971,5.8154566652243265,56653U
2025-06-29T05:03:12.557284,-2229.555378690248,-5466.42053040239,-3914.2298139917325,-2.8079099856104124,-3.3167671873177635,6.0917357718894,56653U
2025-06-29T05:04:12.557284,-2393.42114510936,-5654.272776369975,-3541.061346832393,-2.652541267095584,-2.943022800369415,6.342962286211572,56653U
2025-06-29T05:05:12.557284,-2547.6480585589998,-5819.354392317146,-3153.5947658707996,-2.4867367161745193,-2.558008328704818,6.568211143060182,56653U
2025-06-29T05:06:12.557284,-2691.6305439865746,-5961.036028848748,-2753.4139044782523,-2.3111865488604986,-2.163287395206582,6.7666634453227275,56653U
2025-06-29T05:07:12.557284,-2824.8054928870924,-6078.783082932642,-2342.1484646112986,-2.12661515565262,-1.7604531229504585,6.937608613266496,56653U
2025-06-29T05:08:12.557284,-2946.654220713662,-6172.157274239622,-1921.4674600096648,-1.9337780746737114,-1.3511218831585836,7.080446104043672,56653U
2025-06-29T05:09:12.557284,-3056.7042396597435,-6240.81784545847,-1493.0725708968605,-1.7334588880119617,-0.936927037525548,7.194686698190087,56653U
2025-06-29T05:10:12.557284,-3154.5308428146964,-6284.522387452032,-1058.6914363480143,-1.5264660553734923,-0.5195127016435307,7.279953352654525,56653U
2025-06-29T05:11:12.557284,-3239.758496590863,-6303.127291749524,-620.0709103078443,-1.3136296998547832,-0.10052755660552166,7.335981622903669,56653U
2025-06-29T05:12:12.557284,-3312.062039234791,-6296.58783447875,-178.9703068874223,-1.0957983611400903,0.31838126423613505,7.36261965986775,56653U
2025-06-29T05:13:12.557284,-3371.167684162735,-6264.957897407904,262.8453399905923,-0.8738357316734694,0.7355741869926623,7.359827790826046,56653U
2025-06-29T05:14:12.557284,-3416.8538277787284,-6208.389333258143,703.6119782685649,-0.6486173913331511,1.1494250821944767,7.327677696662955,56653U
2025-06-29T05:15:12.557284,-3448.95166233062,-6127.130983841315,1141.5731773413474,-0.42102755583158824,1.5583269993429174,7.266351201147573,56653U
2025-06-29T05:16:12.557284,-3467.3455952201275,-6021.527360845061,1574.98668323991,-0.1919558534665722,1.960697729515651,7.176138690892893,56653U
2025-06-29T05:17:12.557284,-3471.973476988869,-5892.017000211699,2002.1308683192954,0.03770585602019254,2.354985176986118,7.057437187336166,56653U
2025-06-29T05:18:12.557284,-3462.8266409448124,-5739.1305020158225,2421.3110557246996,0.2670666078659739,2.739672523707916,6.910748094356144,56653U
2025-06-29T05:19:12.557284,-3439.949758056126,-5563.4882685258635,2830.865700360246,0.49523939276267054,3.1132831736941684,6.736674646926266,56653U
2025-06-29T05:20:12.557284,-3403.44051131303,-5365.7979537256815,3229.1724096060107,0.7213441417524616,3.474385467722739,6.535919087427272,56653U
2025-06-29T05:21:12.557284,-3353.449094235149,-5146.851637972951,3614.653788574067,0.9445106276738444,3.8215971623193106,6.3092795968615825,56653U
2025-06-29T05:22:12.557284,-3290.177538573267,-4907.522741665879,3985.7830962615244,1.1638812771926947,4.153589670544871,6.057647008173526,56653U
2025-06-29T05:23:12.557284,-3213.87887652041,-4648.7626918082715,4341.08970045737,1.3786138894175295,4.469092065592453,5.782001328190697,56653U
2025-06-29T05:24:12.557284,-3124.856142901527,-4371.597355183749,4679.164320722322,1.5878842591065405,4.766894851538994,5.483408093329448,56653U
2025-06-29T05:25:12.557284,-3023.4612228601395,-4077.123251511976,4998.664050096569,1.7908887044394115,5.0458535086507155,5.16301458219482,56653U
2025-06-29T05:26:12.557284,-2910.093550504754,-3766.5035594661995,5298.3171474020855,1.9868465012099852,5.304891823337308,4.822045905568845,56653U
2025-06-29T05:27:12.557284,-2785.198663826727,-3440.9639278118093,5576.927593048466,2.1750022270303346,5.543005015085048,4.461800991081916,56653U
2025-06-29T05:28:12.557284,-2649.266620963105,-3101.7881032036094,5833.379402103981,2.3546280206681915,5.7592626743905235,4.083648476164592,56653U
2025-06-29T05:29:12.557284,-2502.8302825667192,-2750.313385390145,6066.640689028947,2.5250257629096984,5.952811526784773,3.689022518774469,56653U
2025-06-29T05:30:12.557284,-2346.463464675359,-2387.9259197464885,6275.767478874144,2.685529186298933,6.122878038420934,3.2794185309822006,56653U
2025-06-29T05:31:12.557284,-2180.7789660605677,-2016.0558362331824,6459.907259905607,2.8355059217046805,6.268770878342947,2.856388835905502,56653U
2025-06-29T05:32:12.557284,-2006.4264736047853,-1636.1722430976463,6618.302272524651,2.9743594898627284,6.3898832514241,2.4215382438313395,56653U
2025-06-29T05:33:12.557284,-1824.09034882477,-1249.7780829358328,6750.292529007975,3.1015312458062296,6.485695114046094,1.9765195388088732,56653U
2025-06-29T05:34:12.557284,-1634.4872982528127,-858.4048581585931,6855.318558005704,3.2165022834013275,6.555775281885708,1.5230288626818878,56653U
2025-06-29T05:35:12.557284,-1438.3639300320233,-463.60723250326714,6932.923866919706,3.318795306038276,6.599783435712329,1.0628009796234683,56653U
2025-06-29T05:36:12.557284,-1236.494198800798,-66.95751503265562,6982.757114267026,3.4079764678885476,6.617472026928703,0.5976044008945837,56653U
2025-06-29T05:37:12.557284,-1029.67674076237,329.9599668878933,7004.573982945112,3.4836571880382885,6.608688079782818,0.12923634693793004,56653U
2025-06-29T05:38:12.557284,-818.7321007836605,725.5545988139944,6998.238743999227,3.5454959372754855,6.573374881845011,-0.3404824778045003,56653U
2025-06-29T05:39:12.557284,-604.4998534627553,1118.2353071930406,6963.7254990995825,3.593199994387751,6.511573548608491,-0.8097133226639834,56653U
2025-06-29T05:40:12.557284,-387.8356203754424,1506.4164756586651,6901.119088522991,3.6265271655756757,6.423424442087588,-1.276605065958683,56653U
2025-06-29T05:41:12.557284,-169.60798616906843,1888.5239399184923,6810.615650069896,3.6452874570840734,6.309168417233352,-1.7393001507851913,56653U
2025-06-29T05:42:12.557284,49.30468316660456,2263.001049852397,6692.522813102527,3.6493446874890427,6.1691478640578,-2.1959408014787267,56653U
2025-06-29T05:43:12.557284,268.01751564617103,2628.314785445827,6547.259510842205,3.6386180223605353,6.003807507770489,-2.6446755364121546,56653U
2025-06-29T05:44:12.557284,485.6424969585065,2982.961910876327,6375.355393292,3.613083410368515,5.8136949242097185,-3.0836659870187724,56653U
2025-06-29T05:45:12.557284,701.2919158645485,3325.475148481001,6177.449822736034,3.572774896444529,5.599460723624925,-3.5110940258164103,56653U
2025-06-29T05:46:12.557284,914.0818832285885,3654.4293515083023,5954.2904337852715,3.517785784487997,5.361858352664151,-3.9251691978815555,56653U
2025-06-29T05:47:12.557284,1123.13591491281,3968.44765156189,5706.731240462301,3.4482696194558646,5.101743462453407,-4.324136440822021,56653U
2025-06-29T05:48:12.557284,1327.588566933747,4266.207553541857,5435.73027391492,3.3644409566348172,4.820072790126372,-4.706284068013607,56653U
2025-06-29T05:49:12.557284,1526.5891093440605,4546.446947787431,5142.346736058534,3.2665758845940185,4.517902502222022,-5.069951978977476,56653U
2025-06-29T05:50:12.557284,1719.3052232922817,4807.9700060958185,4827.737656822838,3.1550122678736687,4.1963859511563495,-5.41354004954505,56653U
2025-06-29T05:51:12.557284,1904.926703692827,5049.652925461917,4493.1540457236415,3.0301496759738433,3.8567708005523933,-5.735516643250586,56653U
2025-06-29T05:52:12.557284,2082.669147959318,5270.449480848134,4139.936532203355,2.8924489667451345,3.5003954816084795,-6.034427174556556,56653U
2025-06-29T05:53:12.557284,2251.7776093849716,5469.396346174522,3769.510493547407,2.742431494884667,3.128684950842307,-6.308902644453074,56653U
2025-06-29T05:54:12.557284,2411.530192053488,5645.618141113297,3383.380674153817,2.580677919921119,2.7431457293691945,-6.557668060054474,56653U
2025-06-29T05:55:12.557284,2561.2415627069427,5798.332160292616,2983.125305418025,2.40782659279234,2.345360215158336,-6.779550642440978,56653U
2025-06-29T05:56:12.557284,2700.266353842855,5926.8527412427065,2570.3897414057606,2.224571505810263,1.9369802722202187,-6.973487721502606,56653U
2025-06-29T05:57:12.557284,2828.002431519147,6030.595227927192,2146.8796317055994,2.031659797359032,1.5197201141029757,-7.138534213245727,56653U
2025-06-29T05:58:12.557284,2943.8940009714265,6109.079488052057,1714.3536592254877,1.829888809925725,1.0953485130336094,-7.273869574177009,56653U
2025-06-29T05:59:12.557284,3047.4345232267256,6161.932944555445,1274.615877083326,1.620102707837451,0.6656803801379586,-7.378804129148803,56653U
2025-06-29T06:00:12.557284,3138.169416465804,6188.893084761444,829.507684962625,1.4031886691515825,0.23256777596042827,-7.45278467352777,56653U
2025-06-29T06:01:12.557284,3215.6985169556256,6189.809414599152,380.8994911973077,1.1800726742809673,-0.2021095764605802,-7.495399257720898,56653U
2025-06-29T06:02:12.557284,3279.678275944234,6164.644829992534,-69.31788775963265,0.951714921877159,-0.6364541918703569,-7.506381071851337,56653U
2025-06-29T06:03:12.557284,3329.8236709654902,6113.476382929986,-519.2420340989179,0.7191049099864191,-1.0685610421153682,-7.4856113605061285,56653U
2025-06-29T06:04:12.557284,3365.90981250605,6036.495425716363,-966.967881336864,0.4832562272886842,-1.4965279919440222,-7.433121311670129,56653U
2025-06-29T06:05:12.557284,3387.773229893209,5934.007123360132,-1410.5967496076369,0.24520110509625967,-1.9184663427805142,-7.349092879818759,56653U
2025-06-29T06:06:12.557284,3395.3128235041945,5806.429330804529,-1848.2453982763857,0.005984785533206608,-2.3325113725120286,-7.23385852019917,56653U
2025-06-29T06:07:12.557284,3388.490473901113,5654.290838605757,-2278.055029701562,-0.2333402352324821,-2.7368327585362655,-7.087899829060059,56653U
2025-06-29T06:08:12.557284,3367.331302172398,5478.228997530661,-2698.2001781849794,-0.47172002776764915,-3.1296447731805492,-6.911845102447637,56653U
2025-06-29T06:09:12.557284,3331.9235795231803,5278.986739211099,-3106.8974194855077,-0.7081050526333483,-3.509216145098344,-6.706465843601518,56653U
2025-06-29T06:10:12.557284,3282.4182879074647,5057.409016301385,-3502.4138386478962,-0.9414559254498014,-3.873879487163876,-6.47267226542654,56653U
2025-06-29T06:11:12.557284,3219.02833714351,4814.438691382313,-3883.075197265819,-1.170749065361996,-4.222040200491204,-6.21150784947855,56653U
2025-06-29T06:12:12.557284,3142.0274474130865,4551.111909016048,-4247.273745529844,-1.3949821720695132,-4.552184775142602,-5.924143035952581,56653U
2025-06-29T06:13:12.557284,3051.748709238614,4268.552989780437,-4593.47562937181,-1.6131794812968119,-4.862888420458328,-5.61186812995222,56653U
2025-06-29T06:14:12.557284,2948.5828358920867,3967.968888718696,-4920.227848560271,-1.824396754246692,-5.152821971294414,-5.2760855175914,56653U
2025-06-29T06:15:12.557284,2832.9761256664115,3650.6432633950153,-5226.164727548302,-2.027725962967809,-5.420758030313896,-4.918301291096044,56653U
2025-06-29T06:16:12.557284,2705.4281534951574,3317.930198628253,-5510.013867063242,-2.2222996404386945,-5.6655763203769824,-4.540116384991095,56653U
2025-06-29T06:17:12.557284,2566.489213024581,2971.247636013239,-5770.601550677184,-2.4072948712658877,-5.886268234555036,-4.1432173257631,56653U
2025-06-29T06:18:12.557284,2416.7575314143705,2612.070556563477,-6006.857586761246,-2.581936905975043,-6.081940583953782,-3.7293666952383853,56653U
2025-06-29T06:19:12.557284,2256.876279890366,2241.923964310611,-6217.819572144451,-2.7455023886966075,-6.251818555005099,-3.3003934035960807,56653U
2025-06-29T06:20:12.557284,2087.530403412597,1862.3757175425405,-6402.6365693656835,-2.89732219441977,-6.395247897908445,-2.858182861751939,56653U
2025-06-29T06:21:12.557284,1909.4432928016752,1475.0292526801904,-6560.5721945088,-3.0367838777242118,-6.511696376257765,-2.4046671352129287,56653U
2025-06-29T06:22:12.557284,1723.3733223233216,1081.5162436689916,-6691.007117193019,-3.1633337398792145,-6.600754514473394,-1.941815152797707,56653U
2025-06-29T06:23:12.557284,1530.1102751340431,683.4892373470055,-6793.440978289825,-3.276478525318917,-6.662135684423505,-1.4716230343100858,56653U
2025-06-29T06:24:12.557284,1330.471678175829,282.614302612004,-6867.493734361718,-3.375786761733482,-6.69567557563119,-0.9961045916956623,56653U
2025-06-29T06:25:12.557284,1125.2990671557754,-119.43627149855577,-6912.906440652364,-3.460889760337629,-6.701331094820082,-0.5172820488476529,56653U
2025-06-29T06:26:12.557284,915.4542011891638,-520.9911964329673,-6929.541486752236,-3.5314822943426227,-6.679178740444986,-0.037177016333433406,56653U
2025-06-29T06:27:12.557284,701.8152455944333,-920.3872937059283,-6917.382300853825,-3.5873229743230737,-6.629412496497433,0.4421982507802184,56653U
2025-06-29T06:28:12.557284,485.2729402266397,-1315.9764661981806,-6876.532539868314,-3.6282343391448237,-6.552341287528769,0.9188492909605864,56653U
2025-06-29T06:29:12.557284,266.72676967906546,-1706.1325062493463,-6807.214783665004,-3.654102680515057,-6.448386033760256,1.3908075550445202,56653U
2025-06-29T06:30:12.557284,47.08115068314151,-2089.2577177272237,-6709.768752396183,-3.6648776181659777,-6.318076341625248,1.856138195618599,56653U
2025-06-29T06:31:12.557284,-172.75834888023834,-2463.789331140629,-6584.649066355865,-3.6605714413246173,-6.1620468613677355,2.3129475202762886,56653U
2025-06-29T06:32:12.557284,-391.888745768417,-2828.2056925244938,-6432.422568164351,-3.641258230585554,-5.9810333396451,2.7593901045161418,56653U
2025-06-29T06:33:12.557284,-609.4133191101923,-3181.032208295943,-6253.765227331949,-3.607072772718508,-5.775868391647111,3.193675561438203,56653U
2025-06-29T06:34:12.557284,-824.445217871905,-3520.8470295632414,-6049.458647494071,-3.5582092794193048,-5.54747701422195,3.614074965867138,56653U
2025-06-29T06:35:12.557284,-1036.1109864126602,-3846.286460521809,-5820.386196863679,-3.494919919645497,-5.296871859007951,4.018926930278826,56653U
2025-06-29T06:36:12.557284,-1243.5539969878723,-4156.0500766157875,-5567.528782750412,-3.4175131740415807,-5.025148282691587,4.406643329103057,56653U
2025-06-29T06:37:12.557284,-1445.9377785207155,-4448.905539128042,-5291.960291363534,-3.326352019105141,-4.733479190279111,4.775714666824717,56653U
2025-06-29T06:38:12.557284,-1642.44923139288,-4723.693093817162,-4994.842714559144,-3.221851948206171,-4.42310968668352,5.124715083991874,56653U
2025-06-29T06:39:12.557284,-1832.3017184347939,-4979.329742191017,-4677.420985700111,-3.1044788363551103,-4.095351551942553,5.4523069939512805,56653U
2025-06-29T06:40:12.557284,-2014.7380227318297,-5214.813075011529,-4341.01754736635,-2.9747466557150126,-3.7515775559392095,5.757245342014604,56653U
2025-06-29T06:41:12.557284,-2189.0331633333863,-5429.22475870341,-3987.0266742473295,-2.833215049237282,-3.393215629484698,6.038381477964306,56653U
2025-06-29T06:42:12.557284,-2354.4970604549644,-5621.733666487509,-3616.9085751658868,-2.6804867704377715,-3.021742909960086,6.294666632414449,56653U
2025-06-29T06:43:12.557284,-2510.477042328917,-5791.598647312198,-3232.18329875957,-2.5172049981573483,-2.6386796812437834,6.525154987655772,56653U
2025-06-29T06:44:12.557284,-2656.3601864731268,-5938.170926989145,-2834.4244678887017,-2.3440505361237993,-2.2455832292909634,6.7290063342413164,56653U
2025-06-29T06:45:12.557284,-2791.5754888278643,-6060.896137370003,-2425.252868288364,-2.161738908176586,-1.8440416363269574,6.905488305749239,56653U
2025-06-29T06:46:12.557284,-2915.5958549506213,-6159.315970905002,-2006.3299173195148,-1.9710173610742479,-1.4356675380688892,7.053978185859878,56653U
2025-06-29T06:47:12.557284,-3027.9399082514715,-6233.069459488888,-1579.3510388799064,-1.7726617878153474,-1.0220918695987908,7.173964284063788,56653U
2025-06-29T06:48:12.557284,-3128.1736110962456,-6281.893878106137,-1146.0389705744956,-1.5674735853056052,-0.6049576263760766,7.265046878917737,56653U
2025-06-29T06:49:12.557284,-3215.911695485131,-6305.6252754080115,-708.1370291119509,-1.356276460947751,-0.18591366733726974,7.3269387306972495,56653U
2025-06-29T06:50:12.557284,-3290.8189009205967,-6304.198634963403,-267.4023595778747,-1.1399132032735841,0.23339141296687876,7.359465168464791,56653U
2025-06-29T06:51:12.557284,-3352.611017998213,-6277.647672496993,174.40080627805287,-0.9192424320390813,0.6513153167447471,7.362563759878212,56653U
2025-06-29T06:52:12.557284,-3401.055737168475,-6226.104275932706,615.5078582941876,-0.6951353432465515,1.06622795438905,7.336283575392517,56653U
2025-06-29T06:53:12.557284,-3435.973303017068,-6149.7975964713205,1054.1604591346809,-0.4684724643104447,1.4765172110102518,7.280784061750891,56653U
2025-06-29T06:54:12.557284,-3457.2369752719446,-6049.052800224794,1488.6131159881174,-0.2401404340664326,1.8805945460960731,7.196333542708616,56653U
2025-06-29T06:55:12.557284,-3464.773298562677,-5924.289491082191,1917.1396514159312,-0.011028821507181282,2.2769004067463507,7.083307367685202,56653U
2025-06-29T06:56:12.557284,-3458.562183708535,-5776.019816473767,2338.0395533605088,0.21797300394713293,2.6639094377267587,6.9421857313998885,56653U
2025-06-29T06:57:12.557284,-3438.6368039887675,-5604.84626851961,2749.644185745598,0.44597893915775116,3.040135474693819,6.773551189434678,56653U
2025-06-29T06:58:12.557284,-3405.083310439093,-5411.459193678615,3150.3228426098185,0.6721091410169001,3.404136310300529,6.5780858960114355,56653U
2025-06-29T06:59:12.557284,-3358.040370714403,-5196.6340244551675,3538.488630245064,0.8954929390178742,3.754518226380847,6.356568591018012,56653U
2025-06-29T07:00:12.557284,-3297.698536447377,-4961.228246950549,3912.6041633845552,1.1152716603016326,4.089940288986041,6.109871363410106,56653U
2025-06-29T07:01:12.557284,-3224.2994443307166,-4706.1781181446895,4271.187062924031,1.3306013627402187,4.409118406480196,5.838956217609406,56653U
2025-06-29T07:02:12.557284,-3138.1348563073943,-4432.495146568471,4612.815244274339,1.5406554736972191,4.710829154405393,5.544871468199321,56653U
2025-06-29T07:03:12.557284,-3039.5455443518376,-4141.262349837764,4936.131986609088,1.7446273339620382,4.993913373766348,5.228747986461467,56653U
2025-06-29T07:04:12.557284,-2928.920025270654,-3833.6303019704733,5239.850774658891,1.9417326483394988,5.257279552294298,4.8917953196976125,56653U
2025-06-29T07:05:12.557284,-2806.693150831716,-3510.8129828598285,5522.759905702149,2.131211846094067,5.49990700051351,4.535297701246631,56653U
2025-06-29T07:06:12.557284,-2673.34455831047,-3174.0834415705863,5783.7268553080885,2.31233235602767,5.720848836253742,4.160609965505006,56653U
2025-06-29T07:07:12.557284,-2529.396986246439,-2824.769284347668,6021.702396068047,2.4843908022938925,5.919234792452236,3.7691533782369975,56653U
2025-06-29T07:08:12.557284,-2375.4144598486787,-2464.2479974151697,6235.724463995871,2.6467151280703454,6.094273863608603,3.362411388119615,56653U
2025-06-29T07:09:12.557284,-2212.0003500863018,-2093.942113817111,6424.921767489534,2.798666654886001,6.24525680605516,2.9419253009041944,56653U
2025-06-29T07:10:12.557284,-2039.7953100759842,-1715.3142327665776,6588.51713369956,2.939642085679294,6.371558506230826,2.5092898729411526,56653U
2025-06-29T07:11:12.557284,-1859.4750919493201,-1329.86189925672,6725.830586856107,3.0690754595166436,6.4726402293876335,2.0661488162357373,56653U
2025-06-29T07:12:12.557284,-1671.7482469720117,-939.1123510872477,6836.282152568282,3.186440065302473,6.548051758611727,1.6141902028329167,56653U
2025-06-29T07:13:12.557284,-1477.3537113252496,-544.6171400292737,6919.394381335631,3.2912503207405606,6.597433430723217,1.1551417523436855,56653U
2025-06-29T07:14:12.557284,-1277.0582796624992,-147.9466336085272,6974.794583535628,3.3830636212665777,6.620518071584715,0.6907659829603959,56653U
2025-06-29T07:15:12.557284,-1071.6539683589858,249.3155960059577,7002.21676699312,3.461482161664927,6.617132828660376,0.22285520355499822,56653U
2025-06-29T07:16:12.557284,-861.9552702911452,645.5784892511462,7001.5032669466145,3.526154730640906,6.587200893428023,-0.2467736774578712,56653U
2025-06-29T07:17:12.557284,-648.7963030551961,1039.2493152147108,6972.606056845052,3.5767784757751384,6.5307431005768155,-0.7162845517055144,56653U
2025-06-29T07:18:12.557284,-433.0278527643503,1428.7395782376157,6915.587726998842,3.61310063310513,6.447879384972668,-1.1838277438845457,56653U
2025-06-29T07:19:12.557284,-215.51431598993838,1812.4710055831995,6830.62211673221,3.634920212123822,6.338830071315312,-1.6475459017464558,56653U
2025-06-29T07:20:12.557284,2.869456969599124,2188.881605096789,6717.994584413198,3.6420896233528506,6.203916965438845,-2.105580163774151,56653U
2025-06-29T07:21:12.557284,221.2414134737965,2556.4317798466614,6578.101898648679,3.634516231937917,6.0435642105336775,-2.55607662112217,56653U
2025-06-29T07:22:12.557284,438.7156395127952,2913.6104844829842,6411.451733104652,3.612163817046039,5.858298866417206,-2.997193084860848,56653U
2025-06-29T07:23:12.557284,654.4057839449449,3258.941405514222,6218.661746923873,3.575053913345288,5.648751165578958,-3.427106162707029,56653U
2025-06-29T07:24:12.557284,867.4285582115783,3590.989144904647,6000.458232648936,3.5232670076548094,5.415654396310764,-3.8440186413030477,56653U
2025-06-29T07:25:12.557284,1076.9073021025085,3908.365383430288,5757.674313981638,3.45694356110385,5.1598443610103715,-4.24616716089705,56653U
2025-06-29T07:26:12.557284,1281.9756043435914,4209.734997137217,5491.247676696376,3.3762848249731623,4.882258356929863,-4.631830159136351,56653U
2025-06-29T07:27:12.557284,1481.7809648590764,4493.822097129705,5202.21781762213,3.281553416941641,4.583933627391449,-4.999336049877962,56653U
2025-06-29T07:28:12.557284,1675.4884835653377,4759.415959864317,4891.722798857407,3.173073623844775,4.266005233948595,-5.347071591726413,56653U
2025-06-29T07:29:12.557284,1862.2845585331152,5005.376812247212,4560.995497303282,3.051231397369928,3.9297033042106535,-5.67349038976304,56653U
2025-06-29T07:30:12.557284,2041.3805743610433,5230.641433222837,4211.359343206393,2.9164740104491726,3.576349616119036,-5.977121462980935,56653U
2025-06-29T07:31:12.557284,2212.0165597155337,5434.228531340956,3844.2235456470316,2.7693093445009476,3.207353487298514,-6.256577799702169,56653U
2025-06-29T07:32:12.557284,2373.4647912503247,5615.243856068641,3461.077807782236,2.610304781145658,2.8242069476508447,-6.5105648140741765,56653U
2025-06-29T07:33:12.557284,2525.03331961712,5772.884999514259,3063.486540045651,2.440085676537621,2.428479184393932,-6.737888609051859,56653U
2025-06-29T07:34:12.557284,2666.0693920582776,5906.445844814088,2653.0825853598103,2.259333401966144,2.0218102610804864,-6.937463945391262,56653U
2025-06-29T07:35:12.557284,2795.96274520948,6015.3206177943875,2231.5604765889843,2.0687829407681253,1.6059041254271085,-7.108321812454906,56653U
2025-06-29T07:36:12.557284,2914.1487412828633,6099.007499713195,1800.6692528195802,1.869220038718946,1.182520934694684,-7.249616495309719,56653U
2025-06-29T07:37:12.557284,3020.1113207880353,6157.111760934776,1362.2048674675098,1.6614779127571866,0.7534687415007258,-7.360632033869137,56653U
2025-06-29T07:38:12.557284,3113.3857454257504,6189.348378317217,918.0022274684136,1.4464335309189251,0.32059459683459407,-7.440787973813835,56653U
2025-06-29T07:39:12.557284,3193.5611057573165,6195.5441028614505,469.9269087912804,1.2250034844977797,-0.11422485970798617,-7.489644315705726,56653U
2025-06-29T07:40:12.557284,3260.28256973004,6175.638948742126,19.866599006577577,0.9981394814322322,-0.5490932403516621,-7.506905578015506,56653U
2025-06-29T07:41:12.557284,3313.253350099621,6129.687080129095,-430.2776774809606,0.7668234975163956,-0.9821045875276951,-7.492423901506158,56653U
2025-06-29T07:42:12.557284,3352.2363712122888,6057.857078111819,-878.6004918431153,0.5320626289658886,-1.411353788872827,-7.446201136270846,56653U
2025-06-29T07:43:12.557284,3377.055618439804,5960.431576425028,-1323.201038008526,0.29488369592520663,-1.8349471210797657,-7.368389868324867,56653U
2025-06-29T07:44:12.557284,3387.597156741163,5837.806261395842,-1762.1921895635144,0.05632765146808565,-2.251012810903436,-7.259293359544554,56653U
2025-06-29T07:45:12.557284,3383.8098082803926,5690.488238426037,-2193.7095202328637,-0.18255614565355177,-2.6577115003295715,-7.119364392415468,56653U
2025-06-29T07:46:12.557284,3365.705482677135,5519.0937742204505,-2615.9202218122414,-0.42071573392800793,-3.053246504290816,-6.949203028949687,56653U
2025-06-29T07:47:12.557284,3333.359157214623,5324.34543069811,-3027.0318545582627,-0.6571023662129689,-3.4358737533399513,-6.749553310691841,56653U
2025-06-29T07:48:12.557284,3286.908508084481,5107.068612921299,-3425.3008672298547,-0.8906762801998475,-3.8039113201809696,-6.521298943416693,56653U
2025-06-29T07:49:12.557284,3226.553197418769,4868.1875592882425,-3809.0408271751808,-1.120412363348192,-4.155748437702693,-6.265458025408561,56653U
2025-06-29T07:50:12.557284,3152.5538243548854,4608.720807527087,-4176.630304949799,-1.3453056567588946,-4.489853926812069,-5.983176891656883,56653U
2025-06-29T07:51:12.557284,3065.2305516268775,4329.776174614279,-4526.520362777047,-1.5643766469508646,-4.804783964506915,-5.675723157557042,56653U
2025-06-29T07:52:12.557284,2964.9614220959083,4032.5452924910046,-4857.2416016455045,-1.7766763000218144,-5.099189135887903,-5.344478054447168,56653U
2025-06-29T07:53:12.557284,2852.1803821849708,3718.2977443850186,-5167.410727704528,-1.981290798923463,-5.37182072761489,-4.990928155446119,56653U
2025-06-29T07:54:12.557284,2727.3750313149567,3388.3748485824667,-5455.736604796576,-2.17734595138354,-5.621536234281396,-4.616656593464954,56653U
2025-06-29T07:55:12.557284,2591.0841181366573,3044.183137683403,-5721.025766222243,-2.3640112430741125,-5.847304062798558,-4.223333874036206,56653U
2025-06-29T07:56:12.557284,2443.8948056096115,2687.187581751452,-5962.187365025463,-2.5405035177176063,-6.048207432741914,-3.8127083838932894,56653U
2025-06-29T07:57:12.557284,2286.4397277983453,2318.9046033835793,-6178.237548075385,-2.7060902727113834,-6.223447482364756,-3.386596692267137,56653U
2025-06-29T07:58:12.557284,2119.393861673061,1940.8949316921587,-6368.303244858949,-2.8600925653127898,-6.3723456003055325,-2.946873735998712,56653U
2025-06-29T07:59:12.557284,1943.4712372404654,1554.7563405835197,-6531.625367104398,-3.0018875302948294,-6.494345011716886,-2.495462972139475,56653U
2025-06-29T08:00:12.557284,1759.421509047205,1162.116314669366,-6667.561420035779,-3.130910515105975,-6.58901165447126,-2.034326573165345,56653U
2025-06-29T08:01:12.557284,1568.026411539507,764.6246837610294,-6775.587530175056,-3.2466568428552445,-6.656034386214295,-1.5654557306689283,56653U
2025-06-29T08:02:12.557284,1370.0961199882095,363.9462642926291,-6855.299898135942,-3.3486832168383467,-6.695224566370542,-1.090861123844006,56653U
2025-06-29T08:03:12.557284,1166.465537751097,-38.2464567045002,-6906.415687799196,-3.4366087828145857,-6.7065150588629425,-0.6125635996120574,56653U
2025-06-29T08:04:12.557284,957.9905296095914,-440.2805621809439,-6928.7733656446035,-3.510115866860691,-6.689958701452826,-0.1325851022316387,56653U
2025-06-29T08:05:12.557284,745.544119820388,-840.4898399869526,-6922.332505895201,-3.56895040744044,-6.6457262864595394,0.3470601180709436,56653U
2025-06-29T08:06:12.557284,530.0126724257756,-1237.221784447746,-6887.173078554684,-3.6129221004211756,-6.57410409542402,0.8243739952424591,56653U
2025-06-29T08:07:12.557284,312.2920702943303,-1628.8444392800805,-6823.494238467269,-3.641904275262933,-6.475491027308409,1.297382820342782,56653U
2025-06-29T08:08:12.557284,93.28390835174744,-2013.753058685753,-6731.612634271151,-3.6558335196270066,-6.350395356345753,1.7641450863491686,56653U
2025-06-29T08:09:12.557284,-126.10828447205039,-2390.3765653874143,-6611.960256629621,-3.6547090683367,-6.199431151931682,2.2227589977155184,56653U
2025-06-29T08:10:12.557284,-344.9827808971867,-2757.1837860807063,-6465.081845479459,-3.6385919711065857,-6.0233143892258525,2.671369640233257,56653U
2025-06-29T08:11:12.557284,-562.4433356169748,-3112.6894462783225,-6291.631876300584,-3.607604051866276,-5.822858775614984,3.108175808319566,56653U
2025-06-29T08:12:12.557284,-777.6027980169897,-3455.45990784091,-6092.371145640406,-3.561926670955478,-5.598971315055814,3.5314364874972926,56653U
2025-06-29T08:13:12.557284,-989.5866455989274,-3784.1186336646915,-5868.162976363879,-3.501799300055623,-5.352647629692865,3.9394769897024275,56653U
2025-06-29T08:14:12.557284,-1197.5364269283048,-4097.351365050407,-5619.96906338491,-3.4275179185302695,-5.084967056128126,4.3306947383300445,56653U
2025-06-29T08:15:12.557284,-1400.6131033923152,-4393.910998271374,-5348.844980978883,-3.3394332389257904,-4.797087532341611,4.703564698826706,56653U
2025-06-29T08:16:12.557284,-1598.0002794870272,-4672.622147810905,-5055.935373196458,-3.2379487687735065,-4.490240290536319,5.056644449327442,56653U
2025-06-29T08:17:12.557284,-1788.9073117766648,-4932.385384697761,-4742.468849388977,-3.123518715546183,-4.165724371071296,5.3885788845136195,56653U
2025-06-29T08:18:12.557284,-1972.5722870992934,-5172.181139360793,-4409.752607405073,-2.99664574165148,-3.8249009730890786,5.6981045446934635,56653U
2025-06-29T08:19:12.557284,-2148.2648610490905,-5391.073259475861,-4059.166807607709,-2.8578785766685204,-3.4691876583509913,5.984053561218511,56653U
2025-06-29T08:20:12.557284,-2315.288948259541,-5588.2122144083,-3692.1587214645538,-2.7078094946141844,-3.1000524260587783,6.245357208857482,56653U
2025-06-29T08:21:12.557284,-2472.9852565548035,-5762.837939071971,-3310.236679057811,-2.547071664816256,-2.719007677948567,6.481049055730993,56653U
2025-06-29T08:22:12.557284,-2620.733657638585,-5914.282311341374,-2914.9638404000443,-2.3763363859088686,-2.3276040945608023,6.690267701922583,56653U
2025-06-29T08:23:12.557284,-2757.9553876484915,-6041.9712585525385,-2507.9518159172535,-2.196310213498735,-1.927424445211372,6.87225909892651,56653U
2025-06-29T08:24:12.557284,-2884.1150716267157,-6145.426490113756,-2090.8541618187787,-2.007731993105485,-1.5200773556789444,7.026378443675386,56653U
2025-06-29T08:25:12.557284,-2998.722566732685,-6224.266854791868,-1665.35977631256,-1.8113698110042733,-1.1071910588984921,7.152091642957818,56653U
2025-06-29T08:26:12.557284,-3101.334619853842,-6278.20932283494,-1233.1862226938476,-1.6080178765228417,-0.6904071548920597,7.248976346542327,56653U
2025-06-29T08:27:12.557284,-3191.5563361350883,-6307.069594702681,-796.073005250251,-1.3984933501295986,-0.27137440673232816,7.316722550175443,56653U
2025-06-29T08:28:12.557284,-3269.042455845812,-6310.762339785962,-355.77482364292325,-1.1836331322341989,0.14825740056567038,7.355132772739208,56653U
2025-06-29T08:29:12.557284,-3333.498437912908,-6289.301070071549,85.94516903496189,-0.9642906279832646,0.5668435117033345,7.364121815123755,56653U
2025-06-29T08:30:12.557284,-3384.681349361321,-6242.797655224488,527.322079982799,-0.7413325034305212,0.9827501376786895,7.343716111692119,56653U
2025-06-29T08:31:12.557284,-3422.4005607991508,-6171.461486988435,966.5959384902238,-0.5156354482881401,1.3943602530402994,7.29405268847133,56653U
2025-06-29T08:32:12.557284,-3446.5182489515064,-6075.598302120885,1402.0182831075178,-0.2880829600053044,1.8000792314405656,7.2153777452919625,56653U
2025-06-29T08:33:12.557284,-3456.9497080687524,-5955.608674260394,1831.8586526518636,-0.05956216317666007,2.1983402994338124,7.108044881910657,56653U
2025-06-29T08:34:12.557284,-3453.663472796778,-5811.986186149278,2254.41096080097,0.16903932272764305,2.5876097911719564,6.972512990593661,56653U
2025-06-29T08:35:12.557284,-3436.681255787077,-5645.315294487625,2667.9997354340826,0.39683645558801606,2.9663921896997154,6.809343839625757,56653U
2025-06-29T08:36:12.557284,-3406.0777039306718,-5456.2689003680325,3070.98620534961,0.6229497725791231,3.3332349438371667,6.619199373670753,56653U
2025-06-29T08:37:12.557284,-3361.9799776141613,-5245.605638717356,3461.77421852391,0.8465083132754939,3.686733053108467,6.402838757780666,56653U
2025-06-29T08:38:12.557284,-3304.5671578092206,-5014.166900459133,3838.8159776105476,1.066652457185119,4.025533416707631,6.1611151920947345,56653U
2025-06-29T08:39:12.557284,-3234.0694861158854,-4762.873601202167,4200.617579901616,1.2825366709037387,4.34833894600853,5.894972523854744,56653U
2025-06-29T08:40:12.557284,-3150.7674430814623,-4492.7227101715625,4545.744350433672,1.4933321620534314,4.653912443513002,5.605441682285652,56653U
2025-06-29T08:41:12.557284,-3054.9906702098665,-4204.783552825978,4872.825958305919,1.6982294391424129,4.941080254304697,5.293636960146199,56653U
2025-06-29T08:42:12.557284,-2947.1167410678327,-3900.1939001876126,5180.561307522485,1.8964407783815171,5.208735698908692,4.960752163390962,56653U
2025-06-29T08:43:12.557284,-2827.5697867844506,-3580.1558573438583,5467.723194782396,2.087202600282726,5.455842298887693,4.608056647420716,56653U
2025-06-29T08:44:12.557284,-2696.818981043177,-3245.931562910457,5733.162727558122,2.269777760467397,5.681436808414541,4.236891254918454,56653U
2025-06-29T08:45:12.557284,-2555.376889387917,-2898.838710487015,5975.813496525353,2.4434577604853045,5.884632066387569,3.848664166335636,56653U
2025-06-29T08:46:12.557284,-2403.7976873239545,-2540.245902333339,6194.695496897667,2.6075648855256834,6.064619684316206,3.444846669817678,56653U
2025-06-29T08:47:12.557284,-2242.6752513043725,-2171.567844673954,6388.918793476583,2.761454276647029,6.2206725851509495,3.026968852839909,56653U
2025-06-29T08:48:12.557284,-2072.641126275001,-1794.2603932479904,6557.686924230895,2.9045159455122143,6.352147407414278,2.59661521320429,56653U
2025-06-29T08:49:12.557284,-1894.3623730239644,-1409.815456993526,6700.300036975468,3.0361767395585186,6.45848678738886,2.1554201824519557,56653U
2025-06-29T08:50:12.557284,-1708.5392981703837,-1019.7557671379345,6816.157753227016,3.1559022650258086,6.5392215297271505,1.7050635503353855,56653U
2025-06-29T08:51:12.557284,-1515.9030692568497,-625.6295185022835,6904.761752587824,3.2631987742935413,6.593972673680113,1.2472657749262808,56653U
2025-06-29T08:52:12.557284,-1317.2132171004644,-229.00488954758268,6965.718070071378,3.3576150225347345,6.622453458246361,0.7837831593600623,56653U
2025-06-29T08:53:12.557284,-1113.2550273426787,168.53555234927754,6998.739097660242,3.4387440967845757,6.624471184975732,0.31640287331867184,56653U
2025-06-29T08:54:12.557284,-904.8368230380158,565.4005536778025,7003.645280119499,3.5062252181676272,6.599928972021545,-0.1530622047244363,56653U
2025-06-29T08:55:12.557284,-692.7871401592686,959.9959784056512,6980.366493725211,3.5597455152679243,6.548827387438251,-0.6227788495835374,56653U
2025-06-29T08:56:12.557284,-477.951798101167,1350.730704343838,6928.943095159445,3.599041763510469,6.471265943810595,-1.0908990808423151,56653U
2025-06-29T08:57:12.557284,-261.19086764772555,1736.022603009744,6849.526626438333,3.623902082023537,6.367444430246314,-1.5555660075936348,56653U
2025-06-29T08:58:12.557284,-43.37553945195862,2114.3045922026936,6742.380160445866,3.634167575852397,6.237664051757353,-2.0149199477568462,56653U
2025-06-29T08:59:12.557284,174.61510313335503,2484.0307486391366,6607.878270518864,3.629733907699274,6.082328340302494,-2.467104839398766,56653U
2025-06-29T09:00:12.557284,391.8974020297965,2843.682465797889,6446.506606647263,3.6105527796846264,5.901943796490764,-2.9102749562118877,56653U
2025-06-29T09:01:12.557284,607.5865271490245,3191.7746396296243,6258.86106029979,3.5766333020887475,5.697120216381283,-3.3426019326816405,56653U
2025-06-29T09:02:12.557284,820.7999563661048,3526.861862037274,6045.646499735632,3.528043222774992,5.468570654188927,-3.7622820965889243,56653U
2025-06-29T09:03:12.557284,1030.6610236611666,3847.5445990906856,5807.675057989661,3.4649099881536567,5.217110969236045,-4.167544097473025,56653U
2025-06-29T09:04:12.557284,1236.3025245626413,4152.475327849852,5545.863956603328,3.387421604261375,4.943658904398061,-4.556656809680258,56653U
2025-06-29T09:05:12.557284,1436.8703661385555,4440.364602564296,5261.232849644647,3.295827264932693,4.6492326437226215,-4.927937477934418,56653U
2025-06-29T09:06:12.557284,1631.5272467891489,4709.987017924512,4954.900674698725,3.1904377132578032,4.334948799040523,-5.279760062191661,56653U
2025-06-29T09:07:12.557284,1819.4563490833561,4960.187034127458,4628.082000301637,3.0716253026510567,4.00201977928447,-5.610563727283247,56653U
2025-06-29T09:08:12.557284,1999.8650268788251,5189.884625844198,4282.082862773292,2.939823724988096,3.6517505019650693,-5.9188614118038165,56653U
2025-06-29T09:09:12.557284,2171.988466050346,5398.080714883401,3918.296089542553,2.7955273754555403,3.285534413780226,-6.203248400287117,56653U
2025-06-29T09:10:12.557284,2335.0932963855953,5583.862344531803,3538.1961108113373,2.6392903270158383,2.904848796568529,-6.462410813307002,56653U
2025-06-29T09:11:12.557284,2488.4811306473266,5746.407552316841,3143.3332667266404,2.471724891712058,2.5112493456219185,-6.695133922122879,56653U
2025-06-29T09:12:12.557284,2631.4920055294447,5884.989897393054,2735.327622999311,2.29349975135514,2.1063640194901505,-6.900310188249539,56653U
2025-06-29T09:13:12.557284,2763.5076982981045,5998.982598962801,2315.862314038979,2.105337646361798,1.6918861735748894,-7.07694692417421,56653U
2025-06-29T09:14:12.557284,2883.9548923675916,6087.862243173594,1886.6764390246497,1.908012618505516,1.2695670036686697,-7.224173469654314,56653U
2025-06-29T09:15:12.557284,2992.308164965125,6151.212017829598,1449.5575427371512,1.7023468109262412,0.8412073397336141,-7.341247778815649,56653U
2025-06-29T09:16:12.557284,3088.092770416432,6188.724437018601,1006.3337192943383,1.4892068367159865,0.4086488442209663,-7.4275623167442415,56653U
2025-06-29T09:17:12.557284,3170.8871934574304,6200.2035213772715,558.8653829821765,1.269499735525957,-0.026235317344795374,-7.482649170457308,56653U
2025-06-29T09:18:12.557284,3240.3254483583887,6185.566404152357,109.03675597079256,1.0441685456658951,-0.4615502534260527,-7.506184287980446,56653U
2025-06-29T09:19:12.557284,3296.099101513881,6144.844338384813,-341.2528722841655,0.8141875268487896,-0.8953894801663124,-7.497990770563689,56653U
2025-06-29T09:20:12.557284,3337.9589974868686,6078.183086351766,-790.0980549124835,0.5805570758058844,-1.3258453116611641,-7.458041156572249,56653U
2025-06-29T09:21:12.557284,3365.716671249035,5985.8426787184035,-1235.5962043671602,0.34429838323118434,-1.7510193998825805,-7.386458650916821,56653U
2025-06-29T09:22:12.557284,3379.2454324757146,5868.196537534419,-1675.8566512574987,0.10644788569378129,-2.1690333129178287,-7.283517270600468,56653U
2025-06-29T09:23:12.557284,3378.481111159393,5725.729964093893,-2109.009679212521,-0.1319484298953168,-2.5780390383885647,-7.14964089454568,56653U
2025-06-29T09:24:12.557284,3363.422457419064,5559.037999599411,-2533.2154695107556,-0.3698408090784687,-2.9762292997928737,-6.985401223785422,56653U
2025-06-29T09:25:12.557284,3334.1311921141987,5368.822673351785,-2946.6728901488723,-0.6061815385789563,-3.3618475770669702,-6.791514675787387,56653U
2025-06-29T09:26:12.557284,3290.731708628806,5155.889659668326,-3347.628066020559,-0.839930719938074,-3.7331977287222595,-6.568838253585589,56653U
2025-06-29T09:27:12.557284,3233.4104298787915,4921.144370750151,-3734.382669908121,-1.0700619487875658,-4.088653121284239,-6.318364445989605,56653U
2025-06-29T09:28:12.557284,3162.4148281294033,4665.587518155121,-4105.3018779091535,-1.2955678435619984,-4.426665182086557,-6.041215228985207,56653U
2025-06-29T09:29:12.557284,3078.0521184999857,4390.310180239751,-4458.8219376690895,-1.5154653717663251,-4.7457713034342985,-5.738635250110823,56653U
2025-06-29T09:30:12.557284,2980.6876400216534,4096.48841687658,-4793.457303122804,-1.7288009272205052,-5.04460203921961,-5.411984286854631,56653U
2025-06-29T09:31:12.557284,2870.7429407299405,3785.3774758238683,-5107.807295300818,-1.9346551178485494,-5.321887548874636,-5.062729076723958,56653U
2025-06-29T09:32:12.557284,2748.6935854868257,3458.3056373379372,-5400.562254880751,-2.1321472302824054,-5.576463257534847,-4.692434620559178,56653U
2025-06-29T09:33:12.557284,2615.066707003977,3116.6677449631566,-5670.509158428678,-2.3204393445822054,-5.807274715031401,-4.30275506191189,56653U
